Time 5483220 ns: ack for producer08000000b's req!
Time 5483250 ns: producer08000000b is sending data!
data[0         : 31        ]: -0.02650510.0259713 -0.005544070.008794778.89331e-05-0.0203492-0.036291 0.0239279 -0.02160520.0404074 0.0928041 0.0365979 0.066658  0.131129  0.0314684 0.0607725 0.112164  0.0577561 0.0301448 0.0456994 0.00340682-0.00532490.0227135 -0.02091770.006519280.0175772 -0.00968772-0.235894 -0.051467 0.0618245 -0.277839 -0.191153 
data[32        : 63        ]: 0.0280912 0.022681  0.11644   0.173871  -0.263778 -0.242948 -0.110725 -0.0180961-0.063722 0.196477  -0.245849 -0.112017 -0.121676 0.166898  0.285055  0.725672  0.0912041 0.277413  0.31784   -0.146728 -0.00655370.0732323 -0.181723 0.0762818 0.0490255 0.16055   0.0174412 0.173197  0.32199   0.196267  0.42129   -0.238566 
data[64        : 95        ]: -0.410546 -0.377012 -0.0469956-0.0857666-0.0758253-0.0634662-0.0476554-0.01999560.17821   0.0110849 -0.2372   0.0565333 0.0517185 -0.08657350.342969  -0.103323 -0.117392 0.311095  -0.331997 -0.134085 0.326576  -0.332218 -0.113071 0.163031  -0.136622 -0.177442 0.004598490.0148744 -0.0239827-0.004515810.00141618-0.0103922
data[96        : 127       ]: -0.01702730.00942591-0.01403190.0264334 0.0487229 0.0181102 0.0325598 0.0526691 0.0296836 0.0216685 0.0558494 0.0720918 0.209397  -0.174035 0.128988  0.1326    -0.446012 -0.141384 0.385406  0.0607295 0.0215423 0.331955  0.274281  0.385799  0.204265  0.41424   0.238993  0.26544   0.381942  0.284378  0.159407  0.0793771 
data[128       : 159       ]: -0.05995560.199228  0.316417  0.371841  0.174892  0.259398  0.0090023 0.168783  0.302498  0.102392  0.145287  0.262571  0.167712  0.147403  0.258324  0.108     0.0601927 0.0596124 0.002026610.008962710.0484962 -0.01906750.0443992 0.0204499 -0.0571536-0.06754410.0310347 -0.01050470.006553060.005887130.007040320.0560369 
data[160       : 191       ]: 0.0968941 0.0527802 -0.01135930.0217422 0.0249348 -0.0256247-0.002770170.000561755-0.0159377-0.01681330.0180975 0.268047  0.0618537 0.170821  0.0810014 -0.01957  -0.0710442-0.02411760.074519  -0.05598  0.0207253 0.0194582 0.129405  -0.03370120.0558046 0.11658   -0.035972 0.0348374 0.0820468 0.0230221 0.369456  0.469092  
data[192       : 223       ]: -0.01877630.138374  0.448439  0.0531548 0.187321  0.401097  0.305464  0.0839592 0.133689  0.0786466 0.016667  -0.12006  0.0973859 0.195221  0.0528279 0.00179788-0.01789110.00300717-0.002824840.00285362-0.0158737-0.00365435-3.52495e-060.005200490.281963  -0.08566980.0368666 0.141699  -0.07509420.0477374 0.14043   0.0396954 
data[224       : 255       ]: 0.0618942 0.00140775-0.0108506-0.0180552-0.01414930.009877490.014128  0.0163539 0.0506078 0.0294759 0.0967309 0.484967  0.331971  0.200883  0.218383  0.0764725 -0.135817 0.155245  0.118956  0.147523  0.313343  0.236775  0.144251  0.0590937 0.0520693 0.100488  0.238282  -0.11579  -0.568352 -0.837027 -0.450716 -0.255428 
data[256       : 287       ]: -0.822095 -0.236939 -0.0207612-0.527821 -0.09763020.0666661 0.089817  0.0658645 0.0678425 0.122035  0.0429872 0.0433131 0.117245  0.0476811 -0.320237 -0.520398 -0.691214 -0.351215 -0.584468 -0.352217 -0.117079 -0.321455 -0.26948  0.1162    0.229755  0.277682  0.165816  0.126207  0.193712  0.0322838 0.162141  0.192861  
data[288       : 319       ]: -0.0623637-0.138297 -0.0385717-0.0573894-0.136605 -0.0255168-0.0752445-0.231543 -0.0322676-0.0450039-0.0749262-0.0458582-0.0797162-0.0716192-0.0320004-0.0634473-0.0682996-0.0654035-0.0907905-0.0348236-0.0406283-0.0978359-0.0694432-0.0910669-0.0710261-0.0296799-0.0452075-5.32018  -5.34388  -4.24238  -5.60881  -6.29963  
data[320       : 351       ]: -5.2198   -6.12049  -6.98417  -5.56685  -1.80596  -2.78802  -1.78276  -2.15781  -3.45053  -2.05773  -2.04284  -3.87499  -2.42965  -2.9491   -2.76072  -1.80683  -2.56258  -3.04733  -2.04034  -3.33414  -3.17343  -2.45496  -4.97797  -4.48298  -4.51369  -5.45063  -5.50582  -5.32499  -5.79664  -5.58555  -5.66477  -2.48238  
data[352       : 383       ]: -1.80736  -1.94317  -1.90124  -1.83014  -1.75881  -2.76288  -2.51477  -2.44034  -3.4647   -3.29305  -3.2821   -3.4913   -3.70999  -3.57275  -4.29724  -3.46063  -4.2323   -4.94697  -2.23638  -3.00446  -6.35493  -3.50308  -4.49372  -5.68578  -3.60629  -4.74341  -0.115036 -0.0328215-0.0385006-0.125275 -0.0499461-0.0876577
data[384       : 415       ]: -0.123796 -0.0292424-0.0521576-0.106535 -0.0284897-0.0463975-0.0862453-0.0275898-0.0626078-0.0797907-0.0434276-0.052351 -5.40108  -3.59217  -3.2165   -5.81142  -3.79657  -4.21735  -5.8464   -4.79271  -5.28148  -2.42642  -1.12041  -1.78697  -2.76718  -1.23898  -2.52255  -2.38444  -1.6006   -2.45669  -3.50062  -2.93996  
data[416       : 447       ]: -2.26393  -3.27207  -2.65823  -2.62822  -4.05047  -3.41052  -3.30874  -0.761568 -0.133251 -0.242579 -1.02445  -0.275567 -0.427158 -0.782385 -0.23351  -0.319629 -0.102201 -1.16776  -0.334945 -0.141842 -1.25078  -0.434466 -0.180138 -1.144    -0.316949 -0.187927 -0.689338 -0.218566 -0.52271  -1.10216  -0.545628 -0.218423 
data[448       : 479       ]: -0.875997 -0.213131 -0.0216802-0.0153025-0.0105955-0.0423388-0.0281125-0.0362362-0.019655 -0.006959950.00426933-1.33243  -0.950058 -1.53537  -1.28938  -1.09157  -1.71562  -1.25043  -1.4892   -1.84365  -0.105169 -0.113807 -0.0467377-0.185248 -0.142905 -0.0904983-0.115701 -0.0933786-0.061354 -1.59585  -1.6221   -0.969536 
data[480       : 511       ]: -2.47605  -2.30073  -1.33645  -1.80579  -2.22393  -1.56239  -4.63267  -2.8633   -3.32369  -5.42142  -3.97166  -4.56096  -5.01098  -4.17878  -4.34581  -0.0104645-0.0112472-0.0132292-0.0196613-0.00720355-0.0125208-0.0318845-0.00872369-0.0171563-1.47746  -1.15383  -1.9061   -1.47238  -1.55196  -2.01851  -1.63713  -1.76231  
data[512       : 543       ]: -2.30067  -0.0440226-0.114248 -0.0192742-0.0482504-0.118968 -0.037766 -0.0441984-0.108584 -0.0198073-2.55969  -1.53787  -2.31696  -3.47008  -2.06753  -2.76267  -3.27985  -2.26584  -2.92418  -8.54029  -8.92141  -7.34111  -10.0481  -10.2919  -8.97137  -10.9462  -10.6679  -10.0952  -6.30471  -5.36503  -5.41978  -6.54988  
data[544       : 575       ]: -6.55046  -6.0739   -8.38558  -7.37565  -7.11169  -0.0518772-0.00459922-0.0301009-0.0827514-0.00690549-0.0254404-0.119998 -0.00893662-0.0445479-3.04235  -2.24839  -3.36991  -3.11108  -2.026    -3.30677  -4.44648  -3.30768  -3.78696  -0.294158 -0.331744 -0.271501 -0.351239 -0.357365 -0.405078 -0.291143 -0.37979  -0.368694 
data[576       : 607       ]: 0.00425409-0.00588132-0.003115380.000902496-0.00425930.000177503-0.0352089-0.0166076-0.00477596-0.02306350.00204495-0.00289273-0.0284155-0.0004679710.000816171-0.0188749-0.00647158-0.00374794-0.000209551-0.00407276-0.00753323-0.0251378-0.0186786-0.0314706-0.0209511-0.00865781-0.00730599-0.0982837-0.232454 -0.18007  -0.453904 -0.647049 
data[608       : 639       ]: -0.666014 -0.604391 -0.865847 -0.991883 -0.0823081-0.0988974-0.120114 -0.276456 -0.338222 -0.379092 -0.365686 -0.360008 -0.395334 -0.0471619-0.0615388-0.0786445-0.302326 -0.289104 -0.131716 -0.467468 -0.451074 -0.486305 -0.162139 -0.172869 -0.242072 -0.48283  -0.623065 -0.720873 -0.55354  -0.673387 -0.870974 -0.0152962
data[640       : 671       ]: -0.0801712-0.0849069-0.0660539-0.10858  -0.122745 -0.210976 -0.309086 -0.376643 -0.0928757-0.15011  -0.146021 -0.259325 -0.408958 -0.439561 -0.356403 -0.493699 -0.62154  -0.0443075-0.182209 -0.204507 -0.326509 -0.625729 -0.760206 -0.249427 -0.502315 -0.675203 -0.005157210.000433433-0.00518068-0.0149949-0.00961616-0.0131443
data[672       : 703       ]: -0.01014820.000268726-0.00504207-0.018034 -0.00197899-0.00508057-0.0143426-0.007834870.00378051-0.017638 -0.00887937-0.0222037-0.0975793-0.0826676-0.172683 -0.20298  -0.343429 -0.389176 -0.348397 -0.592805 -0.81984  -0.0797196-0.0647543-0.0952075-0.20587  -0.206163 -0.315948 -0.202822 -0.276578 -0.280094 -0.0463713-0.0669712
data[704       : 735       ]: -0.103835 -0.165095 -0.139841 -0.235235 -0.283976 -0.409825 -0.489507 -0.0441861-0.0186889-0.0745271-0.0953619-0.0812349-0.125274 -0.0653132-0.0276224-0.070617 -0.03105  -0.0111603-0.00643994-0.0478205-0.0292049-0.0225437-0.0775239-0.0253219-0.0173779-0.0826941-0.06961  -0.0397039-0.184015 -0.208092 -0.118989 -0.0792974
data[736       : 767       ]: -0.0652036-0.0382684-0.0260456-0.00520021-0.00378973-0.0762966-0.0433806-0.0328292-0.01644770.000898985-0.00144269-0.0256137-0.123667 -0.0307435-0.226393 -0.403574 -0.201472 -0.195684 -0.332788 -0.185296 -0.0262586-0.0358252-0.00902066-0.0771333-0.108313 -0.0643851-0.0298363-0.0364119-0.0139426-0.0983066-0.147203 -0.103262 
data[768       : 799       ]: -0.314035 -0.463233 -0.376301 -0.229862 -0.293516 -0.250174 -0.0693205-0.149494 -0.222716 -0.300214 -0.461325 -0.62722  -0.418383 -0.493371 -0.620691 -0.00103053-0.000765884-0.000566808-0.0059044-0.002132780.0071172 -0.00160054-0.00232257-0.000401868-0.0479385-0.0670157-0.0637283-0.0838106-0.150579 -0.107499 -0.130029 -0.227718 
data[800       : 831       ]: -0.163972 -0.0142855-0.00499015-0.000145518-0.0186379-0.00292527-0.00430808-0.00694963-0.003695 -0.004311 -0.0868684-0.114883 -0.125435 -0.333471 -0.379152 -0.361667 -0.363089 -0.436144 -0.455225 -0.195446 -0.407212 -0.36     -0.853996 -1.11275  -1.18925  -1.17203  -1.48278  -1.63518  -0.0916438-0.170913 -0.224472 -0.384217 
data[832       : 863       ]: -0.510056 -0.633229 -0.569214 -0.902075 -1.21104  -0.00824303-5.93427e-05-0.0102186-0.0209669-0.001527810.0036863 -0.02716060.00086188-0.00676451-0.0238701-0.0564228-0.0685161-0.0616242-0.166776 -0.216287 -0.195814 -0.420268 -0.522812 -0.0388948-0.0287692-0.0378027-0.0993012-0.100356 -0.0349848-0.130734 -0.1252   -0.0673629
data[864       : 895       ]: 0.184235  0.205964  0.248792  0.217592  0.223247  0.211511  0.177866  0.241703  0.21996   0.109068  0.148799  0.148353  0.0963067 0.142662  0.141132  0.073026  0.134096  0.113035  0.0162384 0.0338351 0.0271501 0.0241744 0.0683558 0.0369742 0.0592375 0.0823285 0.0882637 18.3936   19.1283   19.0425   18.1044   18.9396   
data[896       : 927       ]: 18.8105   17.7135   18.4415   18.0889   7.92751   8.80341   8.4957    7.50196   8.34101   8.05377   7.48623   8.27275   7.91479   7.35473   8.11873   8.50439   7.2236    7.98927   8.31629   7.27232   7.89844   8.16295   16.9007   17.8473   17.7297   16.514    17.4717   17.2516   16.2827   17.153    16.7054   8.55835   
data[928       : 959       ]: 8.70658   8.72972   8.38229   8.572     8.47978   7.90775   8.07356   7.89589   11.8521   12.1944   12.3731   11.4929   11.8492   11.9375   11.271    11.5677   11.5298   11.7662   11.8015   11.7626   11.6437   11.5163   11.9225   11.55     11.367    11.7409   0.101138  0.11795   0.105883  0.117363  0.139659  0.170237  
data[960       : 991       ]: 0.0997935 0.119523  0.149457  0.250091  0.207825  0.211493  0.259476  0.245331  0.266303  0.241918  0.226281  0.224415  13.7998   14.5085   14.9324   13.6933   14.4363   14.9767   13.4477   14.027    14.4126   5.14515   5.88685   6.20205   5.01718   5.74431   6.09116   4.86815   5.61052   5.82767   10.5922   11.0376   
data[992       : 1023      ]: 11.1933   10.1974   10.7313   10.7862   9.92836   10.4034   10.3969   0.798581  0.900426  1.07151   0.827408  0.929459  1.03111   0.715413  0.821565  0.926472  0.940897  1.20297   1.2271    0.946048  1.2549    1.1608    1.02966   1.27935   1.16489   0.77865   0.863697  0.950333  0.826181  0.942252  1.02931   0.892611  
data[1024      : 1055      ]: 1.04741   1.08798   0.009124040.009781330.00715581-0.02722520.0170326 0.001287140.020214  0.033294  0.0348684 5.16688   4.65207   4.50777   5.01882   4.51103   4.496     4.87101   4.47341   4.44588   0.0963235 0.127431  0.156934  0.0963071 0.14336   0.205491  0.065538  0.146061  0.225767  5.11763   5.03787   4.93572   
data[1056      : 1087      ]: 4.94498   4.9924    4.95765   5.04765   5.08101   5.07226   11.1056   12.2353   12.4243   11.0173   12.0412   12.318    10.7862   11.8245   12.0464   0.0755924 0.0245923 0.0350582 0.060314  0.0240022 0.0196017 0.0555744 0.0269236 0.0218735 4.59499   4.54563   4.72141   4.58792   4.63912   4.94039   4.53266   4.59116   
data[1088      : 1119      ]: 4.71065   0.12314   0.173709  0.173316  0.116982  0.171531  0.168379  0.112593  0.186627  0.196847  7.07162   7.96841   7.87138   7.10011   7.7279    7.78876   7.14827   7.74359   7.69225   29.6158   31.084    31.1997   28.9755   30.4924   30.3746   28.4674   29.8822   29.4618   20.4969   21.7813   22.4834   19.9137   
data[1120      : 1151      ]: 21.2264   21.5158   19.6552   20.7446   20.8247   0.0993164 0.121934  0.117412  0.0850061 0.119858  0.102109  0.0629785 0.118463  0.0913489 10.0515   10.6757   10.8703   9.73825   10.2629   10.2771   9.45361   9.73736   9.7093    1.34297   1.18291   1.21485   1.3343    1.28544   1.23175   1.22543   1.13593   1.11283   
data[1152      : 1183      ]: 0.0116047 -0.00118378-0.029168 -0.01609520.0457707 -0.0184048-0.01217050.0139007 -0.01647350.002588630.001822440.0146391 0.0157831 0.0211044 -0.007738050.0566846 -0.0171695-0.00170234-0.01391020.000120409-0.02604590.00737862-0.00137432-0.03711210.00633649-0.00172094-0.0001647521.42444   1.90848   0.195993  1.06685   1.26957   
data[1184      : 1215      ]: -0.42638  0.358748  0.159622  -1.32702  0.547405  0.546498  -0.477649 0.171351  0.144858  -0.80171  -0.331034 -0.426912 -1.3075   0.858707  0.827271  0.002332480.499767  0.468245  -0.196662 -0.100872 0.263037  -0.589808 1.36007   1.6276    0.348963  0.964178  0.928209  -0.493754 0.160357  -0.222893 -1.31349  0.720858  
data[1216      : 1247      ]: 0.977203  0.43671   0.647789  0.64311   0.127991  0.158076  0.295766  -0.497804 1.21689   1.29778   0.727786  0.694817  0.905892  0.204123  0.212648  0.34821   -0.487665 0.905225  1.23046   0.998699  0.318538  0.803616  0.288654  -0.01802410.0968057 -0.120962 -0.0024484-0.0462774-0.00722031-0.0156391-0.02301480.00169658
data[1248      : 1279      ]: 0.00219037-0.02035910.0189134 0.0662727 0.0784067 0.0431625 0.0818981 0.0117863 0.100861  0.0811905 0.0488997 0.0461658 1.59638   1.99702   1.61164   1.19348   1.36322   0.974421  0.661378  0.564515  -0.254166 0.299592  0.449924  0.112459  0.249115  0.0189242 -0.008092330.160503  -0.2466   -0.193703 1.20461   1.18678   
data[1280      : 1311      ]: 0.787045  0.821802  0.672907  0.16929   0.232933  -0.0390591-0.565427 0.0350274 -0.007897940.066134  0.0687569 -0.04815120.0392551 0.0391865 -0.02699410.0610308 0.194441  0.352304  0.0893199 0.159912  0.325252  0.0363598 0.190635  0.312459  0.0191531 -0.212858 -0.11616  -0.191668 -0.167734 -0.109683 -0.177116 -0.0466111
data[1312      : 1343      ]: 0.0255486 -0.0727714-0.0393605-0.0601826-0.0549005-0.0302762-0.0373393-0.06670770.00898912-0.0203011-0.01135710.332394  0.403984  0.009812820.328943  0.157717  -0.326751 0.0339577 -0.112171 -0.407952 -0.0162388-0.00539123-0.03833520.0473345 -0.034084 -0.02006410.007949690.0655895 -0.023516 0.41709   0.611372  0.134475  
data[1344      : 1375      ]: 0.366722  0.429842  -0.247666 0.157437  0.247232  -0.343672 0.643954  1.11504   0.457465  0.209754  0.720778  0.171517  -0.139972 0.0416657 -0.348681 0.0002064510.0175321 0.0227305 0.006157440.004508850.001885480.0189233 1.69504e-050.0169478 0.75282   0.857025  0.369378  0.607678  0.919383  0.510281  0.339081  0.619216  
data[1376      : 1407      ]: 0.110646  0.0345303 0.029208  0.0215289 0.011973  0.0751101 -0.03567540.034056  0.0385076 0.0102686 0.434685  0.401172  -0.07157430.114742  0.0478237 -0.417012 -0.42862  -0.493971 -0.711022 2.76594   2.74583   0.478544  1.74061   1.74733   -0.508064 0.40404   0.443476  -2.09264  1.66455   2.37491   1.13773   0.889647  
data[1408      : 1439      ]: 1.67395   0.321875  -0.01068860.696269  -1.22321  0.0070511 -0.00931589-0.018166 0.00705082-0.02539990.009381610.00863924-0.0721288-0.007804840.910479  1.35006   0.967314  0.654228  1.04848   0.294267  0.269907  0.335611  -0.02678860.0749453 -0.0675788-0.131341 0.0224643 -0.0447231-0.175405 0.0668742 -0.000951938-0.163721 
data[1440      : 1471      ]: 0         0         0         0         0         0         0         0         0         0         0         0         0         0         0         0         0         0         0         0         0         0         0         0         0         0         0         0         0.002852580.006402840         0.00344905
data[1472      : 1503      ]: 0.005349350         0         0         0         0.001421580.003189570         0         0.004417260         0         0         0         0.002542420.0002739080         0.002404090.004052180         0         0         0         0.004643010.007130380         0.001840970.003215530         0         0         0         
data[1504      : 1535      ]: 0.0001303060.002435570         0.0009978060         0         0         0         0         0.003957360.001292280         0.001486550.005860290         0         0         0         0         0.002447610         0         0         0         0         0         0         0         0         0         0         0         
data[1536      : 1567      ]: 0         0         0         0         0         0         0         0         0         0         0         0         0         0.000553710.0042191 0         0.002304890.002857850         0         0         0         0         0.001536840         0         0.001576720         0         0         0         0.000964445
data[1568      : 1599      ]: 0.0006891590         0.0005276230.0009047470         0         0         0         0         0         0         0         0         0         0         0         0         0         0         0         0         0         0         0         0         0         0         0         0         0         0.0003189320         
data[1600      : 1631      ]: 0         0         0         0         0         0         0         0         0         0         0         0         0.001140280.003346090         0.002368350         0         0         0         0         0         0         0         0         0         0         0         0         0         0.001152690.0010491 
data[1632      : 1663      ]: 0         0         0         0         0         0         0         0         0.003999370         0         0         0         0         0         0         6.14536e-050         0         0         0         0         0         0         0         0.002723770         0         0         0.001022260         0         
data[1664      : 1695      ]: 0         0         0         0         0         0         0         0         0         0         0         0         0.001562680         0         0.0006830130         0         0         0         0.003584630.008103720         0.004675370.003617860         0         0         0         0.002803790.005562430         
data[1696      : 1727      ]: 0.001123220.006223750         0         0         0         0         0         0         0         0         0         0         0         0         0.002991910.004033990         0.002597730.002009910         0         0         0         5.90711e-050         0         0         0.0007735640         0         0         
data[1728      : 1759      ]: 0.0147999 0.0927547 0.0920565 0.0401738 0.106898  0.109017  0.058539  0.134361  0.135155  0.055638  0.119367  0.170883  0.0956259 0.160537  0.204354  0.08255   0.172379  0.201767  0.0746988 0.0788598 0.0960147 0.0709446 0.0956338 0.106286  0.0606335 0.0410465 0.0786087 7.32363   8.72228   7.84912   8.68252   10.1863   
data[1760      : 1791      ]: 9.11426   9.17672   10.6747   9.9687    2.52996   3.10352   3.08104   3.05515   3.65309   3.80968   3.3871    3.88282   4.16813   3.18067   4.02948   4.13434   3.92306   4.76862   5.0104    4.20195   4.99751   5.23125   6.58115   7.835     7.25245   7.81498   9.22884   8.59366   8.11295   9.48896   8.92356   2.73015   
data[1792      : 1823      ]: 3.17478   2.82485   3.02411   3.48222   2.98594   3.57951   4.25043   3.91528   4.56276   5.10639   4.44804   5.48692   5.93819   5.46148   5.71542   6.2942    5.89865   5.1677    6.47297   5.85206   5.95272   7.17941   6.81806   5.91479   7.30056   6.7244    0.12684   0.19801   0.217127  0.161085  0.212362  0.225282  
data[1824      : 1855      ]: 0.143184  0.181167  0.201598  0.0895238 0.152445  0.175964  0.105745  0.19599   0.170388  0.128419  0.227139  0.181589  5.11137   6.64078   6.38635   5.87573   7.8928    7.60987   6.48804   8.40254   8.1237    2.3867    3.02041   3.27506   2.86641   3.59235   3.83605   2.71341   3.58053   3.76773   3.71915   4.62523   
data[1856      : 1887      ]: 4.43433   4.33399   5.32885   5.18251   5.06718   6.10357   6.04034   0.578629  0.931876  1.02084   0.656697  1.02251   1.13318   0.552206  0.975064  1.06705   0.179178  0.228844  0.438795  0.313885  0.382123  0.617256  0.26988   0.311971  0.552439  0.586012  0.665124  0.900082  0.701775  0.828362  1.02626   0.413898  
data[1888      : 1919      ]: 0.450291  0.615537  0.0949011 0.116493  0.134207  0.123122  0.147443  0.145495  0.0550367 0.0477333 0.0468748 2.65687   2.75023   1.86495   2.93742   3.07208   2.06872   3.01696   3.03997   2.07278   0.0778412 0.190825  0.259695  0.108734  0.200966  0.282399  0.0683419 0.116413  0.176981  2.38547   3.10332   3.00828   
data[1920      : 1951      ]: 2.73229   3.48487   3.30049   2.39028   3.13326   3.05468   4.71515   6.03774   6.07945   5.28314   6.57527   6.75404   5.55528   6.75274   6.96983   0.038578  0.0505241 0.0259978 0.0449401 0.0581573 0.0346228 0.0645999 0.0699606 0.034131  1.82967   1.80984   1.60291   2.14736   2.26098   2.06521   2.2989    2.45602   
data[1952      : 1983      ]: 2.29226   0.004480360.0175372 0.0785474 0.0513638 0.0550953 0.133035  0.0422919 0.0671751 0.11151   3.49346   3.97221   3.88      3.93427   4.49093   4.44469   4.04664   4.52878   4.43819   12.3525   14.782    13.3708   14.6874   17.1999   15.7579   15.308    17.7026   16.688    6.83605   8.64124   8.11187   8.31933   
data[1984      : 2015      ]: 10.2842   9.82001   9.05111   11.0216   10.8281   0.0887046 0.133504  0.164636  0.101334  0.138573  0.159019  0.14281   0.162266  0.181675  2.82313   3.58225   3.18692   3.57905   4.44472   3.79001   4.01898   4.85685   4.20823   0.919169  1.00139   0.710887  1.09195   1.13127   0.852766  1.01843   1.10462   0.771456  
data[2016      : 2047      ]: 0.0454513 0.0565295 0.0188733 0.0509328 0.0738294 0.017523  0.0423175 0.0107589 -0.05648670.0755277 0.004404610.0673378 0.0577686 0.0002827230.0231405 0.0294878 -0.008367680.0414546 -0.0101897-0.0810547-0.0710088-0.0219204-0.0718055-0.05766420.0637928 0.0108987 0.0431812 3.19675   2.30208   0.117416  0.94653   -0.184144 
data[2048      : 2079      ]: -2.48035  -0.511529 -1.50693  -3.83858  1.01603   0.312496  -0.580615 0.017862  -0.900227 -1.80671  -0.309481 -1.0155   -1.8826   1.4487    0.993323  -0.244317 0.504301  -0.163666 -1.08418  -0.104382 -0.653652 -1.60887  2.60449   1.37928   -0.01651980.405395  -0.993173 -2.73845  -0.484168 -2.01032  -3.7059   1.56011   
data[2080      : 2111      ]: 1.29279   0.760312  0.736121  0.0456141 -0.586217 -0.472523 -0.91314  -1.81611  1.53372   1.18792   -0.03564330.0540557 -0.537299 -1.62483  -0.632618 -0.755479 -2.1445   0.980713  1.23235   -0.488114 -0.55171  -0.512112 -1.91049  -0.493127 -0.381322 -1.93846  0.0458334 0.0124517 -0.01983570.0292822 0.0273024 0.00989833
data[2112      : 2143      ]: 0.0774431 0.0538077 0.01919   0.0154721 0.057104  0.0920672 0.039716  0.0429233 0.0267949 0.0287145 0.0546221 0.0304029 2.49824   2.87744   0.719386  1.20076   0.706366  -0.778545 0.0245835 -0.17908  -2.51707  1.22325   0.585194  0.224397  0.354175  0.000976451-0.660439 0.396091  -0.313431 -0.778322 2.56603   2.00623   
data[2144      : 2175      ]: 1.1786    0.99469   0.811053  -0.339523 -0.332237 -0.701845 -1.7048   0.118011  0.0548066 -0.04986370.0247553 -0.188577 -0.211452 0.202608  0.0416973 0.0835354 0.133415  0.207897  0.271412  0.132239  0.0344689 0.260848  0.13417   0.244366  0.175497  -0.458576 -0.459992 -0.552029 -0.582693 -0.568615 -0.729549 -0.0177207
data[2176      : 2207      ]: 0.0441302 -0.0626672-0.121604 -0.182599 -0.107782 -0.142167 -0.189811 -0.120219 -0.0268396-0.0695338-0.0366232-0.0752588-0.216279 -0.333269 -0.788277 -0.855136 -1.07491  -0.888502 -0.974369 -1.17866  -0.156255 -0.102583 -0.189736 -0.185201 -0.177074 -0.24086  0.057011  0.0716548 -0.05135620.282379  0.231841  -0.731515 
data[2208      : 2239      ]: -0.406225 -0.418085 -1.48077  -0.081931 -0.261034 -1.17189  2.33385   1.90715   0.168516  0.495602  0.0770447 -1.50913  -0.195336 -0.578484 -2.01911  -0.004099720.0134229 0.0153833 -0.009771530.008197170.0184033 -0.004494930.007550910.003398130.474946  0.750628  0.234611  -0.004617850.080467  -0.224705 -0.332299 -0.226092 
data[2240      : 2271      ]: -0.78539  -0.00291168-0.0156696-0.0246562-0.0413401-0.0155532-0.05076030.0182811 0.0352316 0.0389788 1.17944   0.285159  -0.680893 -0.017957 -0.581962 -1.67662  -0.306328 -1.14097  -1.94674  5.09991   3.42358   0.318704  1.27059   -0.562846 -3.63779  -0.844588 -2.27584  -5.55741  3.964     3.79385   0.925941  1.92787   
data[2272      : 2303      ]: 1.21016   -1.80879  -0.38631  -0.97631  -4.07575  0.0924302 0.008736350.0959478 0.123061  0.0391067 0.069168  0.0840364 0.0101596 0.058623  1.89418   1.65106   0.73726   0.505987  0.330734  -0.997234 -0.271212 -0.803671 -2.21813  -0.085552 -0.400623 -0.323027 -0.256338 -0.39192  -0.456577 -0.222521 -0.58946  -0.43546  
Time 5483980 ns: producer08000000b finish sending data!
