Time 5483220 ns: ack for producer080000009's req!
Time 5483250 ns: producer080000009 is sending data!
data[0         : 31        ]: -0.00890888-0.0246239-0.069295 0.0185683 -0.0135336-0.03285360.0250684 -0.0267909-0.0228645-0.0764377-0.0966769-0.0494115-0.0940478-0.0777017-0.0674231-0.0383853-0.0770141-0.04236650.0194227 -0.02385970.0257286 0.0218601 -0.01173410.00829113-0.0213902-0.0160148-0.0326552-1.38921  -3.25264  -4.3669   -0.443097 -2.90473  
data[32        : 63        ]: -3.97851  -0.657348 -2.52102  -3.77144  -0.380577 -1.49261  -2.34534  -0.23544  -1.12307  -1.93956  -0.255143 -1.25629  -2.1669   -0.438826 -1.74946  -2.05521  -0.323221 -1.49823  -2.0562   -0.498089 -1.76252  -2.06967  -0.77776  -2.69694  -3.98485  -0.43349  -2.31139  -3.66998  -0.669321 -2.50369  -3.77927  -0.519834 
data[64        : 95        ]: -1.35355  -1.90764  -0.334156 -1.27309  -1.70015  -0.340372 -1.02779  -1.46803  -0.817724 -1.74377  -2.53336  -0.426651 -1.61083  -2.27299  -0.34728  -1.68225  -2.16402  -0.512382 -1.71018  -2.13964  -0.0106458-1.31166  -1.41954  -0.271689 -1.67528  -1.47576  -0.00911648-0.026924 -0.0276112-0.0277142-0.05335850.0190764 
data[96        : 127       ]: -0.0370303-0.0350054-0.00390293-0.152759 -0.181958 -0.0420117-0.149877 -0.150193 -0.00623943-0.150514 -0.147504 0.00466861-0.592694 -1.90734  -2.93921  -0.12762  -1.77847  -2.39036  -0.141857 -1.59815  -1.97212  -0.153088 -0.742509 -1.17025  0.123713  -0.635078 -0.983321 -0.0161924-0.594435 -0.830554 -0.651324 -1.64073  
data[128       : 159       ]: -2.30662  -0.468272 -1.45479  -2.24287  -0.438322 -1.21139  -1.63662  -0.167713 -0.22858  0.0388348 -0.078708 -0.235772 0.0638681 -0.120477 -0.235687 -0.009284830.0289665 -0.32498  -0.158879 -0.084299 -0.176329 -0.1608   -0.0628023-0.248119 -0.222583 -0.0810814-0.141562 -0.131159 0.0293461 -0.105447 -0.0534617-0.145604 
data[160       : 191       ]: -0.199169 -0.142493 -0.0845127-0.0679573-0.010388 -0.0573024-0.06266650.0022984 -0.0843857-0.0816519-0.0140633-0.90542  -1.78319  -1.23338  -0.744376 -1.45085  -0.961635 -0.810831 -1.5682   -1.03261  -0.0234684-0.0587524-0.099949 0.0161485 -0.0300795-0.03671940.0125919 -0.0534728-0.068256 -0.515182 -1.0609   -1.19499  
data[192       : 223       ]: -0.214049 -0.98391  -0.963863 -0.527651 -1.13143  -1.26968  -0.0913364-1.1777   -1.9717   0.160722  -0.842346 -1.87167  0.0118623 -0.957135 -1.78683  -0.0454215-0.04858520.0124178 -0.0421757-0.047172 0.00146898-0.027438 -0.04272790.00669088-0.37567  -1.02044  -1.01027  -0.361039 -0.929027 -0.803007 -0.243369 -0.766683 
data[224       : 255       ]: -0.668659 0.0296132 -0.00179409-0.006458430.0402152 0.0173899 -0.03479860.0179429 -0.00223625-0.00346648-0.20321  -1.15915  -1.6753   -0.307806 -1.03563  -1.46831  -0.457166 -1.05665  -1.47252  -1.78768  -5.13182  -6.6022   -0.93628  -4.63825  -5.91352  -0.999859 -4.52145  -5.58458  -0.370434 -2.56073  -4.80242  0.258562  
data[256       : 287       ]: -2.42833  -4.27884  0.305468  -2.12049  -3.76472  -0.0952936-0.0596015-0.0234954-0.0555074-0.0769495-0.0275591-0.0506719-0.0754362-0.00701457-0.323383 -1.3838   -2.24284  -0.213663 -1.16258  -1.83687  0.0178983 -1.15958  -1.8479   -0.490867 -0.735691 -0.393246 -0.333606 -0.598963 -0.315232 -0.558063 -0.647191 -0.423116 
data[288       : 319       ]: 0.103419  0.127341  0.137503  0.0947338 0.130311  0.140199  0.0955061 0.113792  0.109778  0.0831534 0.0892496 0.0999947 0.0850196 0.0921125 0.103435  0.0743118 0.0834861 0.0713644 0.0520251 0.0679079 0.0623618 0.0418384 0.0565853 0.0516887 0.0772163 0.06212   0.072514  10.456    9.86001   9.37003   10.275    9.66238   
data[320       : 351       ]: 9.26873   10.7067   9.95046   9.58469   5.02961   4.74531   4.49079   4.86052   4.64221   4.43547   5.04326   4.71153   4.45922   4.96288   4.63627   4.59496   4.9114    4.62214   4.61651   4.98387   4.71284   4.70893   9.99153   9.12355   8.67901   9.91055   9.07755   8.62472   10.3182   9.4941    8.91475   4.79578   
data[352       : 383       ]: 4.42716   4.37872   4.52969   4.27101   4.24607   4.59013   4.34083   4.23908   6.14274   5.80048   5.62829   5.825     5.608     5.68809   6.02215   5.67099   5.72734   5.5785    5.1366    5.48309   5.37218   5.1838    5.31519   5.3777    5.12202   5.28614   0.0872048 0.0555027 0.0655302 0.0915901 0.0653725 0.0726125 
data[384       : 415       ]: 0.0782359 0.0609382 0.0649551 0.113223  0.102769  0.106725  0.139919  0.15602   0.131752  0.120838  0.138151  0.112901  7.50615   6.97498   7.05151   7.27848   6.8994    6.96187   7.26563   7.00137   7.02833   3.34473   3.20913   3.29016   3.20587   3.09989   3.16435   3.27025   3.20948   3.23239   5.75035   5.39614   
data[416       : 447       ]: 5.14605   5.64243   5.40681   5.36446   5.52565   5.32508   5.3071    0.628558  0.50304   0.503519  0.538261  0.517869  0.507277  0.518984  0.382268  0.452562  0.152482  0.234798  0.27556   0.164482  0.263653  0.319162  0.252876  0.310971  0.328186  0.317864  0.377186  0.478074  0.287911  0.335036  0.4642    0.366133  
data[448       : 479       ]: 0.378407  0.428036  0.0611074 0.0316335 0.0321739 0.0854591 0.062012  0.0511922 0.0881093 0.0681625 0.0474062 2.11761   2.11723   2.26218   2.02873   2.13392   2.27996   2.1617    2.20099   2.33391   0.1389    0.158145  0.12813   0.112653  0.135092  0.0922217 0.140126  0.12778   0.080574  2.77607   2.70464   2.63635   
data[480       : 511       ]: 2.70583   2.72294   2.57679   2.85815   2.72589   2.61816   6.37665   5.88638   5.73554   6.14886   5.79514   5.65408   6.44954   6.06767   5.91199   0.025722  0.0296334 0.0355727 0.0308365 0.025647  0.0286489 0.0250462 0.0312188 0.0341246 1.68216   1.59414   1.86012   1.41319   1.46099   1.68346   1.47784   1.59714   
data[512       : 543       ]: 1.82035   0.0539908 0.0658625 0.0682976 0.0561135 0.0527696 0.0588982 0.057324  0.0331877 0.0287577 4.57175   4.31337   4.31577   4.45257   4.22296   4.23975   4.73208   4.51427   4.4064    16.4278   15.7574   15.3277   15.9546   15.3492   15.2737   16.4378   15.7997   15.6063   12.3601   11.6124   11.0244   12.0483   
data[544       : 575       ]: 11.3475   10.9342   11.9984   11.318    10.8927   0.114256  0.10674   0.117057  0.0924734 0.085615  0.112677  0.0805511 0.0907698 0.123606  5.66008   5.30926   5.00568   5.36413   5.24134   4.97347   5.12995   4.94662   4.56236   0.539509  0.555448  0.666106  0.564301  0.569685  0.623123  0.522995  0.54573   0.62572   
data[576       : 607       ]: 0.190892  0.108923  0.182669  0.148036  0.108399  0.180706  0.102161  0.0440679 0.124012  0.0402916 0.0996686 0.0577975 -0.005647740.101965  0.0441105 0.0263929 0.123332  0.0880528 0.0616345 0.133428  0.0802699 0.0565071 0.120723  0.0712784 0.0395462 0.0986358 0.0576011 8.92616   8.17681   7.83921   9.08709   8.12179   
data[608       : 639       ]: 8.00655   7.66621   6.99712   6.7439    3.90866   2.93085   3.32124   3.61734   2.84339   3.10905   2.88352   2.2784    2.6106    4.00339   3.7634    3.78873   4.12452   3.99816   3.8161    3.33776   3.43076   3.16307   8.1966    7.63765   6.99661   8.08185   7.64467   6.66229   6.72935   6.18206   5.5541    3.368     
data[640       : 671       ]: 3.41431   2.94931   3.65214   3.52324   3.15365   3.26899   3.19587   2.6515    5.10109   4.86819   4.49431   4.98315   4.94222   4.33543   4.21121   4.19571   3.6414    5.09595   6.04411   4.569     4.89239   5.77086   4.28638   4.04988   4.65663   3.54065   0.0307174 0.0873123 0.044034  0.0616683 0.0824109 0.0563883 
data[672       : 703       ]: 0.0387936 0.0934438 0.061903  0.0407416 0.115526  0.111512  0.0999013 0.157953  0.1273    0.0842739 0.151999  0.116493  6.8273    7.12353   6.08861   7.06051   7.3181    6.11818   5.84693   5.99623   5.27918   2.9298    3.44195   2.44697   2.69903   3.4461    2.57578   2.43931   2.74431   2.21785   4.65216   4.98979   
data[704       : 735       ]: 4.31368   4.76445   4.60532   4.17588   4.20589   4.03975   3.6199    0.413333  0.910643  0.594446  0.393726  0.853968  0.515247  0.338412  0.787594  0.480252  0.581223  0.397594  0.557509  0.59184   0.426362  0.657194  0.45816   0.327233  0.540838  0.538593  0.35347   0.620155  0.504153  0.420061  0.607439  0.384597  
data[736       : 767       ]: 0.316736  0.451089  0.0185118 0.04879   0.0146675 0.019595  0.0294652 0.0127535 -0.01038970.0169032 -0.0006027682.06532   1.85163   1.66016   2.01595   1.67821   1.70634   1.74736   1.36373   1.3462    0.188942  0.0859828 0.199275  0.219875  0.118203  0.228337  0.185451  0.101798  0.213112  2.5513    2.44583   2.50303   
data[768       : 799       ]: 2.60819   2.20438   2.47671   2.28644   1.91859   2.13104   5.50389   6.10032   4.96924   5.43029   5.95685   4.53687   4.52771   4.84746   3.7925    0.0317941 0.0456642 0.0327013 0.0114906 0.0314957 0.0263745 0.0335782 0.0423333 0.0105371 2.23484   2.28769   1.96581   2.3151    2.46157   2.11022   1.6414    1.89969   
data[800       : 831       ]: 1.65119   0.0396296 -0.001220260.0304567 0.0292141 0.0260843 0.02245   0.061786  0.004091420.0365557 3.69068   3.87472   3.29193   3.31107   3.70696   2.86997   2.86283   2.96833   2.37284   14.8802   14.3017   13.4197   14.897    14.0356   13.1427   12.6525   11.9669   11.2018   10.3747   10.0754   9.2566    10.2748   
data[832       : 863       ]: 10.0371   9.00158   8.88945   8.47375   7.804     0.0967827 0.14038   0.0926779 0.0627084 0.142322  0.0577746 0.0324911 0.126353  0.0696358 4.58555   4.61908   3.53661   4.58269   4.65824   3.77924   4.00275   4.04439   3.03233   0.52167   0.558272  0.537703  0.58808   0.55483   0.605891  0.536173  0.494151  0.54493   
data[864       : 895       ]: 0.0550061 0.0108416 0.015085  0.0510683 0.00354996-0.007420680.0251644 -0.013096 0.003268510.0578751 0.0055547 -0.01312360.0321233 -0.0121027-0.01102940.0140193 -0.00829593-0.03160860.005256560.00233793-0.001055030.0085486 0.0654119 0.001686090.0337259 0.0136158 0.006473971.73117   1.91806   2.42742   1.94554   1.85611   
data[896       : 927       ]: 2.5899    0.674571  1.00918   1.47119   0.937777  0.59997   1.02673   0.555494  0.539728  0.673588  0.49556   0.214015  0.517075  0.792424  1.26321   1.33673   0.878995  0.891435  1.18554   0.392518  0.64725   0.691737  1.59688   1.70723   2.22677   1.50598   1.59772   2.12277   0.961279  1.06224   0.9487    0.604038  
data[928       : 959       ]: 0.691586  0.944325  0.563042  0.89274   0.872498  0.637375  0.4419    0.458864  1.07625   1.26308   1.57359   0.801327  1.05873   1.31318   0.656151  0.567121  0.783318  1.05449   1.39135   1.29207   1.01025   1.29101   1.16288   0.532781  0.490716  0.927707  0.0283094 0.0430727 0.0204936 0.0429513 0.0271001 -0.0128099
data[960       : 991       ]: 0.015311  0.0209888 -0.01664970.0312642 0.0276233 0.0290155 -0.01107940.0545755 0.0353461 0.0240927 0.0564516 -0.01280841.36339   1.66659   2.03703   1.35835   1.87204   2.09043   0.588438  0.841262  1.08712   0.72541   0.798638  0.646459  0.730749  0.628194  0.715888  0.335923  0.456577  0.384158  0.979782  1.22294   
data[992       : 1023      ]: 1.41146   1.02093   1.10299   0.997531  0.526878  0.617405  0.561988  0.20357   0.149944  0.0636839 0.185628  0.0578204 0.0398125 0.0908011 0.0510085 0.0285222 0.226156  0.155294  0.0208522 0.185683  0.171121  0.0733266 0.188164  0.0795269 -0.08873990.131839  0.0799171 0.0260913 0.143043  0.113176  0.113276  0.0913966 
data[1024      : 1055      ]: 0.0661909 -0.070469 0.0180919 0.0342722 -0.005247480.006641340.020618  -0.01416840.0008455010.0178609 -0.01066960.401782  0.593964  0.628179  0.383953  0.396065  0.661274  0.220963  0.408005  0.408639  0.0208448 0.045972  0.0212452 0.0387484 0.047302  0.0402001 0.0440039 0.005880830.0218047 0.510428  0.479001  0.601925  
data[1056      : 1087      ]: 0.696148  0.606093  0.742642  0.215988  0.431669  0.333375  1.29172   1.1302    1.07959   1.14318   1.12553   1.2814    0.783715  0.601195  0.612437  0.00436244-0.00327486-0.0191919-0.004307030.00167299-0.0100519-0.001077960.00855827-0.009593420.64049   0.62884   0.618797  0.637987  0.948453  0.712271  0.410197  0.36253   
data[1088      : 1119      ]: 0.293817  0.0246887 0.0145602 -0.004259550.0470809 -0.00399842-0.01866730.0346837 0.00735402-0.01085490.695695  1.04464   1.17631   0.661568  0.789876  1.03153   0.392475  0.574153  0.704916  2.93816   3.40539   4.07739   2.88543   3.35379   3.80896   1.53361   1.54531   2.27328   1.79201   2.04066   2.74673   1.6781    
data[1120      : 1151      ]: 1.79951   2.71186   1.11865   1.11642   1.57326   0.0558782 0.0413731 7.24453e-050.0664295 0.0513294 0.0110317 0.0517274 -0.00641056-0.001691860.64956   0.893438  1.2797    0.969237  0.929822  1.17641   0.551656  0.761658  0.752167  0.199821  0.26829   0.233429  0.235407  0.352632  0.26798   0.105644  0.128548  0.182834  
data[1152      : 1183      ]: -0.0264607-0.0597801-0.0577708-0.027583 -0.0460077-0.118669 -0.0326733-0.0350382-0.08847370.00209811-0.0688522-0.0643635-0.00857765-0.0432821-0.0222377-0.00404599-0.056816 -0.04012690.00537232-0.0136635-0.03215470.00364917-0.0261971-0.018838 0.00509902-0.0305624-0.0120385-2.16314  -1.45472  -1.3336   -1.83512  -1.12805  
data[1184      : 1215      ]: -1.30491  -2.35616  -1.55868  -1.91846  -0.724177 -0.403119 -0.80625  -0.953017 -0.539896 -0.888249 -1.21413  -0.600416 -0.959972 -0.605759 -0.781574 -0.842455 -0.648316 -0.588069 -0.741681 -0.748269 -1.02127  -0.937241 -1.82555  -1.39162  -0.919379 -1.88239  -1.43525  -1.14314  -2.30375  -1.87074  -1.58108  -1.09913  
data[1216      : 1247      ]: -0.664435 -0.488886 -0.718147 -0.611041 -0.535272 -0.964551 -0.802652 -0.564648 -1.20302  -0.964071 -0.66735  -0.989801 -0.941766 -0.691987 -1.36267  -1.02467  -0.939434 -1.44966  -1.33919  -0.234988 -1.61027  -1.64608  -0.501155 -1.92421  -1.7732   -0.416877 -0.011245 -0.0331944-0.008869470.00224377-0.0403708-0.0113609
data[1248      : 1279      ]: -0.0333244-0.0598482-0.00667249-0.0146046-0.0623774-0.03499420.0121772 -0.048398 -0.0281852-0.014298 -0.0432143-0.0385096-1.57437  -1.57544  -0.72563  -1.69716  -1.73422  -0.58295  -1.89281  -1.71352  -0.999199 -0.536632 -1.03611  -0.411162 -0.592833 -1.03746  -0.437723 -0.671465 -1.00315  -0.500241 -1.26409  -1.15164  
data[1280      : 1311      ]: -0.679026 -1.09245  -1.25363  -0.843835 -1.34999  -1.5302   -0.957091 -0.105757 -0.436634 -0.104371 -0.0604611-0.455975 -0.0719711-0.078401 -0.436941 -0.0881392-0.0932058-0.089354 -0.466296 -0.0351471-0.148944 -0.437815 -0.0833417-0.172697 -0.507171 -0.0580028-0.105148 -0.261053 -0.0818636-0.112858 -0.234253 -0.0250837
data[1312      : 1343      ]: -0.109562 -0.275633 0.0047684 0.00939808-0.00237459-0.002635050.000437953-0.00563566-0.000530648-0.0210172-0.00805532-0.596817 -0.320578 -0.290737 -0.341093 -0.245459 -0.369459 -0.390972 -0.31293  -0.355566 -0.0146082-0.0401343-0.0680151-0.0237216-0.00736096-0.0913829-0.0219261-0.012792 -0.00276179-0.531789 -0.490993 -0.392679 
data[1344      : 1375      ]: -0.498792 -0.458752 -0.611416 -0.767467 -0.510222 -0.640797 -1.39823  -1.56207  -0.618422 -1.55697  -1.65119  -0.737811 -1.55037  -1.87291  -0.870188 -0.00282171-0.00237906-0.000619158-0.000989188-0.01131560.000249316-0.00253818-0.00017489-0.00137247-0.488682 -0.466351 -0.394649 -0.388391 -0.509671 -0.345492 -0.401679 -0.519807 
data[1376      : 1407      ]: -0.440318 -0.00651789-0.0361498-0.0259201-0.00376103-0.0157662-0.0681443-0.00693694-0.0188027-0.0304485-0.756301 -0.854874 -0.543649 -0.819565 -0.826646 -0.538545 -1.02357  -1.0878   -0.725854 -3.28033  -2.57485  -2.4977   -3.07579  -2.48006  -2.28359  -3.70356  -3.22788  -3.05169  -2.42229  -1.6965   -1.07668  -2.34226  
data[1408      : 1439      ]: -1.65941  -0.970371 -2.98452  -2.14091  -1.63663  -0.00852725-0.0646576-0.0496099-0.0126143-0.0604671-0.0351312-0.0141015-0.094664 -0.0410585-1.36142  -1.06674  -0.305785 -1.10786  -0.677977 -0.233786 -1.5335   -0.861985 -0.534559 -0.0842123-0.0440078-0.0942707-0.0655483-0.16106  -0.164374 -0.111393 -0.106769 -0.13671  
data[1440      : 1471      ]: 0.447274  0.485491  0.395624  0.508163  0.542881  0.457123  0.476182  0.505589  0.413367  0.295685  0.28019   0.359783  0.308703  0.256946  0.346708  0.330667  0.277197  0.35388   0.310292  0.297652  0.324812  0.27381   0.220424  0.297696  0.228369  0.229148  0.248901  38.6691   39.7148   38.242    39.9463   41.4625   
data[1472      : 1503      ]: 39.5353   38.7331   39.9905   38.1938   17.5637   18.111    17.4134   17.5999   18.0014   17.3719   17.0874   17.4043   16.4773   17.7219   17.8199   17.0217   18.5727   18.9885   18.1306   18.6078   18.3014   17.4611   36.1642   37.2193   36.6741   36.47     37.4658   37.0632   35.1227   35.9525   35.6567   16.0463   
data[1504      : 1535      ]: 16.529    16.0485   16.6249   17.3083   16.7697   15.6248   16.3146   15.8354   24.3129   25.0461   24.1126   24.8368   25.6932   24.9288   24.1915   24.5179   23.5795   25.2211   26.1078   25.3112   25.0795   26.0975   24.8614   23.8733   24.9798   24.1143   0.294398  0.27882   0.326502  0.295763  0.289945  0.331377  
data[1536      : 1567      ]: 0.30165   0.277083  0.312045  0.391808  0.350792  0.307328  0.45101   0.412316  0.354781  0.443413  0.388811  0.357922  29.2483   30.4663   29.3044   30.7493   31.9734   30.7413   30.0806   30.8116   29.6896   12.5895   12.7773   12.9003   12.7626   12.8327   12.8492   12.378    12.0479   12.5473   21.1963   21.4471   
data[1568      : 1599      ]: 21.1567   21.7715   22.3752   22.0046   20.9767   21.9091   21.2104   2.42172   2.21065   2.49932   2.30396   2.17873   2.38811   2.20902   2.06883   2.23451   2.38793   2.60578   2.55666   2.46022   2.6227    2.6478    2.40294   2.65561   2.57808   2.60499   2.6689    2.3742    2.34032   2.40598   2.14449   2.14014   
data[1600      : 1631      ]: 2.194     1.96656   0.188365  0.105106  0.117066  0.174312  0.0710359 0.0904581 0.122774  0.0687336 0.0803635 9.898     9.95955   9.14975   9.99034   9.97642   9.23229   9.60346   9.68222   9.03087   0.731457  0.723035  0.589886  0.664334  0.650097  0.491721  0.561159  0.561276  0.476485  11.5314   11.7214   10.664    
data[1632      : 1663      ]: 11.4459   11.7692   10.6776   10.8149   11.1923   10.2547   25.3914   26.1846   26.1658   25.5303   26.5575   26.1271   24.6075   25.3594   25.6525   0.112679  0.105511  0.0830494 0.116594  0.126449  0.0889951 0.11152   0.119305  0.0953267 9.9878    10.1773   9.53225   10.2861   10.3759   10.0489   9.96467   9.96408   
data[1664      : 1695      ]: 9.58852   0.296598  0.339358  0.321782  0.284634  0.314985  0.292788  0.249199  0.266335  0.249169  16.7545   17.0375   16.8621   17.0471   17.1331   16.5906   16.5885   16.4719   16.3441   63.6073   65.4893   63.1651   65.02     67.2001   64.646    63.059    65.3026   62.037    43.2931   45.4723   43.7336   45.1936   
data[1696      : 1727      ]: 47.194    45.6813   43.8202   45.6637   43.7444   0.292081  0.262741  0.325407  0.289871  0.257205  0.336005  0.283816  0.242255  0.316245  19.8973   20.9803   20.4918   21.1165   22.0619   21.596    20.4653   21.4801   20.8181   2.99547   2.61677   2.3009    3.08853   2.7306    2.44825   3.06443   2.7109    2.47479   
data[1728      : 1759      ]: -0.117592 -0.0828581-0.0482255-0.0974328-0.142162 -0.0757004-0.147956 -0.0956529-0.0569778-0.095856 -0.055535 -0.0274109-0.0695134-0.0181446-0.0221233-0.0796844-0.0370473-0.0176734-0.0752593-0.0322556-0.0314437-0.0388769-0.0392616-0.01376  -0.0548922-0.0420186-0.02513  -7.72114  -9.00023  -7.93691  -8.9517   -9.70879  
data[1760      : 1791      ]: -8.7475   -7.61174  -7.25222  -6.88763  -3.0126   -4.2851   -3.66471  -2.88024  -3.95333  -3.21754  -2.82081  -3.36112  -3.24922  -3.85778  -3.82811  -3.08271  -4.52472  -4.39323  -3.51004  -4.02316  -3.85197  -2.97416  -6.64325  -8.45611  -7.71076  -6.86028  -7.679    -7.08323  -6.44431  -6.39681  -6.04124  -3.08708  
data[1792      : 1823      ]: -3.35404  -3.89723  -3.10571  -3.88936  -4.21327  -2.74065  -3.14621  -3.01081  -4.65554  -5.74935  -5.55784  -4.64768  -5.51821  -5.13085  -4.39106  -4.02405  -4.97463  -4.55381  -5.13527  -4.67871  -4.90911  -5.36313  -4.59058  -4.14848  -4.8967   -4.05732  -0.0508272-0.0523124-0.0511699-0.0586662-0.0435891-0.0307804
data[1824      : 1855      ]: -0.0691646-0.0630328-0.0110779-0.128788 -0.0854644-0.059231 -0.148591 -0.119055 -0.0743838-0.141015 -0.0997827-0.0513125-5.76037  -6.27528  -6.08855  -6.56774  -6.41969  -6.64509  -5.71253  -6.33511  -4.885    -2.82711  -2.22843  -2.2417   -2.69225  -2.6658   -2.33564  -2.76237  -2.33615  -1.89285  -4.1775   -4.59707  
data[1856      : 1887      ]: -4.76843  -4.16167  -5.39199  -4.81781  -3.95059  -4.45822  -3.36253  -0.507157 -0.323958 -0.218928 -0.446804 -0.399599 -0.191362 -0.48161  -0.338356 -0.162219 -0.493801 -0.559146 -0.265212 -0.399631 -0.516109 -0.382317 -0.361099 -0.444291 -0.334512 -0.610353 -0.551946 -0.31373  -0.661778 -0.621097 -0.443847 -0.504126 
data[1888      : 1919      ]: -0.46473  -0.32619  -0.0413922-0.0174646-0.0207869-0.0125548-0.0326099-0.00661112-0.00815498-0.0130695-0.00580918-2.56874  -1.68218  -2.20089  -2.6156   -2.12785  -1.9117   -2.15804  -1.85527  -2.04172  -0.259336 -0.118976 -0.0627321-0.27062  -0.0956675-0.0520597-0.183285 -0.0970712-0.0426537-2.87652  -2.82611  -1.876    
data[1920      : 1951      ]: -2.91354  -2.38343  -1.90628  -2.53188  -2.23541  -2.09087  -5.11059  -5.42264  -5.17314  -5.61417  -6.40101  -4.39103  -4.68858  -4.46668  -3.75137  -0.0207445-0.0241268-0.0126263-0.00823262-0.0194375-0.0193321-0.0448511-0.0174444-0.0136607-2.37295  -2.10879  -1.81948  -2.43766  -2.40404  -1.95221  -1.9843   -2.02319  
data[1952      : 1983      ]: -1.85492  -0.0621445-0.0604388-0.063501 -0.0704682-0.0773423-0.0603305-0.0719948-0.115682 -0.0418871-3.88341  -3.6656   -3.51192  -3.98827  -3.47721  -3.11945  -3.20737  -2.70241  -2.63838  -13.4613  -13.9585  -13.2697  -14.4457  -14.302   -13.9225  -12.1132  -12.1352  -11.3816  -8.336    -10.4569  -9.44916  -9.53036  
data[1984      : 2015      ]: -10.7643  -10.4244  -8.32412  -8.22262  -8.01358  -0.069385 -0.0245869-0.00954798-0.0924722-0.0408428-0.0152122-0.0627481-0.0176355-0.00640922-3.81555  -4.46381  -5.00767  -3.76259  -4.87602  -5.2533   -3.63851  -3.87741  -4.0346   -0.849559 -0.468743 -0.444114 -0.752419 -0.520453 -0.469472 -0.735356 -0.623325 -0.542682 
data[2016      : 2047      ]: 0.0009198660.0011948 -0.0001969380.001620790.001109230.003836980.006754150.015413  -0.01221130.0008362090.00910464-0.000509212-0.000163064-0.0146295-0.00513873-0.005559630.002071040.0026969 0.0136318 -0.005904870.002412750.0061464 -0.009292240.0144189 -0.00306480.0057912 -0.004071640.227136  0.118714  -0.04027290.277413  0.149778  
data[2048      : 2079      ]: -0.12289  0.197319  0.0482225 -0.1447   0.126694  0.0150834 -0.05724860.100375  0.0240032 -0.144585 0.0770026 0.0708215 -0.110405 0.0436882 0.0824408 -0.006040340.116254  0.066455  -0.03889060.115614  -0.00960074-0.07451630.182493  0.143574  -0.02363510.175718  0.118863  -0.120006 0.159499  0.0573456 -0.07594020.0647991 
data[2080      : 2111      ]: 0.120098  -0.003097160.149676  0.0641161 -0.06506430.137864  0.0747334 -0.01802760.128815  0.0769455 -0.07473180.155138  0.0810172 -0.07711270.123386  0.0841358 -0.02636440.104773  0.145991  -0.02100720.131356  0.168451  -0.146804 0.188429  0.191679  -0.118022 0.001283150.00149043-0.002079050.001048510.005437470.00208927
data[2112      : 2143      ]: 0.003085020.00543654-0.001984610.001700790.0006645810.00466879-0.000417405-0.0003656360.00372558-0.000762506-0.00916481-0.01394770.0862346 0.150011  0.0200491 0.164737  0.15518   -0.04181  0.240696  0.134943  -0.147987 0.0403117 0.053596  -0.008860480.0894552 0.0506269 -0.01526790.110989  0.0377732 0.001320470.146183  0.122569  
data[2144      : 2175      ]: -0.02590880.112138  0.0856002 -0.05146220.106877  0.0738051 -0.06476440.0154663 0.0139011 -0.02345490.0310268 -0.007263620.006118520.0054871 0.00898521-0.009672220.0163337 0.031417  -0.009594340.0267267 0.0190916 -0.007749580.006558830.0277114 0.002171770.009815230.0126033 -0.02857260.01109   0.0283098 -0.01371410.0248173 
data[2176      : 2207      ]: 0.00230694-0.0168778-0.0100138-0.01253370.000281006-0.0153637-0.0183573-0.0110646-0.00710894-0.00915446-0.00172537-0.020078 0.0454725 -0.009248170.0765105 0.000304333-0.04787760.0876318 -0.0470725-0.049552 -0.004866570.001071880.0006484890.0100125 -0.0220805-0.04302490.015445  -0.002670480.004257450.0880938 0.0433747 -0.0370162
data[2208      : 2239      ]: 0.110834  0.0484318 -0.110583 0.0972305 0.0829814 -0.09306130.14542   0.154647  -0.04727330.214545  0.160225  -0.060855 0.184051  0.117474  -0.08507910.002229740.000537778-0.00122524-0.00185012-0.00115041-0.00240115-0.0002862260.00331689-0.0001510860.0257636 0.084245  -0.00704270.0359053 0.0441639 -0.01753930.0867942 0.0812196 
data[2240      : 2271      ]: -0.01647570.006665840.0148886 -0.01512630.0001881040.0280973 0.010271  0.004851810.008811740.004605080.0650759 0.0627032 0.002415510.0990434 0.100384  -0.03554260.0981403 0.0158919 -0.09471270.355285  0.26495   -0.08619530.348343  0.190629  -0.216844 0.324267  0.177213  -0.205096 0.253028  0.23862   -0.02355380.250336  
data[2272      : 2303      ]: 0.266141  -0.156481 0.24731   0.202716  -0.174404 -0.000489551-6.78912e-050.000164745-0.000856016-0.0002187660.0008925630.003622590.001349824.84329e-050.158496  0.164013  0.019457  0.126078  0.143593  -0.05175820.0960043 0.101992  -0.08322310.00321087-0.0175885-0.02975990.0252385 -0.00831111-0.00585632-0.00339877-0.0310994-0.00977194
Time 5483980 ns: producer080000009 finish sending data!
