Time 5483220 ns: ack for producer08000000c's req!
Time 5483250 ns: producer08000000c is sending data!
data[0         : 31        ]: -0.0347535-0.00509165-0.0210223-0.0293662-0.041245 -0.0009150240.0204014 0.0165514 -0.0536898-0.123805 -0.159076 -0.111536 -0.0912027-0.137553 -0.0869837-0.124412 -0.170307 -0.112499 -0.0225123-0.05361510.00652261-0.0493333-0.0463485-0.0123082-0.0506931-0.0412586-0.0229511-4.2724   -3.90449  -2.62285  -4.06199  -3.63341  
data[32        : 63        ]: -2.25702  -3.888    -3.0631   -1.98831  -1.9938   -1.73901  -0.846179 -1.72219  -1.62522  -0.525621 -1.99272  -1.70483  -0.946482 -2.20755  -2.18156  -1.56195  -2.06254  -2.14447  -1.59498  -2.09581  -1.96163  -1.47478  -4.12728  -3.90697  -2.19484  -3.8004   -3.19186  -1.5937   -4.09513  -3.63595  -1.8562   -2.09678  
data[64        : 95        ]: -1.54576  -1.10284  -1.96379  -1.5234   -0.907121 -1.89907  -1.578    -0.824587 -2.59759  -1.92707  -1.21855  -2.20907  -1.93289  -0.891895 -2.31005  -1.84587  -1.09816  -1.96086  -1.696    -1.96526  -1.34413  -1.24175  -1.51115  -1.81702  -1.55565  -1.702    -0.0519895-0.0431053-0.028231 -0.0604375-0.0601964-0.0573785
data[96        : 127       ]: -0.078759 -0.0770882-0.04333230.006550460.00212022-0.0360573-0.04135  -0.0167385-0.0373752-0.022421 -0.050453 -0.0518967-3.27265  -3.01695  -2.90399  -2.90216  -2.49119  -2.25673  -2.60707  -2.47038  -1.82135  -1.8272   -1.86177  -1.2036   -1.69866  -1.53544  -0.872013 -1.78387  -1.51126  -0.644099 -2.31596  -2.24827  
data[128       : 159       ]: -1.72941  -2.17797  -2.01005  -1.43347  -2.0902   -1.80111  -1.13052  -0.314139 -0.341848 -0.345384 -0.396566 -0.36761  -0.294664 -0.391998 -0.303187 -0.32513  0.0278903 -0.00466864-0.08127  -0.0248152-0.0152841-0.0704933-0.020913 -0.0420269-0.0632465-0.04039390.162992  -0.0387211-0.04852220.0830647 -0.06234670.0644103 
data[160       : 191       ]: 0.156671  -0.0105886-0.0114357-0.003846110.0272274 0.013928  0.0373514 0.0710021 -0.0313882-0.02174840.0196313 -0.825972 -0.482822 -0.506149 -0.689505 -0.286236 -0.242496 -0.803509 -0.419835 -0.530693 -0.111735 -0.124824 -0.143791 -0.114904 -0.157586 -0.147686 -0.151999 -0.162253 -0.231415 -1.35603  -1.35237  -1.24625  
data[192       : 223       ]: -1.2637   -0.967821 -0.951801 -1.39403  -1.33941  -1.26341  -2.25863  -2.29356  -1.77461  -2.30595  -1.88091  -1.35636  -2.46785  -2.11525  -1.3244   0.0333748 0.0259577 0.0014114 0.0452366 0.0351806 -0.008919350.0220893 0.00609223-0.00535578-0.459544 -0.124839 -0.369012 -0.274966 -0.144841 -0.195274 -0.211911 0.10555   
data[224       : 255       ]: 0.124401  -0.00495361-0.0154357-0.02509580.0346725 -0.02987980.0431544 0.002062  0.007013040.00017021-2.5516   -2.14065  -1.24273  -2.26402  -1.84927  -0.872881 -2.49975  -1.81104  -1.16878  -6.84844  -6.08476  -4.33453  -6.27811  -5.46238  -3.41406  -6.50272  -5.01465  -3.10457  -4.72932  -4.43071  -3.48345  -4.21705  
data[256       : 287       ]: -4.10175  -2.93034  -4.07762  -3.61723  -2.55088  -0.186357 -0.137517 -0.0861834-0.171759 -0.160383 -0.0956868-0.168957 -0.177962 -0.103432 -2.07233  -1.72256  -1.22888  -1.95103  -1.55641  -0.88577  -1.56962  -1.16167  -0.534408 -0.441192 -0.368501 -0.127814 -0.431914 -0.303281 -0.137358 -0.293474 -0.341442 -0.159428 
data[288       : 319       ]: 0.095588  0.085125  0.127592  0.14464   0.110512  0.135093  0.146848  0.105041  0.123904  0.133025  0.0534671 0.0984743 0.116596  0.0443241 0.100323  0.0955148 0.0209284 0.0835223 0.0573776 0.0623382 0.0767552 0.0490566 0.0603454 0.0835933 0.0276748 0.0153407 0.0483858 10.1041   11.3386   12.1962   10.2429   11.5407   
data[320       : 351       ]: 12.5389   9.77391   11.0329   12.1971   4.57098   5.08382   5.92771   4.41772   4.86653   5.91662   4.26015   4.78145   5.83886   4.22498   4.59877   4.7717    4.50349   4.86012   4.95479   4.27606   4.59331   4.75082   9.25664   10.3043   11.3771   8.95868   10.1283   11.4422   8.40117   9.68334   11.1529   3.82102   
data[352       : 383       ]: 4.56866   4.71716   3.7208    4.52038   4.93053   3.61321   4.45345   4.91389   6.31833   7.14825   7.56614   6.42263   7.22739   7.80491   6.08582   6.81317   7.44397   5.97238   7.22087   7.17418   5.9603    7.32419   7.22065   5.87173   7.19162   6.96726   0.109703  0.0938585 0.109735  0.105419  0.102847  0.122715  
data[384       : 415       ]: 0.0752723 0.0913316 0.109679  0.170666  0.177801  0.0758073 0.174783  0.195731  0.110438  0.165016  0.165872  0.0830304 7.15573   8.39175   8.64783   7.24974   8.59256   8.75949   7.00245   8.25487   8.41523   2.87935   3.06702   3.36209   2.89825   2.99326   3.3627    2.64953   2.71618   3.09214   5.52935   5.89436   
data[416       : 447       ]: 6.48733   5.44501   5.70508   6.37398   5.09125   5.37056   6.20379   0.432722  0.46502   0.412369  0.460456  0.452952  0.389975  0.439123  0.433322  0.357544  0.786567  0.605062  0.808573  0.833139  0.642421  0.85682   0.823238  0.58773   0.784138  0.816576  0.803341  0.960616  0.885757  0.847269  1.00347   0.800346  
data[448       : 479       ]: 0.678684  0.768786  0.07903   0.0588461 0.0270874 0.0597419 0.0432526 0.0169377 0.0577913 0.0431165 0.0102026 2.47185   2.90919   2.36768   2.39612   2.81972   2.33883   2.24949   2.69229   2.31292   0.130228  0.0993512 0.0316851 0.110463  0.0887758 0.0360514 0.0800074 0.0929296 0.0316368 3.1778    3.35287   3.21732   
data[480       : 511       ]: 3.1595    3.30014   3.21829   3.13908   3.19756   3.1732    6.18169   6.90144   7.47551   6.12586   6.81911   7.46362   5.92659   6.57745   7.16303   0.0278755 0.0396041 0.0164304 0.0245764 0.0347131 0.0218554 0.0508924 0.0588895 0.0452713 2.64968   3.25654   3.06293   2.80562   3.3993    3.19794   2.60646   3.16936   
data[512       : 543       ]: 2.94105   0.0787455 0.0602031 0.0355716 0.118184  0.0884437 0.0639179 0.10085   0.0691082 0.0602173 3.95273   4.33683   4.92406   3.7394    4.20117   4.86334   3.58721   4.02795   4.71341   16.1655   18.1392   19.4186   16.3258   18.1869   19.8198   15.5929   17.4567   19.2144   11.1063   13.2531   13.9039   11.3904   
data[544       : 575       ]: 13.5217   14.2306   10.9268   12.9541   13.8061   0.10781   0.0527622 0.0734186 0.12395   0.0838395 0.115762  0.0805431 0.0381376 0.0795166 5.0107    6.07049   6.03952   5.10625   6.22074   6.20531   4.8543    6.02368   6.07633   0.779987  0.851451  0.5927    0.774918  0.843007  0.614099  0.727843  0.789387  0.573676  
data[576       : 607       ]: 0.0165738 0.0620177 0.0635291 0.0411122 0.0622668 0.0287158 0.006044660.0545197 -0.00974458-0.014218 -0.05631920.00987168-0.0153553-0.09666720.0284561 -0.00331504-0.129699 -0.05462330.00694048-0.03052790.0145914 -0.00917452-0.046416 -0.00209480.0154174 -0.0435471-0.007691591.51558   1.87562   1.18308   1.43796   1.76966   
data[608       : 639       ]: 1.01902   0.20723   0.413565  -0.165586 0.592695  0.711667  0.556195  0.189394  0.542907  0.328886  -0.172963 0.0352099 -0.04822840.663139  0.471596  0.141953  0.863573  0.753709  0.408603  0.0897504 -0.16245  -0.408398 1.21998   1.18825   1.22415   0.845136  0.768253  0.863161  -0.235999 -0.295434 -0.143103 0.640541  
data[640       : 671       ]: 0.588599  0.334889  0.67184   0.618425  0.534197  -0.02993780.0928666 -0.109732 0.997678  1.31225   0.985946  0.963905  0.95359   0.980076  0.0278442 0.449833  0.286361  1.07622   1.53962   1.00284   1.20953   1.22429   0.778251  0.309687  0.533668  0.143464  0.00686992-0.0321874-0.01186630.0219633 -0.03098990.00926071
data[672       : 703       ]: 0.000207137-0.0944067-0.01080490.0638814 0.00807943-0.009948320.047972  0.0621221 0.0256374 0.0139071 0.0189766 -0.01860751.20312   1.32275   0.741583  1.68505   1.59482   1.16036   0.214349  0.41633   -0.30788  0.324366  -0.06565710.334515  0.190494  -0.109835 0.174389  -0.196888 -0.474737 -0.16419  0.823712  0.786225  
data[704       : 735       ]: 0.68815   0.58194   0.554652  0.383808  0.0374319 -0.0121891-0.196747 0.00909924-0.104626 0.0248196 0.0619913 -0.259892 -0.0306944-0.0216809-0.284811 -0.01906920.181984  0.302981  0.455994  0.126897  0.342753  0.426215  0.0362759 0.265975  0.245601  0.132756  0.165872  0.0918095 0.0858532 0.177321  0.109992  0.0679343 
data[736       : 767       ]: 0.170404  0.0963284 -0.0111428-0.027473 -0.0211256-0.00884721-0.0176573-0.0141668-0.00881423-0.02253060.006614880.423351  0.403955  0.114145  0.258977  0.212908  -0.208295 0.0697934 -0.0125679-0.26952  -0.00580309-0.0095037-0.08635170.034385  0.0100934 -0.082902 0.009603050.00553608-0.121795 0.245808  0.340192  -0.265557 
data[768       : 799       ]: 0.193207  0.266797  -0.412637 0.0730065 0.125899  -0.575742 0.916533  0.960582  1.10684   0.715909  0.67721   0.5634    -0.02801870.0250262 0.0763068 0.0201561 0.0235031 0.0256618 0.0124551 0.0145728 -0.003516030.0101788 0.019132  -0.004536010.530632  0.512503  0.624992  0.736985  0.80841   0.737036  0.139391  0.299774  
data[800       : 831       ]: 0.284912  0.0119225 0.0432889 0.0223983 0.0116759 0.0297167 0.0490226 0.00237344-0.02035920.008905120.46012   0.0974452 0.444224  0.150572  -0.02287760.0538875 -0.159182 -0.642721 -0.249163 2.44914   2.82304   2.07429   2.26587   2.65531   1.87209   0.107016  0.476927  -0.353326 1.97298   2.54787   1.44401   1.88543   
data[832       : 863       ]: 2.43212   1.58182   0.0884506 0.863708  -0.0791211-0.0087604-0.0891664-0.0204205-0.0110159-0.09345590.00385028-0.0117214-0.136555 -0.03220280.834723  1.02174   0.875851  0.668641  1.11046   0.914069  0.0991866 0.251734  0.161204  0.0319313 -0.125433 -0.08999490.0540284 -0.086878 -0.07603450.0306914 -0.1507   -0.136479 
data[864       : 895       ]: 0.00238368-0.00147809-0.00402308-0.0002131060.0012897 -0.0006565410.007806940.00942503-0.00424011-0.00611647-0.0156409-0.0003933790.000573354-0.001196360.003433980.0113172 -0.006248260.001713340.00627719-0.001033520.001060710.0209297 -0.002801270.002476820.00390378-0.00619678-0.0005664630.0395025 0.00914584-0.007561830.0656735 0.00475717
data[896       : 927       ]: -0.0337391-0.005631760.0331879 -0.05369650.0136595 0.016215  -0.01311490.0258878 0.018046  -0.04299980.0179394 -0.00134771-0.05096840.0283524 -0.0153023-0.03935550.0551114 -0.0114246-0.07159770.041734  0.042858  -0.08041690.00770812-0.01782  -0.005126750.0625949 0.02115   -0.03019440.0438441 0.0177389 -0.03141990.00188974
data[928       : 959       ]: -0.009025880.0003537190.008179260.006684310.020006  0.0113331 0.006301670.0378098 0.0168008 0.0210488 0.0289043 0.00483846-0.0002925890.004621680.005562140.00871294-0.0177098-0.009817620.0147392 0.0406263 0.0289599 -0.006736830.0432895 0.0082519 -0.020953 0.0322517 0.000561748-0.00035728-0.0005149140.005346850.00455164-0.00075663
data[960       : 991       ]: 0.00720869-0.003790680         -0.00185044-0.00423198-0.00032966-0.00491850.00169565-0.002382750.004817140.00546388-0.001783830.00522338-0.0191076-0.01408190.042341  0.0253858 0.0138378 0.0457123 0.0285814 0.004672860.002411610.00393693-0.004067680.0214154 -0.00710824-0.02782590.0397149 -0.0624845-0.004966350.000487463-0.00133728
data[992       : 1023      ]: -0.04434170.027392  0.009397130.0157385 0.0128547 -0.03492890.0128426 0.0163907 -0.01822160.0002649460.00311673-0.030482 -0.006253420.0342434 -0.0418633-0.001759190.015677  0.009952348.30705e-050.0112333 -0.0337853-0.00163954-0.005543540.00791997-0.003956920.0145275 0.0165953 0.004120780.009991580.0346887 -0.01442110.00644117
data[1024      : 1055      ]: 0.023719  -0.00888361-0.0023663-0.008449420.001736450.00772863-0.0076174-0.0128221-0.00495352-0.005790630.0001885750.009293540.003949520.009288520.008276370.0257221 -0.0134093-0.002825210.0125767 -0.0315171-0.00487591-0.000195769-0.003508220.004105030.0256927 -0.0009661490.001229080.0121513 -0.005555020.0081883 0.0124712 -0.0106468
data[1056      : 1087      ]: 0.0337069 0.0375362 -0.05390680.0123776 0.054563  -0.05932210.0179501 -0.01584890.003566950.0693902 -0.00686101-0.00672280.0110102 -0.0151424-0.006012320.00043703-0.0006801970.0008799650.00101673-0.002782590.000878378-0.000398561-0.001633693.32518e-050.0122883 0.0174184 0.0109731 0.0189431 -0.00231198-0.01872110.0152194 -0.0163661
data[1088      : 1119      ]: -0.03433080.0106004 0.00374098-0.00199352-0.00399566-0.00153614-0.00314654-0.00651973-0.00792531-0.0002170510.00451517-0.0162186-0.002003680.0370554 -0.0103351-0.02099180.0539385 -0.008934240.0170154 0.0297796 -0.0269734-0.07253920.053112  0.00693654-0.03007320.0322623 0.0157317 -0.0452274-0.0002915450.0156666 -0.03443620.0286236 
data[1120      : 1151      ]: 0.0748217 -0.0262688-0.004273240.0840647 -0.005666130.00606044-0.00830944-9.73758e-060.003137550.00595644-6.19027e-060.00238084-0.002184230.000261071-0.001275 0.0025796 -0.00265270.0134639 0.0365415 0.0153139 -0.001035310.0038379 0.0100721 -0.0145104-0.012261 0.000803915-0.00431134-0.0226727-0.001906170.015915  -0.0474117-0.0244502
data[1152      : 1183      ]: 0.0243752 0.0270511 0.0281722 0.0263191 0.0307238 0.0109666 -0.002960890.052893  0.0223626 0.0193078 0.0418555 -0.002422050.005557780.0615693 0.0305608 0.009452120.0562576 0.023734  0.049701  0.0741445 0.002768670.0649314 0.046035  -0.01089580.0229268 0.031401  -0.02506171.46522   0.320134  0.326695  1.22622   0.402796  
data[1184      : 1215      ]: 0.282354  1.47484   0.473254  0.569377  0.527358  -0.0541609-0.03095290.573862  -0.0824102-0.060427 0.798016  0.132109  0.359876  0.889875  0.747338  0.287882  1.10839   0.69623   0.244743  1.34035   0.959074  0.550038  0.927263  0.308402  -0.33133  1.06056   0.432882  -0.155084 1.4702    0.854886  0.432874  0.296332  
data[1216      : 1247      ]: -0.01844980.06363   0.0845118 -0.194145 -0.08573460.175546  -0.0842047-0.09079730.45657   0.250827  0.0210901 0.373596  0.011514  -0.03875340.465301  0.004346810.196215  0.551665  0.295333  0.0137154 0.333583  0.367064  -0.09857510.176599  0.332885  0.214139  0.0506833 0.0458098 0.0309788 0.0443303 0.0549801 0.0280433 
data[1248      : 1279      ]: 0.0420067 -0.00420313-0.005151170.049227  0.00675091-0.0342019-0.0191665-0.0137997-0.04172130.0112855 -0.0122278-0.01113350.876586  0.576472  -0.09132120.883221  0.399709  -0.105694 1.08219   0.562269  0.301851  0.731703  0.903933  -0.008267880.694766  0.736356  0.12837   0.621516  0.917507  0.170322  1.25541   0.762354  
data[1280      : 1311      ]: 0.477282  0.954203  0.78287   0.604396  0.838161  0.741197  0.440927  0.242656  0.345454  0.018344  0.271097  0.389173  0.0940601 0.186654  0.277882  0.0889322 -0.125377 0.00467932-0.262692 -0.0669227-0.0440725-0.236127 -0.108231 -0.0522068-0.267603 -0.007051440.0544367 0.0940004 0.119095  0.0466253 0.163045  0.136394  
data[1312      : 1343      ]: 0.126312  0.140077  0.007542820.0220483 0.0313079 0.002006740.029291  0.0187351 0.008227190.0159473 0.00483017-0.115473 -0.157156 0.252674  -0.103165 -0.106882 0.12484   -0.0128475-0.146717 0.262919  0.0830339 0.100112  0.0990378 0.106711  0.134195  0.116469  0.0777943 0.094357  0.129848  0.637562  0.342042  0.511637  
data[1344      : 1375      ]: 0.449953  0.398002  0.531732  0.75253   0.571851  0.736854  0.959435  0.829388  0.0399449 0.945439  0.813331  0.26014   0.846907  0.830676  0.077434  -0.0150575-0.01307750.0155806 -0.00333493-0.005583030.0054559 0.000442136-0.00424199-0.00675708-0.234793 0.0452736 -0.205896 -0.276249 -0.0523917-0.319924 -0.206878 0.00269711
data[1376      : 1407      ]: -0.117913 0.004060020.0385805 0.0181532 -0.006521210.0202461 0.0282842 0.0255912 0.034061  0.003365491.08854   0.970315  0.640781  1.10793   1.0006    0.70172   1.21506   1.3397    0.791494  2.63078   1.18003   0.89735   2.34481   1.10481   0.516335  2.49898   1.41719   1.05372   1.06503   0.316462  -0.126887 1.18567   
data[1408      : 1439      ]: 0.127818  -0.138177 1.25244   0.427894  0.105419  0.0760494 0.0964758 0.0248449 0.0872199 0.116258  0.0546605 0.0742631 0.0999881 0.016273  0.22902   0.0514021 -0.279741 0.160802  -0.0939093-0.277734 0.166526  -0.142052 -0.298911 0.0857189 0.115773  0.214898  0.172779  0.155159  0.232108  0.285369  0.272108  0.290521  
data[1440      : 1471      ]: 0.138694  0.0993468 0.120683  0.138587  0.115221  0.1121    0.169903  0.15852   0.1472    0.234315  0.241794  0.176827  0.241553  0.254682  0.195461  0.226432  0.240469  0.185396  0.156548  0.201552  0.190334  0.172336  0.210184  0.205888  0.100252  0.143652  0.134816  18.4576   18.6681   18.9527   19.7478   19.9581   
data[1472      : 1503      ]: 20.2317   19.4714   19.7288   19.8983   8.69847   8.53351   9.02494   9.01157   8.83162   9.30442   8.58126   8.35196   8.70904   8.52879   8.94351   9.07762   9.1152    9.55838   9.69223   9.10811   9.51995   9.53944   17.6288   18.1786   17.9749   18.5383   19.1342   18.8786   17.9567   18.6116   18.1974   7.69126   
data[1504      : 1535      ]: 7.93092   7.96521   8.17006   8.33666   8.46986   8.25686   8.46411   8.46894   10.8747   11.2238   11.3659   11.6003   11.8397   11.8696   11.3762   11.6566   11.6606   10.3383   11.4938   10.8866   11.0451   12.1964   11.6417   10.4846   11.5024   10.9987   0.0544976 0.100224  0.0928292 0.0813662 0.120726  0.108901  
data[1536      : 1567      ]: 0.0600417 0.0971229 0.0904712 0.191612  0.208812  0.171723  0.184573  0.209571  0.181806  0.215042  0.219215  0.196962  13.0927   14.025    13.867    14.0657   15.0928   14.9641   14.1246   15.1639   14.9667   5.99611   6.55093   6.16424   6.42468   6.95022   6.5201    6.01756   6.6532    6.22147   10.0514   10.5025   
data[1568      : 1599      ]: 10.3385   10.5573   11.0757   10.8943   10.5674   11.1657   10.9703   1.07305   1.3551    1.18632   1.21621   1.43445   1.24234   1.01662   1.18044   1.03231   0.616234  0.397793  0.547652  0.587677  0.387357  0.547543  0.560766  0.380217  0.544028  1.03354   0.916063  1.03057   1.03653   0.940254  1.02769   0.731316  
data[1600      : 1631      ]: 0.677754  0.805955  0.219059  0.197473  0.136473  0.223673  0.200272  0.147625  0.127441  0.12689   0.0735878 4.98661   4.98796   4.81984   5.34739   5.30916   5.03147   5.13312   5.021     4.79833   0.461983  0.431713  0.446119  0.48587   0.457945  0.477176  0.303463  0.300313  0.331492  5.86664   5.97425   6.13155   
data[1632      : 1663      ]: 6.17549   6.29816   6.46028   5.59501   5.67224   5.86424   11.4885   12.3499   12.3117   12.1303   13.0919   13.0286   11.5567   12.5566   12.4709   0.0387309 0.0316607 0.028795  0.0233254 0.014855  0.0152704 0.000440052-0.00850443-0.006801783.57629   3.72812   3.51908   3.92577   4.04703   3.84084   3.95575   4.16685   
data[1664      : 1695      ]: 3.95769   0.0512137 0.0281973 0.0734677 0.0292696 0.0211751 0.077236  0.008445840.0156034 0.0588766 8.64455   9.26101   8.92855   9.04318   9.7576    9.39261   8.75693   9.37263   8.92473   29.911    30.6406   30.7357   31.8884   32.6197   32.6663   31.2444   31.9894   31.9589   20.2724   20.8575   21.2854   21.4957   
data[1696      : 1727      ]: 22.1393   22.4019   21.5509   22.4336   22.5613   0.147835  0.199736  0.14614   0.163985  0.195335  0.156335  0.189917  0.217981  0.173755  9.48856   9.91647   9.91284   10.0332   10.584    10.5312   10.2817   10.8612   10.7512   1.73113   1.78892   1.46262   1.84091   1.89026   1.59097   1.83661   1.79674   1.49276   
data[1728      : 1759      ]: -0.0147683-0.0456441-0.00523596-0.0480372-0.05461  -0.0231929-0.0656191-0.0665705-0.0645456-0.0522856-0.0219869-0.0748829-0.0573576-0.0187933-0.0973167-0.03404180.00176994-0.0834131-0.0923233-0.0573798-0.106735 -0.10313  -0.0889137-0.137053 -0.0690932-0.0471026-0.0571062-0.778703 0.663266  1.45172   -2.14016  -0.598484 
data[1760      : 1791      ]: 0.25928   -3.90178  -2.28553  -1.16809  -0.809221 -0.225113 0.537319  -1.69537  -0.928803 0.00224153-2.22288  -1.529    -0.640649 -0.930333 -0.112724 0.240198  -1.52577  -0.639221 -0.205914 -2.35073  -1.54603  -0.963675 -1.29502  0.206577  1.08293   -2.67366  -1.16229  -0.412079 -4.09119  -2.59794  -1.71079  0.0653341 
data[1792      : 1823      ]: 0.624766  1.0578    -0.456632 0.0653636 0.512495  -1.47241  -0.781684 -0.397554 -0.330259 0.548888  0.663142  -1.15157  -0.256528 0.12765   -2.09169  -1.09938  -0.73943  -0.73202  0.517482  0.37954   -1.7068   -0.491312 -0.556163 -2.27047  -1.12212  -0.932146 0.006920390.0323897 -0.03010240.0103964 0.0398473 -0.00344446
data[1824      : 1855      ]: -0.001995480.0549861 -0.001829850.0352638 0.0575308 -0.0004244290.0767598 0.11326   0.0347414 0.0690737 0.114206  0.0468582 -0.421939 0.933032  1.45724   -1.30143  0.191803  0.48528   -2.78633  -1.44136  -0.930427 -1.1846   -0.511813 -0.123896 -1.63389  -0.82484  -0.519951 -1.8986   -1.12882  -0.752341 -0.217434 0.629089  
data[1856      : 1887      ]: 0.847607  -1.06215  -0.259709 0.17974   -2.34896  -1.60526  -1.20263  -0.50045  -0.168679 -0.43771  -0.567232 -0.21596  -0.480129 -0.494698 -0.151372 -0.379719 0.0292293 0.043888  0.0961647 0.10617   0.108573  0.148659  0.0648035 0.0638303 0.0384812 -0.3089   -0.271535 -0.204044 -0.390688 -0.364369 -0.262871 -0.194904 
data[1888      : 1919      ]: -0.136459 -0.0862009-0.0863789-0.041132 -0.0714209-0.117603 -0.0575716-0.080051 -0.035908 -0.00495805-0.02988630.165235  0.493668  0.129936  -0.293832 -0.00377137-0.368732 -0.610366 -0.294124 -0.579027 -0.210686 -0.246349 -0.157323 -0.230264 -0.248736 -0.166373 -0.111553 -0.150456 -0.0862052-0.424982 -0.268741 0.147067  
data[1920      : 1951      ]: -0.986967 -0.966334 -0.537268 -1.23997  -1.16269  -0.675933 -1.72893  -0.405353 -0.0665046-2.99837  -1.78237  -1.38424  -3.65354  -2.57028  -1.92551  -0.0006704080.0071718 -0.0140059-0.0004714870.00837457-0.01602840.0244307 0.0300256 -0.006177320.388605  0.648443  0.523066  0.306572  0.551506  0.429849  -0.150483 0.110985  
data[1952      : 1983      ]: 0.0876038 -0.0326622-0.0812376-0.0833002-0.0589257-0.0932127-0.0938239-0.0381437-0.057425 -0.0753977-1.31054  -0.181196 0.389193  -2.16907  -1.15955  -0.658342 -2.91408  -1.94114  -1.4049   -1.8048   1.16525   1.97155   -3.93737  -1.06817  -0.0380319-6.70702  -3.87678  -2.51929  -1.22181  0.557753  1.9801    -2.61871  
data[1984      : 2015      ]: -0.677813 0.838372  -4.81264  -3.00132  -1.23961  -0.04874450.0340452 -0.025078 -0.07109320.00824797-0.06551  -0.11977  -0.0273114-0.0842113-0.434883 0.341904  0.886458  -0.7971   0.0286855 0.464511  -1.99909  -1.29162  -0.867218 0.0558828 0.152936  -0.05019430.0189081 0.150034  -0.144161 -0.091538 -0.00321845-0.285341 
data[2016      : 2047      ]: -0.0514345-0.0389905-0.0679942-0.0797092-0.026159 -0.0635529-0.0515355-0.0519602-0.0753851-0.0611867-0.0567994-0.14704  -0.0824231-0.0688249-0.202837 -0.078549 -0.0902832-0.192603 -0.0747456-0.0374756-0.0852275-0.0567776-0.0561844-0.0939311-0.0498092-0.0399841-0.0729282-8.6214   -8.19304  -7.9207   -8.31236  -7.92513  
data[2048      : 2079      ]: -7.49937  -7.16149  -6.73652  -6.39423  -3.54483  -3.33607  -3.20591  -3.26925  -3.03309  -2.77227  -2.92378  -2.70968  -2.60793  -4.16539  -3.6325   -3.87472  -4.53187  -3.84118  -3.94265  -4.03307  -3.30553  -3.26487  -7.7922   -7.76713  -7.62293  -7.23819  -7.11742  -6.83999  -5.93727  -5.84478  -5.64945  -3.39626  
data[2080      : 2111      ]: -3.68284  -3.45756  -3.40098  -3.47947  -3.10786  -2.67266  -2.78572  -2.62843  -4.67051  -4.66986  -4.68357  -4.40077  -4.53784  -4.31913  -3.5003   -3.84483  -3.54176  -4.5791   -5.29695  -4.68806  -4.36028  -4.88798  -4.52276  -3.61207  -4.1307   -3.59317  -0.0759488-0.0705401-0.113795 -0.0805814-0.0677557-0.104762 
data[2112      : 2143      ]: -0.0536744-0.0552673-0.097308 -0.0954824-0.115621 -0.127818 -0.130808 -0.12563  -0.139853 -0.125042 -0.0998238-0.09064  -6.09946  -6.62778  -6.21395  -6.59542  -6.75545  -6.39544  -5.52597  -5.58118  -4.86947  -2.89032  -3.09471  -3.11021  -2.96317  -2.83937  -3.17183  -2.60273  -2.53377  -3.01465  -4.68838  -4.90506  
data[2144      : 2175      ]: -4.90619  -4.37011  -4.61385  -4.55956  -3.92109  -3.81444  -3.93363  -0.545664 -0.559721 -0.773145 -0.473008 -0.544384 -0.77303  -0.474856 -0.633235 -0.817719 -0.386758 -0.219169 -0.387206 -0.368887 -0.303388 -0.456975 -0.398279 -0.278789 -0.407562 -0.308103 -0.237801 -0.364328 -0.333744 -0.242978 -0.312022 -0.387801 
data[2176      : 2207      ]: -0.222571 -0.301377 -0.01247310.000694939-0.00132212-0.01635040.003955  -0.0272791-0.00555432-0.0243233-0.0269439-1.92998  -1.86822  -1.60373  -1.7329   -1.55067  -1.61642  -1.71409  -1.35469  -1.41222  -0.126129 -0.0954156-0.0553829-0.167031 -0.112939 -0.127771 -0.165254 -0.113989 -0.105761 -2.50985  -2.16923  -2.1073   
data[2208      : 2239      ]: -2.47956  -2.02498  -2.07339  -2.28685  -1.71049  -1.59376  -5.43148  -5.5114   -5.2982   -4.95344  -4.85426  -4.80133  -4.10354  -4.17592  -4.05782  -0.0206959-0.0263332-0.0426015-0.021482 -0.0315688-0.0321338-0.0199437-0.0243963-0.0321416-1.53988  -1.50989  -1.40887  -1.77424  -1.66415  -1.60354  -1.29244  -1.26217  
data[2240      : 2271      ]: -1.14172  -0.0212995-0.0407738-0.00598319-0.0690137-0.0685947-0.0323147-0.0532056-0.0528222-0.0414031-3.62848  -3.53716  -3.52719  -3.39829  -3.24168  -3.4677   -3.04979  -2.87115  -3.10004  -13.7893  -13.85    -13.1459  -13.5948  -12.9743  -12.6716  -11.3451  -10.743   -10.4311  -9.63817  -9.6032   -8.67074  -9.48625  
data[2272      : 2303      ]: -9.39465  -8.14252  -7.73122  -7.75999  -6.58884  -0.0614031-0.0987035-0.149613 -0.0750839-0.0897022-0.150615 -0.0962795-0.107591 -0.146069 -4.07859  -4.3423   -3.75991  -3.90057  -4.05591  -3.38816  -3.29719  -3.36229  -2.86378  -0.624592 -0.56251  -0.467813 -0.676058 -0.552648 -0.506045 -0.728453 -0.512501 -0.546337 
Time 5483980 ns: producer08000000c finish sending data!
