Time 5864820 ns: ack for producer080000005's req!
Time 5864850 ns: producer080000005 is sending data!
data[0         : 31        ]: 0.196507  0.288358  0.469015  0.112627  0.319928  0.316968  0.164794  0.247032  0.21622   0.514511  0.433203  0.551071  0.408906  0.366955  0.429961  0.232375  0.327971  0.268669  1.18201   0.595301  0.440775  0.539479  0.478972  0.556231  1.00583   0.308219  0.379292  0.158432  0.316893  0.101269  0.125031  0.219766  
data[32        : 63        ]: 0.125309  0.126728  0.0146013 0.0742928 0.647907  0.346189  0.329444  0.394872  0.341554  0.584643  0.265963  0.372734  0.26019   0.116953  0.292701  0.0676905 0.227577  0.252695  0.180858  0.161988  0.337488  0.161428  0.188869  0.0958238 0.238014  0.237705  0.283639  0.141347  0.241992  0.202168  0.0112648 0.0272083 
data[64        : 95        ]: 0.180439  0.0242569 0.0245624 0.156512  0.0944817 0.051731  0.0832895 0.0381762 0.880113  0.532412  0.364864  0.751534  0.637059  0.443291  0.486532  0.506973  0.65892   0.343127  1.03319   0.398347  0.555647  0.769515  0.42842   0.37954   0.751316  0.498918  1.04766   0.709328  0.436645  0.95831   0.443894  0.641228  
data[96        : 127       ]: 0.782228  0.493004  0.621946  0.316205  0.396628  0.413392  0.442094  0.302527  0.31929   0.460063  0.410912  0.420948  0.0678797 0.0464009 0.211902  0.0613598 -0.02799540.164267  0.161003  0.113338  0.11787   1.3405    1.42995   1.23282   1.16946   1.19199   1.15266   1.25354   1.04605   1.00418   0.286596  0.329217  
data[128       : 159       ]: 0.684882  0.311504  0.295679  0.569375  0.218554  0.4047    0.674075  0.046601  0.0705983 0.0221469 0.0169871 0.0239196 0.0364896 0.0320189 0.0377431 0.0352257 0.30531   0.0772443 0.0625588 0.233168  0.0738718 0.016061  0.22036   0.0634756 0.0810152 0.503944  0.199668  0.125568  0.439615  0.19402   0.260107  0.509611  
data[160       : 191       ]: 0.303217  0.005530990.331338  1.14581   0.162986  0.231682  0.986781  0.300899  0.363179  1.09285   0.211815  0.0462035 0.0153193 0.410535  0.0488229 0.0437662 0.304046  0.0612871 0.009269590.434076  0.379968  0.320589  0.176708  0.376957  0.185276  0.176444  0.272165  0.447778  0.169717  0.0247006 -0.03285390.476732  
data[192       : 223       ]: 0.0179364 0.0371212 0.659668  -0.000313126-0.06496530.59109   0.0967015 0.116022  0.112058  0.190679  0.147866  0.192531  0.146937  0.176176  0.0600065 -0.00821752-0.06731280.242635  -0.00163067-0.03350360.22535   -0.01131550.007320320.182192  0.521641  0.322314  0.297538  0.568919  0.298117  0.293479  0.607897  0.224405  
data[224       : 255       ]: 0.427339  0.435326  -0.05021311.07341   0.423776  -0.09556580.997476  0.352832  0.0123895 1.11558   0.594717  0.936912  0.0934395 0.490807  1.06288   0.0606545 0.507223  0.975809  0.125036  0.32227   0.186759  0.211305  0.246811  0.17599   0.258643  0.239116  0.215618  0.184809  0.0858604 -0.005562280.111266  0.110906  
data[256       : 287       ]: -0.002284830.0936917 0.113095  -0.01504810.0511978 1.29948   0.479878  0.256424  1.2064    0.624763  0.2613    1.36947   0.490019  0.277734  0.294216  0.078405  0.0404574 0.280083  0.0358554 0.0867246 0.305349  0.0592896 -0.0004525560.0009307580.107221  0.0003454280.008922810.130948  0.0200048 0.0393927 0.149897  0.00590623
data[288       : 319       ]: -0.01332870.0207915 0.0394076 0.386878  0.274894  0.275003  0.217322  0.172663  0.153776  0.0722845 0.204808  0.161032  0.280779  0.437787  0.321276  0.512354  0.269101  0.39396   -0.007893110.260261  -0.03211210.236324  0.431955  0.142716  0.21342   0.639227  0.371718  0.0173751 -0.026979 0.0310081 0.0279165 -0.0390026
data[320       : 351       ]: 0.239212  0.0213845 0.002702990.136804  0.0222908 0.0855824 -0.009383380.189025  0.258883  0.193492  0.294952  0.289168  0.2181    0.00379955-0.04419170.0925731 0.101377  0.0229302 0.264185  -0.007066450.0377249 0.255842  0.004993230.002650280.036728  0.219699  0.244611  0.245963  0.128141  0.124001  0.11218   0.00533819
data[352       : 383       ]: -0.02550810.067687  0.001417240.0114734 0.0524138 -0.0003868470.0208614 0.0461124 0.159955  0.103245  0.10939   0.481174  0.375593  0.517387  0.431674  0.3299    0.411473  0.131527  -0.005336590.2683    0.236399  0.173227  0.489724  0.225956  0.0730727 0.549484  0.0218887 0.239677  -0.006066160.467132  0.660218  0.389263  
data[384       : 415       ]: 0.390797  0.594493  0.299114  -0.022175 -0.03180480.0696922 0.253656  0.288369  0.307357  0.207833  0.256213  0.328768  0.040397  0.0210558 -0.04587650.0630467 0.001283310.0809073 0.0832885 0.0478943 0.064585  0.362527  0.281556  0.188509  0.793886  0.464405  0.479258  1.07863   0.777425  0.615185  0.0831093 0.04227   
data[416       : 447       ]: 0.0271604 0.153355  0.15472   0.0521891 0.184583  0.151927  0.137004  0.0002268140.0119445 -0.016616 0.008314720.0143101 -0.00828568-0.004411190.0221751 0.007786261.9699    2.28089   1.88523   1.09275   1.15986   0.98101   1.43268   1.90186   1.55937   4.47063   4.42016   4.34805   3.51617   3.379     4.00306   3.26441   
data[448       : 479       ]: 3.57542   3.71381   3.07227   3.13544   4.1338    2.53897   2.39223   3.51185   2.43711   1.90392   3.01422   0.449188  0.0216246 0.0424016 0.365927  0.0441583 0.153207  0.31316   -0.0565531-0.06957692.30322   2.63671   3.05612   1.58545   2.07734   2.02652   1.55947   1.69783   2.29233   1.07144   -0.148697 0.00464845
data[480       : 511       ]: 0.452683  -0.409729 -0.439682 0.884568  -0.455155 -0.196121 1.55969   1.09865   1.528     1.07633   0.707428  0.905627  1.2311    0.929021  1.41053   0.497107  0.110078  -0.119693 0.50489   -0.00456056-0.177098 0.29084   0.195965  -0.306401 4.55232   5.05066   6.02929   3.4877    3.87305   4.6138    3.77218   3.54029   
data[512       : 543       ]: 5.42415   3.73744   2.93022   3.19998   3.17547   1.97919   2.5397    2.7091    2.33888   2.38554   3.48097   4.27974   4.85903   1.83405   2.16618   3.4174    2.65846   3.18048   3.84125   2.04739   2.24968   2.40752   1.81501   2.11313   1.92044   1.74293   1.44498   1.70848   1.38963   0.971447  0.680973  1.0904    
data[544       : 575       ]: 0.935334  0.68332   0.811753  0.795606  0.325403  9.69493   12.069    11.6727   8.32602   10.5903   10.8055   7.78479   9.65571   10.0795   2.95761   3.61545   2.66061   2.77008   3.25493   2.43625   2.3432    3.07639   1.63077   0.036167  -0.04449170.0374289 -0.0407996-0.113573 0.0559983 0.00426944-0.05971370.0501102 
data[576       : 607       ]: 5.34293   4.94755   5.27415   4.94806   6.00887   5.6866    5.74638   5.7124    6.52739   11.0049   10.7776   10.8222   11.163    11.6832   11.1342   11.0317   11.1087   11.5683   11.4406   10.0034   9.8144    11.9389   10.4453   9.53862   11.9882   10.5105   10.4803   1.2146    1.77412   1.28715   1.66588   2.02323   
data[608       : 639       ]: 1.28806   1.39489   1.85102   1.35517   7.7173    6.89162   7.23452   8.18977   7.22053   7.087     7.44892   7.49131   7.08531   1.29682   2.52819   1.38513   1.69449   2.76709   1.4556    1.30804   2.49306   1.34678   4.03215   3.51661   3.6026    4.13412   4.49703   3.9887    4.09009   3.96472   4.03145   0.487675  
data[640       : 671       ]: 0.836936  0.937321  0.358645  1.15191   0.929692  0.599891  0.769273  0.870421  12.0818   12.686    11.9656   13.0417   12.6153   12.871    12.7574   13.5969   11.9488   9.16528   9.81118   8.76027   9.23313   10.8226   8.85983   9.64968   10.1967   8.85906   13.4612   12.1943   11.1656   14.1029   12.1385   12.1584   
data[672       : 703       ]: 13.7651   11.8331   11.9542   6.5749    6.75477   6.38947   7.24588   7.08447   7.05645   6.52793   7.41122   7.22206   2.40092   2.58607   3.15108   2.26339   2.63406   3.00316   2.58988   2.76959   3.19441   27.5863   25.7202   27.9023   28.5431   27.2323   28.161    29.0809   27.473    29.5008   6.89072   6.53224   
data[704       : 735       ]: 8.26168   6.49954   6.16081   8.0049    6.80198   7.09776   8.21013   0.36202   0.246545  0.240119  0.535663  0.269221  0.286179  0.470055  0.299752  0.367166  -1.89861  -1.72953  -1.45124  -2.31039  -2.00587  -1.36027  -1.6515   -1.59654  -1.50379  -4.61183  -3.69815  -3.56242  -3.81822  -3.91543  -3.41912  -3.77668  
data[736       : 767       ]: -3.96504  -3.31899  -2.42439  -3.10773  -4.74952  -3.17269  -3.1435   -5.11415  -3.05564  -3.14269  -4.7428   -0.297044 -0.377961 -0.200783 -0.243244 -0.280956 -0.107777 -0.645017 -0.369093 -0.427256 -2.61067  -2.7478   -2.94209  -2.43865  -2.32156  -2.80925  -2.53756  -2.46324  -2.8192   -0.61517  -0.214504 -0.606612 
data[768       : 799       ]: -0.330614 -0.2856   -0.334774 -0.620913 -0.372497 -0.568639 -0.749625 -1.15349  -1.12826  -1.60909  -0.961671 -1.40766  -0.844562 -1.2033   -1.25234  -0.23928  -0.0825098-0.248056 -0.159505 -0.15615  -0.170246 -0.163304 -0.289774 -0.111876 -4.31248  -4.45285  -4.03699  -4.09599  -4.54483  -3.69985  -4.07052  -4.44901  
data[800       : 831       ]: -3.36903  -3.60192  -3.03412  -2.2061   -2.75958  -2.67509  -2.46112  -2.79421  -2.69968  -1.7941   -3.9281   -4.66186  -5.34632  -3.67834  -3.56055  -5.43184  -3.75658  -4.06602  -5.03872  -2.22834  -2.09     -2.25506  -1.93264  -1.90785  -2.39093  -1.80676  -2.24289  -2.23568  -0.986715 -0.715396 -0.469912 -0.94847  
data[832       : 863       ]: -0.81688  -0.316427 -1.00484  -1.02721  -0.547746 -10.0988  -10.5516  -8.63384  -10.0603  -10.0758  -8.0523   -9.34616  -9.49934  -8.13468  -2.92789  -2.24524  -1.82672  -2.62806  -2.27358  -1.65354  -2.68577  -2.4378   -1.52945  -0.0866552-0.108619 -0.149264 0.0109302 -0.108488 -0.16044  -0.0378719-0.0803103-0.173162 
data[864       : 895       ]: 9.40718   10.1132   9.99107   10.2633   10.7534   11.4415   9.77445   10.4516   10.281    18.9254   19.8738   19.165    19.9      20.7812   20.7019   19.6046   20.4371   20.0993   19.4658   16.7378   18.7159   20.3206   16.9786   19.6347   19.8454   17.3725   19.3839   2.27421   3.34733   1.62223   2.32303   3.38324   
data[896       : 927       ]: 1.83153   2.47185   3.62782   2.09921   13.0893   12.4541   13.3028   13.6115   13.8379   13.8838   13.9227   13.0787   13.9304   2.64989   4.42389   1.59384   2.76077   4.70886   1.86851   2.63271   4.47938   1.59156   6.23421   6.58145   6.47282   7.33668   6.90082   7.35838   6.71823   6.96723   6.81919   1.29976   
data[928       : 959       ]: 1.83933   1.36009   1.55635   1.89016   1.4495    1.23144   1.96545   1.3737    22.4098   23.3815   23.2865   23.4895   24.3135   24.2974   23.2608   24.1255   24.0443   15.2419   18.9828   14.1892   15.7783   19.8866   14.7205   15.404    20.1291   14.5903   22.1828   20.5645   22.3466   23.4834   21.0278   23.2539   
data[960       : 991       ]: 23.2721   21.318    23.1936   11.6158   12.1329   12.0618   12.3971   12.7118   12.4603   12.1226   12.6281   12.1097   4.41467   4.94741   4.94065   4.50088   5.04495   4.98381   4.83229   5.29882   5.14749   47.5485   50.9708   51.6327   49.1626   51.7635   53.1199   49.1729   53.3046   53.6429   12.5804   13.472    
data[992       : 1023      ]: 14.8645   12.8276   13.693    15.0431   13.0846   14.1313   15.3182   0.801386  0.451272  0.703136  0.848734  0.300164  0.681258  0.854357  0.402112  0.748429  1.89112   2.36763   2.29125   2.22008   2.49536   2.10986   2.55252   2.53071   2.41389   5.52581   5.13317   5.4947    4.7054    4.77967   5.24112   5.65238   
data[1024      : 1055      ]: 5.14064   5.9586    4.43326   3.99445   5.59848   4.5103    4.38573   5.22142   4.6758    4.32096   6.56472   0.654987  0.211534  0.447994  0.805197  0.208622  0.554792  0.554233  -0.09491220.280755  3.1589    2.54554   4.04082   3.12188   3.17746   3.51421   3.28405   2.49805   3.98605   0.955618  0.156635  0.280507  
data[1056      : 1087      ]: 0.782623  0.259627  0.390315  0.939807  0.0987252 0.447637  1.94      1.37589   1.83084   2.14375   2.07819   2.25815   2.15867   1.53328   2.18204   0.242277  0.216716  -0.07675530.147148  0.323102  -0.01791560.420345  0.251142  0.0262297 6.22877   6.12446   6.77071   5.79373   6.09332   5.68996   5.7502    6.0099    
data[1088      : 1119      ]: 6.73821   4.79023   3.68076   3.69613   4.57463   3.38182   3.56028   4.61881   3.4293    3.77389   4.55216   5.42732   6.32424   4.55394   4.75529   6.28318   4.84807   5.48218   6.09771   2.93205   3.38811   3.00874   3.21784   3.15587   3.09368   2.73487   2.85387   2.95913   1.05125   1.30739   0.538311  0.906975  
data[1120      : 1151      ]: 1.50759   0.701006  0.911047  1.17151   0.811581  12.9899   13.025    13.6027   12.381    14.0296   13.1648   13.0846   13.1489   14.0908   3.60521   3.4441    3.173     3.04877   3.83463   3.05316   3.41806   4.00549   2.80415   0.0225423 0.0781206 0.182739  -0.041237 0.0885561 0.0642757 0.001121860.0487978 0.0961837 
data[1152      : 1183      ]: -1.84479  -2.84366  -2.68178  -3.38231  -3.46123  -3.80731  -2.86401  -3.47806  -3.28908  -4.97213  -5.57421  -5.58638  -6.30846  -6.41906  -6.70574  -6.14259  -6.51388  -6.43093  -5.12729  -5.44012  -4.70654  -6.21468  -6.33536  -5.91414  -6.16964  -6.10886  -5.77505  -1.01153  -0.446004 -0.863061 -1.05474  -0.546715 
data[1184      : 1215      ]: -0.985388 -0.989474 -0.604925 -0.546461 -3.73845  -3.82946  -4.11849  -3.71229  -4.33753  -3.35236  -3.93764  -4.12581  -4.42507  -1.20799  -0.53344  -0.673071 -1.11274  -0.984582 -1.12325  -1.26654  -0.593774 -0.835459 -1.79349  -2.36635  -1.96133  -2.83605  -1.9751   -2.52702  -2.63044  -2.56956  -2.56339  -0.210736 
data[1216      : 1247      ]: -0.755367 -0.354051 -0.299648 -0.476729 -0.291564 -0.270162 -0.722886 -0.448525 -7.57073  -6.05412  -7.45922  -8.27337  -7.17601  -7.97518  -8.37311  -7.4845   -8.21578  -6.32679  -4.64281  -5.7246   -6.04059  -4.83054  -6.22927  -6.66136  -5.54071  -6.4555   -6.69013  -6.21042  -6.64742  -7.07087  -6.68893  -6.87383  
data[1248      : 1279      ]: -8.14761  -7.40983  -7.84397  -3.80696  -3.4023   -3.60387  -4.25547  -4.15292  -4.74965  -4.39568  -3.99588  -4.0081   -0.97549  -1.36656  -1.20641  -1.2111   -1.41317  -1.66777  -1.3067   -1.31002  -1.49914  -13.9102  -15.041   -14.7327  -15.7437  -16.5665  -15.5587  -16.2557  -16.6468  -16.2872  -3.15488  -4.94892  
data[1280      : 1311      ]: -3.86654  -3.08746  -4.8209   -4.14301  -3.64212  -5.59882  -4.33652  -0.113578 -0.139512 -0.186395 -0.129207 -0.120337 -0.294387 -0.0755603-0.155218 -0.289472 -0.785467 -0.546451 -0.724459 -1.50601  -0.590114 -1.50514  -1.00083  -1.04737  -0.546403 -2.0171   -1.60171  -1.96693  -2.86913  -1.47159  -2.11624  -3.2845   
data[1312      : 1343      ]: -2.36062  -2.6437   -2.3922   -1.52599  -0.661855 -2.20047  -2.59243  -1.19693  -3.02367  -2.49059  -1.19437  -0.210114 0.335227  -0.505495 0.0471379 -0.0149243-0.204248 -0.116854 0.33635   -0.464658 -1.49507  -1.56803  -0.884158 -2.64555  -2.05278  -2.31617  -2.5034   -2.03114  -1.52934  -0.20152  0.208286  -0.50626  
data[1344      : 1375      ]: -0.607623 0.0133107 -0.96145  -0.133841 0.144896  -0.745655 -0.849157 -0.274366 -0.780791 -0.804499 -0.740421 -0.611046 -0.918564 -0.468468 -1.00473  0.208642  0.0713501 -0.137646 0.075691  0.0577741 -0.07959460.0648438 0.0498502 -0.206577 -3.11179  -1.5066   -2.40556  -3.69546  -3.21036  -2.98773  -4.06621  -2.80993  
data[1376      : 1407      ]: -3.53444  -1.98479  -0.739374 -2.69529  -2.67585  -0.462643 -4.06359  -2.83737  -1.29824  -3.74464  -1.79083  -2.61588  -0.301838 -3.19102  -4.09871  -1.72102  -3.53617  -3.83197  -1.40907  -1.22545  -0.234465 -0.917543 -1.77661  -1.8849   -1.19311  -1.77422  -0.464971 -1.60064  0.146472  -0.119006 -0.240829 -0.34547  
data[1408      : 1439      ]: -0.139491 -0.31312  0.207032  -0.0712969-0.519147 -5.6701   -3.45845  -4.49508  -7.50889  -4.60395  -5.92803  -8.24596  -5.92528  -6.54593  -0.745587 0.0896969 -0.77384  -1.33525  -0.778458 -1.18056  -1.45403  -0.42684  -1.07971  0.0434019 -0.0412957-0.04564980.11301   -0.04300830.113784  0.0867465 -0.11114  -0.0564972
data[1440      : 1471      ]: -0.02614350.0880828 0.0570355 0.009256870.0834896 0.021242  0.176495  -0.035435 -0.04332410.203774  0.334419  0.221472  0.144313  0.159106  -0.07177370.142304  0.058649  0.0742898 0.179564  0.282108  0.636329  0.204973  0.107581  0.334328  0.169227  0.223221  0.415809  0.0216091 0.0373292 -0.0424873-0.009004650.0252507 
data[1472      : 1503      ]: 0.0126056 -0.0227467-0.0350379-0.024457 0.23979   0.126915  0.281474  -0.01884050.0617213 0.107521  0.0978062 0.09986   0.0166309 0.0096298 0.006615950.00729904-0.102342 -0.07766810.00910749-0.0469998-0.026249 -0.0004928860.007981560.146699  0.0855003 0.065879  0.0250476 0.0853718 0.0601404 0.0006206630.0828037 0.0256476 
data[1504      : 1535      ]: 0.0122992 0.0367766 0.0168429 -0.0318553-0.00699132-0.000505236-0.01583230.0226633 0.240443  0.358249  0.146566  0.108994  0.165561  0.0764608 0.132962  0.344501  -0.03708790.148513  0.28982   0.156758  -0.07182970.0725909 -0.0672749-0.147122 0.178455  0.0651683 0.156643  0.355903  0.572209  0.0178474 0.0602301 0.279725  
data[1536      : 1567      ]: 0.166756  0.352389  0.355464  0.0692142 0.291878  0.113257  -0.004116750.137534  0.0929426 0.0265776 0.189603  -0.04421080.0878097 0.0390723 0.033737  0.00108437-0.0068357-0.04080820.111164  0.0360511 -0.002460850.601461  0.793519  0.311771  0.427614  0.373605  0.124026  0.286165  0.393816  0.0865767 0.224566  0.154585  
data[1568      : 1599      ]: 0.06053   0.149679  0.107085  0.007510710.102238  0.141492  0.00518553-0.00735729-0.0507038-0.005003050.0230945 0.0447263 0.0375852 -0.0135834-0.04732430.0421755 0.0924856 0.0288781 0.0391292 0.0893258 0.0265216 0.0687106 0.106617  0.0685417 0.0501284 0.237873  0.101227  0.153423  0.221654  0.0658761 0.101178  0.234466  
data[1600      : 1631      ]: 0.0298647 0.250149  0.329058  0.275326  0.303511  0.208609  0.504963  0.0181494 0.28034   0.436212  0.233397  0.0902459 0.0169741 0.103208  0.169639  0.0278525 0.124651  0.0912417 -0.002113130.171911  0.271219  0.063019  0.0795442 0.184987  0.04751   0.196369  0.179015  0.221568  -0.09792750.202178  0.0293913 0.206629  
data[1632      : 1663      ]: 0.20473   0.0190602 0.218792  0.161168  0.0109613 0.165584  0.14075   -0.02584930.0858285 0.074223  0.0515702 -0.005523240.17863   0.012492  -0.007077550.0261824 0.0655895 0.0386819 -0.02341260.031046  0.0814568 0.0495212 0.0979086 0.060247  0.377548  0.17141   0.212697  0.306091  0.0743537 0.163803  0.326171  0.205251  
data[1664      : 1695      ]: 0.232663  0.490895  0.0783827 0.383976  0.473969  0.002623820.414153  0.610042  0.028494  0.310357  0.26566   0.38173   0.0584158 0.325771  0.353101  0.124488  0.240533  0.33697   0.138747  0.158555  0.216666  0.215118  0.289273  0.114283  0.0008544180.0789485 0.0605403 0.193802  -0.03893470.0438188 -0.01282880.0459588 
data[1696      : 1727      ]: 0.0300471 0.037598  0.13023   0.0423358 0.0103958 0.687369  0.164898  0.291953  0.639464  0.127979  0.176178  0.537562  0.265922  0.297029  0.0748905 0.163506  0.103672  0.0121769 0.18514   0.0833408 0.0668851 0.151701  0.171412  0.0150778 0.0881904 -0.000887785-0.01890220.006290430.002610730.004587450.0507267 0.0253731 
data[1728      : 1759      ]: 11.469    12.1858   12.1984   13.627    13.4365   13.8421   12.2638   12.3632   11.6871   23.052    24.9528   25.6043   24.1206   25.9562   26.4303   24.6376   26.0413   26.4579   20.6468   21.3585   24.4151   22.2895   21.8944   26.3029   22.4654   22.4331   25.5623   2.61234   2.5279    2.83535   2.44333   2.67355   
data[1760      : 1791      ]: 2.30554   3.13946   2.79751   2.82189   14.9266   16.3321   17.1986   16.6323   17.0823   18.8658   16.1549   17.2579   18.2415   2.66262   2.76703   2.16409   3.09905   3.27689   2.81154   2.89121   2.98512   2.63481   8.2748    8.66325   8.77675   8.56248   8.35029   8.9932    8.54087   8.93866   9.17973   1.7219    
data[1792      : 1823      ]: 1.53178   1.22413   1.94905   1.25541   1.20077   1.76032   1.5376    1.17915   27.503    29.3459   29.4379   28.2279   31.295    30.9363   28.5909   30.4858   31.1093   18.3583   20.6689   19.3144   19.6294   20.7396   20.685    19.294    21.4988   20.3671   24.8335   26.254    28.5874   26.2776   27.5262   30.6037   
data[1824      : 1855      ]: 26.9506   27.442    29.5954   14.4598   14.4908   15.764    14.1048   15.7555   16.3515   14.7728   14.9541   16.4378   5.63518   5.97104   5.20829   5.93638   5.88863   5.14159   6.01624   6.68133   5.719     59.0504   65.0244   64.5405   62.8923   66.8244   67.1409   62.7156   68.0259   67.3169   17.7713   16.7748   
data[1856      : 1887      ]: 16.7423   17.6306   17.2846   16.8898   18.2027   17.3324   16.7534   0.447188  0.532979  0.638359  0.617042  0.448101  1.00606   0.528587  0.434379  0.639918  1.07784   0.891378  0.82742   1.19417   0.6552    1.09189   0.70184   1.22908   1.1017    1.17287   1.34588   1.0018    2.08313   1.75051   2.37307   1.26      
data[1888      : 1919      ]: 2.15465   0.918014  1.26868   1.46459   1.39191   1.66461   1.88973   1.27599   1.47494   2.08934   1.28033   0.448804  0.0459372 0.172912  0.324328  0.165177  0.120833  0.461923  0.210527  0.265787  0.604811  1.26468   0.91321   1.26621   1.2767    1.14942   0.890466  1.39019   1.14754   0.468874  0.116133  0.0621246 
data[1920      : 1951      ]: 0.782577  0.105661  0.206571  0.520173  0.0933391 0.124109  0.532204  0.34335   0.630898  0.705715  0.500658  0.88016   0.914602  0.460606  0.503237  0.299527  0.175451  -0.09759560.441123  0.159441  0.0771836 0.38555   0.122239  -0.00862281.83496   1.72358   1.98081   2.16876   1.92478   2.32853   2.5083    2.10724   
data[1952      : 1983      ]: 2.29304   1.76229   0.633463  1.31755   1.62738   1.3667    1.57825   2.36312   1.26803   1.60126   0.970122  2.00217   2.03637   1.7623    2.34623   2.24743   1.78472   1.97274   1.9419    0.83474   0.82102   0.823867  0.767328  1.33481   1.30896   1.34647   1.13044   1.28238   0.645334  -0.04962150.286703  1.12341   
data[1984      : 2015      ]: 0.520366  0.222406  0.636741  0.182752  0.36224   3.4575    4.79102   4.29468   4.23256   4.79524   4.61312   4.32428   5.41096   4.94302   1.35425   1.23152   1.03157   1.28944   1.15562   0.918274  1.53922   1.69255   1.3516    0.0416543 -0.0272827-0.01176690.003846110.0021011 0.041318  -0.009936490.002105620.0572195 
data[2016      : 2047      ]: -4.84637  -4.06807  -4.11195  -4.22629  -3.57189  -3.27665  -3.78741  -3.38319  -3.80344  -7.38972  -8.02594  -6.47395  -8.44424  -8.03892  -6.61811  -6.717    -6.9938   -5.29692  -8.13364  -7.98429  -8.31502  -7.8238   -7.36432  -7.82273  -7.10046  -6.91138  -7.10405  -0.429958 -1.53552  -0.708597 -0.635257 -1.25767  
data[2048      : 2079      ]: -0.780178 -0.909676 -1.76485  -1.09175  -5.14847  -5.42005  -4.7024   -4.6683   -4.87388  -4.88752  -5.22667  -5.42519  -4.80348  0.181477  -1.59565  -0.729239 0.169296  -1.50462  -0.57417  0.216797  -1.59016  -0.779402 -2.52172  -2.6302   -2.60881  -2.12626  -2.7494   -2.2712   -2.40401  -2.29435  -2.09169  -0.0769442
data[2080      : 2111      ]: -0.315751 -0.480129 -0.165726 -0.545867 -0.639266 -0.0378383-0.357293 -0.394247 -9.45641  -9.62767  -7.68265  -9.68777  -8.57633  -8.10248  -8.27455  -8.7486   -6.57798  -4.06545  -8.44388  -4.3893   -3.99138  -8.25614  -3.91814  -3.81039  -7.65061  -3.98411  -9.83423  -9.14063  -8.91857  -9.67213  -8.33738  -9.42165  
data[2112      : 2143      ]: -8.60057  -8.48124  -8.30149  -4.34981  -5.41682  -4.11189  -4.67021  -5.21383  -4.9867   -4.41431  -5.1911   -4.28922  -1.63495  -1.29968  -1.75201  -1.75332  -1.4835   -1.57103  -2.10818  -1.3319   -1.95259  -21.1872  -19.9907  -17.1811  -20.0815  -19.6134  -16.4699  -18.8096  -18.9926  -15.3679  -5.42789  -4.09825  
data[2144      : 2175      ]: -3.74825  -5.04825  -3.7026   -4.38455  -4.54163  -4.03001  -4.49389  -0.328467 -0.17059  -0.446175 -0.392701 -0.199571 -0.382768 -0.347871 -0.135916 -0.552955 -0.115956 0.105249  -0.150593 -0.43142  -0.542875 -0.461706 -0.193156 -0.00107808-0.277155 -0.198055 -0.0516254-0.398524 -0.775293 -0.42909  -0.570857 -0.626803 
data[2176      : 2207      ]: -0.686365 -0.430353 -0.137529 -0.438357 0.712194  -0.462637 -0.731803 0.406236  -0.553365 -0.897747 0.378396  -0.03536560.0212747 -0.04281710.028671  -0.0363483-0.161795 -0.141208 -0.0250785-0.187907 -0.165635 -0.04158870.0716713 -0.470261 -0.188538 -0.458661 -0.706606 -0.520762 -0.168562 0.00824649-0.040189 -0.360145 
data[2208      : 2239      ]: -0.159269 -0.197493 -0.54103  -0.0102891-0.0286252-0.489535 -0.151314 0.0898555 -0.0219894-0.323412 -0.386861 -0.106064 -0.0725221-0.055348 -0.17057  -0.001825980.0169031 -0.00252701-0.02546710.00011662-0.130359 0.017387  -0.00797494-0.0913219-0.45121  0.10926   0.0503732 -0.622753 -0.541975 -0.757865 -1.07006  -0.403581 
data[2240      : 2271      ]: -0.431211 -0.242252 0.224779  -0.838846 -0.768003 -0.0295231-1.01998  -0.546977 -0.1614   -1.2456   -0.258899 0.031539  0.598922  -1.19599  -1.44342  -0.288725 -0.768501 -0.888267 0.214492  -0.1676   -0.323765 0.00956757-0.153348 -0.530206 -0.498022 -0.573312 -0.577418 -0.455848 -0.01465090.0564855 -0.0388634-0.13274  
data[2272      : 2303      ]: 0.0352628 -0.0341231-0.07205680.0340829 -0.189576 -0.513731 0.496095  -0.419267 -1.44662  -0.692605 -0.689788 -1.83763  -0.76188  -1.3996   -0.08395920.409731  -0.00624314-0.218117 -0.0283108-0.453449 -0.264633 -0.089388 -0.442412 -0.00938613-0.04661670.108745  -0.00335233-0.065759 0.121516  0.005076660.0723218 -0.0050511
data[2304      : 2335      ]: -0.620845 -0.417726 -0.544613 -0.414458 -0.279716 -0.651892 -0.645641 -0.520797 -0.858835 -0.493122 -0.692257 -0.8815   -0.573749 -1.08479  -1.02106  -0.470799 -0.783288 -0.90131  -0.483709 -0.159448 -0.657503 -0.418328 -0.525065 -0.614021 -0.808682 -0.244593 -0.768863 0.0131432 -0.161533 0.108942  -0.0265091-0.441831 
data[2336      : 2367      ]: 0.108405  0.0674279 -0.155484 0.0766581 -0.124416 -0.081174 -0.398954 -0.350885 -0.576486 -0.364126 -0.338302 -0.361591 -0.511367 -0.0399596-0.535613 0.2897    -0.0652232-0.517001 0.0895301 -0.034821 -0.681391 0.0799756 -0.00407925-0.115201 -0.349332 -0.144116 -0.195481 -0.154998 -0.278239 -0.471251 -0.349603 -0.164926 
data[2368      : 2399      ]: -0.111886 -0.0608347-0.325227 -0.0657978-0.188792 -0.245922 -0.242301 0.00854661-0.17632  -0.886899 -0.629841 -0.451197 -1.16631  -0.87412  -0.288284 -1.0329   -1.22507  -0.011561 -0.960819 -0.0319849-0.00636885-1.48392  -0.358992 -0.00901026-1.25917  -0.221627 -0.373454 -0.316697 -0.840829 -0.656833 -0.657217 -0.875168 
data[2400      : 2431      ]: -0.796899 -0.481751 -1.07051  -0.115022 -0.342674 -0.151454 -0.335427 -0.546857 -0.258913 -0.29854  -0.468643 -0.300161 -0.406255 -0.207395 -0.381593 -0.505648 -0.205156 -0.364887 -0.287014 -0.226466 -0.343225 -0.80317  -1.58867  -2.25137  -1.10005  -1.8388   -2.37419  -1.21503  -2.10635  -2.81419  -1.06878  -0.235645 
data[2432      : 2463      ]: -1.14167  -1.18438  -0.306226 -1.00082  -1.35993  -0.265776 -1.27077  -0.06709210.0364946 -0.0131536-0.0700787-0.004029590.022592  -0.09436890.0337905 -0.0212941-0.725862 -0.934803 -0.862181 -0.207264 -0.423354 -0.420501 -0.461037 -0.644166 -0.426425 -1.26471  -1.21771  -1.67268  -0.929735 -1.1982   -1.44665  -1.06862  
data[2464      : 2495      ]: -0.55745  -1.52275  -1.55327  -1.04471  -1.33976  -1.16284  -1.03073  -1.38593  -1.70139  -0.410653 -1.2597   -0.557325 -0.307948 -0.170051 -0.499667 -0.272155 -0.175615 -0.514762 -0.311881 -0.334721 -0.738154 -0.858673 -1.12523  -0.610695 -0.757397 -0.823384 -0.653069 -0.533045 -1.11593  -0.750121 -0.490233 -0.19077  
data[2496      : 2527      ]: -0.840546 -0.24273  -0.252002 -0.778471 -0.433123 -0.158849 -0.553793 -0.504427 -0.679229 -0.564717 -0.483799 -0.307253 -0.447013 -0.469623 -0.41487  -0.238058 -0.2751   -0.188016 -0.335725 -0.291042 -0.127731 -0.344461 -0.283405 -0.220781 -1.55147  -1.24818  -1.69846  -1.73076  -1.47923  -1.53085  -1.13574  -1.10758  
data[2528      : 2559      ]: -1.3625   -1.94632  -1.45968  -1.30148  -1.88     -0.786044 -1.09188  -1.76489  -1.17481  -1.22364  -1.26543  -1.07214  -1.46527  -1.51311  -0.982957 -1.46053  -1.18264  -1.08228  -0.995462 -0.87058  -0.485988 -1.02027  -0.732443 -1.02706  -0.806086 -0.847181 -0.317088 -0.877182 -0.338036 -0.554959 -0.36291  -0.341482 
data[2560      : 2591      ]: -0.530133 -0.356524 -0.388674 -0.596031 -0.431769 -3.0353   -3.47228  -3.56331  -2.7582   -2.64119  -3.72717  -2.11824  -2.95361  -3.22916  -0.388525 -1.25223  -1.29324  -0.562031 -1.70898  -1.19146  -0.465072 -1.329    -0.995539 -0.121644 -0.0618951-0.0221906-0.08484310.00459885-0.0747298-0.130998 -0.0493649-0.0434961
data[2592      : 2623      ]: -0.015803 -0.0486426-0.0377278-0.0197837-0.006748250.0481829 -0.0220481-0.00368078-0.0199573-0.00573275-0.0770555-0.0530306-0.0240525-0.102566 -0.05028337.59177e-05-0.036329 -0.0266957-0.02520530.00765865-0.0635265-0.0814147-0.03766920.0158513 -0.034717 0.0315448 -0.0456337-0.0027057-0.00450764-0.001315650.0170591 -0.0168188
data[2624      : 2655      ]: -0.001502240.0100904 -0.01806230.018153  -0.010433 -0.0438971-0.0225464-0.0103149-0.0203192-0.0291193-0.00779574-0.0654608-0.0193325-0.017074 -0.0248373-0.0108156-0.00175511-0.002739870.003074540.0172841 -0.00198062-0.03837630.00378968-0.06095960.00501989-0.012675 0.0169094 -0.022019 -0.0464099-0.0242596-0.0133104-0.00971003
data[2656      : 2687      ]: -0.00753930.001674330.00723597-0.01729260.0141125 0.006734150.002830310.0122568 -0.04106260.00145486-0.09983720.00155365-0.096125 -0.0496465-0.0354389-0.0533797-0.02485570.0108306 -0.0958528-0.07274970.0324867 -0.0345798-0.044061 0.0528748 -0.0479124-0.0968523-0.0253984-0.0660349-0.05354220.0074311 -0.05147760.0641484 
data[2688      : 2719      ]: -0.100998 -0.03909350.0369087 0.0301514 -0.0645799-0.0792216-0.02247350.0265101 -0.0113726-0.0368218-0.0741083-0.0798857-0.0224246-0.0012319-0.00909377-0.0002177870.00336602-0.05882240.0168088 -0.0343979-0.0172314-0.033466 -0.139023 -0.210098 -0.0552761-0.0991829-0.135451 -0.00831133-0.0646354-0.143237 -0.0322305-0.100233 
data[2720      : 2751      ]: -0.03386870.0293018 -0.0470988-0.01350080.0216945 -0.0331549-0.07379290.00314869-0.0249558-3.10836e-050.00726594-0.0317168-0.00944719-0.00283363-0.0328655-0.009550855.16614   5.70195   5.43648   5.82933   6.36392   6.24308   5.14485   6.40101   5.61798   9.12645   10.8522   10.8354   9.45235   10.7896   11.0619   9.09142   
data[2752      : 2783      ]: 11.3692   11.6657   7.80059   7.42614   11.1286   7.43282   8.40556   10.4418   7.19714   8.80834   11.7238   1.21266   0.78176   0.777173  1.27127   0.56086   0.704968  1.35725   0.950167  0.961962  5.64138   7.38561   8.0158    6.11605   6.90004   8.12674   6.17377   7.74172   8.26675   1.72547   0.669538  0.352987  
data[2784      : 2815      ]: 2.06517   0.555179  0.486093  1.78135   0.561218  0.580339  3.57591   3.92601   4.08988   3.35944   3.75087   3.85959   3.21524   3.08254   3.66606   1.13746   0.709368  0.0963308 1.45729   0.542923  0.155402  1.15337   0.530141  0.102603  11.1573   12.8148   13.8164   11.1073   13.0205   14.192    10.6344   13.0887   
data[2816      : 2847      ]: 12.7758   7.47785   7.63024   7.37565   9.08564   7.61323   7.90252   8.62305   7.19282   8.213     8.75207   10.8997   13.0796   9.36237   11.0852   14.0506   8.82952   11.2456   13.0899   5.66185   6.15972   7.2649    5.25547   7.07542   6.42886   5.97457   6.54449   7.69087   2.93555   2.63588   1.84956   2.98276   
data[2848      : 2879      ]: 2.6239    1.83745   2.77461   2.87745   2.10307   24.9483   29.9746   30.0538   26.2795   30.4041   30.8038   25.124    31.113    30.3588   7.83631   8.17918   6.67485   8.16111   8.99453   6.43673   8.69581   9.17773   6.77455   0.138406  0.116877  0.131634  0.0651062 0.0819164 0.213316  0.115587  0.0908473 0.213478  
data[2880      : 2911      ]: -0.193357 -0.451353 -0.219526 -0.106166 -0.368973 -0.293179 -0.176381 -0.530459 -0.26151  -0.532908 -0.505834 -0.405216 -0.386174 -0.508613 -0.547565 -0.542192 -0.330476 -0.579428 -0.39697  -0.317259 -0.779592 -0.405595 -0.213376 -0.770017 -0.654493 -0.118002 -0.887192 -0.496068 -0.0233504-0.151852 -0.586128 0.00923507
data[2912      : 2943      ]: -0.0568887-0.594515 -0.00605717-0.0367974-0.217069 -0.313621 -0.435408 -0.270394 -0.192995 -0.512656 -0.308663 -0.144633 -0.520326 -0.864296 -0.0280721-0.122509 -0.843376 -0.0377148-0.171264 -0.969543 -0.0211488-0.0785326-0.251741 -0.0833667-0.138644 -0.282551 -0.153274 -0.23901  -0.0723763-0.126759 -0.368476 -0.317403 
data[2944      : 2975      ]: -0.245442 -0.0882085-0.324119 -0.305527 -0.0419112-0.28734  -0.258374 0.00857166-0.600835 -0.384082 -0.646059 -0.828713 -0.296287 -0.671804 -0.587012 -0.190411 -0.653399 -1.67795  -0.144713 -0.592165 -1.69445  -0.119406 -0.711141 -1.63722  -0.0722125-0.485342 -0.323191 -0.314395 -0.798923 -0.258229 -0.235649 -1.01294  
data[2976      : 3007      ]: -0.150758 -0.34188  -0.9185   -0.300085 -0.28322  -0.415229 -0.307197 -0.26947  -0.458087 -0.424078 -0.101295 -0.549989 -0.162729 -0.440517 -0.133954 -0.147706 -0.426176 -0.129465 -0.218513 -0.505732 -0.0920728-0.775661 -1.30215  -1.42251  -0.75857  -1.39896  -1.48105  -0.942505 -1.2124   -1.34177  -0.146581 -1.16698  
data[3008      : 3039      ]: -0.268748 -0.108539 -1.12182  -0.0988898-0.130523 -1.07675  -0.207997 -0.0105177-0.0822318-0.065986 -0.0058119-0.044468 -0.06073730.000415133-0.0555309-0.0272102-2.18436  -2.03376  -2.71409  -2.70109  -2.95167  -3.16831  -2.80455  -2.67168  -2.46966  -4.35382  -4.55477  -4.89727  -4.92904  -4.84059  -5.15865  -5.14942  
data[3040      : 3071      ]: -5.61426  -5.75936  -4.24259  -3.96165  -4.38454  -4.74861  -4.08427  -5.76437  -4.52271  -5.04141  -5.7989   -0.674668 -0.485113 -0.394065 -0.761494 -0.582583 -0.472909 -0.932674 -0.79442  -0.612987 -3.12789  -2.97441  -3.46371  -3.29071  -2.93342  -3.95339  -3.67156  -3.83426  -4.01087  -1.12871  -0.745929 -0.525848 
data[3072      : 3103      ]: -1.17757  -0.951093 -0.330689 -1.13919  -0.773292 -0.392578 -1.48758  -1.52025  -1.4464   -1.73897  -1.94445  -2.14945  -1.92368  -1.89554  -1.66801  -0.674278 -0.377726 -0.300862 -0.401572 -0.261526 -0.184108 -0.713266 -0.401221 -0.333935 -5.06981  -5.80115  -5.20468  -5.8433   -6.28567  -6.0536   -5.74758  -6.53098  
data[3104      : 3135      ]: -6.7722   -3.95296  -3.78237  -3.31304  -5.08916  -4.22195  -3.80031  -4.15146  -4.08574  -4.31455  -4.81223  -4.93611  -5.73919  -5.4588   -6.0138   -6.47568  -5.51517  -5.18205  -6.49405  -2.88709  -2.97417  -3.66733  -2.94033  -2.90906  -3.03708  -3.77091  -2.80262  -3.17751  -1.3019   -1.3322   -1.20734  -0.976806 
data[3136      : 3167      ]: -1.40253  -1.14939  -1.67951  -1.64416  -1.48705  -10.93    -12.1322  -11.9208  -12.1611  -13.5924  -13.4148  -12.6587  -13.6548  -14.2534  -3.09831  -3.50598  -3.48602  -3.4599   -3.79938  -3.75958  -3.51717  -3.2672   -3.42024  -0.00575878-0.0562742-0.161909 -0.13524  -0.0783721-0.300445 -0.014595 -0.0900297-0.053084 
data[3168      : 3199      ]: 0.161773  1.00086   0.676169  1.43805   1.54326   1.72941   1.16089   1.37093   1.09097   2.41506   2.01659   1.82929   3.33639   2.65166   2.73597   3.90894   3.27439   2.56103   1.94453   1.82522   0.484147  3.25114   1.63654   1.31313   3.092     2.73291   1.07071   0.217739  0.324313  0.576333  -0.04508810.45488   
data[3200      : 3231      ]: 0.50074   0.0356565 0.530627  0.324168  1.87451   1.38997   0.961631  2.3977    1.03488   1.04333   2.07365   1.59344   1.36811   -0.45163  0.66108   0.575863  -0.51926  0.902576  0.470949  -0.375798 0.823588  0.489509  0.150242  1.03377   0.149146  1.22238   0.772315  0.660757  0.65665   1.18625   0.72232   -0.610368 
data[3232      : 3263      ]: 0.0712919 0.35978   -0.746681 0.0125352 0.402011  -0.734885 0.1262    0.374185  2.9165    1.82871   1.56019   2.80252   3.1391    1.97567   3.77648   2.63915   2.40894   1.95229   1.85196   2.01607   1.6526    2.58835   2.54864   2.06212   2.87334   2.52893   3.28704   2.15395   1.4699    3.95195   3.00931   1.78147   
data[3264      : 3295      ]: 4.76155   2.69604   2.46784   1.61778   1.1986    0.2287    2.22712   1.60629   1.69937   1.91029   1.17993   0.926537  -0.435617 0.582806  0.331145  -0.08076890.41305   0.837353  -0.446879 0.377211  0.425617  4.99449   3.24704   3.79636   6.16072   4.31737   4.88552   6.42264   5.0711    5.40711   -0.854396 -0.131541 
data[3296      : 3327      ]: 1.35045   0.274044  0.50164   2.11013   -0.224283 0.0826545 2.10108   0.0275629 0.0728763 -0.12145  0.233747  0.16241   -0.0954156-0.08196010.121718  -0.210605 0.0356334 -0.118835 -0.120717 -0.0495473-0.116797 -0.08852840.0234881 -0.0280868-0.104942 -0.0225075-0.14233  -0.134945 -0.0119512-0.105945 -0.106494 0.044053  
data[3328      : 3359      ]: -0.115396 -0.231533 0.021555  0.0492666 -0.108899 -0.0338714-0.0802272-0.055026 -0.00754795-0.124914 -0.159958 0.00484876-0.0192768-0.005495350.0134544 -0.00307846-0.01011760.0155387 0.00146427-0.035922 0.00146335-0.0355858-0.09247750.0100723 -0.028753 -0.139426 -0.0584464-0.0222171-0.0182327-0.01348110.00818373-0.0167566
data[3360      : 3391      ]: -0.0117   -0.00692262-0.06648040.0136836 -0.0176737-0.03558550.0151137 -0.0429094-0.09033850.0128521 -0.041156 -0.09216140.0194255 0.00487866-0.135815 0.00156745-0.0122888-0.004633290.00100317-0.00757807-0.00833051-0.0203634-0.0145099-0.01616530.086747  -0.0990038-0.23057  -0.0124168-0.0504963-0.08481130.0577444 -0.0545047
data[3392      : 3423      ]: -0.133982 0.0167962 -0.0509856-0.11664  0.023327  -0.0898504-0.157372 -0.00710052-0.0929513-0.203399 0.00373995-0.188411 -0.159907 -0.00546869-0.0235799-0.05249780.0410958 -0.0293265-0.128851 0.0883555 -0.0217186-0.0810707-0.0286018-0.0623882-0.06888890.0296613 0.0362945 -0.0499199-0.000578783-0.0346887-0.0380695-0.0335434
data[3424      : 3455      ]: -0.089742 -0.06430040.0259361 -0.0640874-0.0284574-0.0495164-0.290336 -0.340826 -0.0247952-0.23089  -0.41312  0.0218782 -0.302916 -0.450529 -0.0773968-0.17154  -0.0500439-0.0338548-0.189161 -0.05151370.064947  -0.19166  -0.0663654-0.00913813-0.0128475-0.00014252-0.00865516-0.0147282-0.00811307-0.00469768-0.0126066-0.00427574
data[3456      : 3487      ]: 1.85738   1.76979   2.13275   2.80915   2.78905   2.9995    2.08927   1.8439    2.16254   3.22961   4.46309   3.97305   4.02993   4.52257   4.2121    3.23076   4.56985   4.64354   2.28276   3.40789   4.15166   2.92907   3.51001   4.56381   3.16551   3.65595   4.74823   0.273058  0.604522  0.371917  0.130857  0.683255  
data[3488      : 3519      ]: 0.328527  0.243856  0.742962  0.398684  1.70445   2.65597   2.29952   2.52273   2.94234   3.45867   2.2784    2.6228    3.32782   0.0627635 0.672356  0.371921  0.275099  0.969729  0.502163  0.170928  0.637546  0.370133  0.912283  1.22036   1.06295   1.30598   1.58543   1.64908   1.54346   1.69998   1.52025   0.665834  
data[3520      : 3551      ]: 0.180386  0.313558  0.692073  0.0211217 0.361339  0.700722  0.284395  0.266553  3.44236   4.61467   4.54845   3.76083   5.46452   5.39729   4.31645   5.6049    5.24039   1.92135   3.63327   2.99541   2.23355   4.23484   3.25827   1.88042   4.02927   3.22473   2.8647    4.40282   5.18437   3.95521   5.00144   5.34599   
data[3552      : 3583      ]: 3.70864   4.51809   6.1856    2.0093    2.90028   2.49447   1.78401   2.901     2.6205    2.16965   2.95916   2.95292   1.11463   0.718814  0.795671  1.29699   0.800823  1.07033   1.54342   1.38607   1.14747   8.55802   10.7686   10.0414   10.096    11.4402   11.3881   9.7724    11.4455   11.6314   4.18267   2.58762   
data[3584      : 3615      ]: 3.16481   4.1293    2.40506   2.48922   4.58518   3.06658   3.90858   0.0886868 0.135519  0.181084  0.222023  0.143788  0.293904  0.0777295 0.199782  0.120581  -0.268449 -0.271001 -0.533341 -0.354204 -0.347303 -0.591864 -0.243456 -0.276619 -0.799107 -0.512463 -0.473971 -0.406572 -0.627556 -0.496155 -0.374632 -0.488272 
data[3616      : 3647      ]: -0.619484 -0.700538 -1.52471  -0.443017 -0.490959 -1.75959  -0.394447 -0.42817  -1.78763  -0.565687 -0.462709 -0.120976 -0.66018  -0.0669894-0.116034 -0.548679 -0.0296302-0.0556227-0.607727 -0.0717516-0.725733 -0.29521  -0.300463 -0.654826 -0.420972 -0.190588 -0.869541 -0.435524 -0.379028 -0.0664252-0.713921 -0.179299 
data[3648      : 3679      ]: -0.109648 -1.22588  -0.24065  -0.125097 -1.08727  -0.0800813-0.285176 -0.225638 -0.168915 -0.430348 -0.421891 -0.422691 -0.637168 -0.237767 -0.199798 -0.041947 -0.408793 -0.356421 -0.0395756-0.239099 -0.317682 -0.0291358-0.375478 -0.383933 -0.385073 -0.803716 -0.567264 -0.68728  -0.77355  -0.499104 -0.531331 -1.00076  
data[3680      : 3711      ]: -0.61366  -0.282097 -1.90683  -0.204742 -0.524251 -1.83564  -0.173031 -0.292224 -1.91938  -0.203507 -1.5042   -0.536803 -0.414153 -1.63918  -0.483656 -0.468193 -1.54365  -0.486079 -0.506526 -0.446759 -0.21369  -0.227944 -0.550378 -0.640445 -0.339474 -0.561944 -0.78774  -0.288832 -0.100429 -0.296311 -0.534785 -0.0724457
data[3712      : 3743      ]: -0.238347 -0.523107 -0.126016 -0.381192 -0.615066 -1.48612  -0.776526 -1.23012  -1.32296  -0.723069 -1.68819  -1.47115  -0.686253 -1.63447  -0.161486 -0.164851 -1.37384  -0.213611 -0.323435 -1.37962  -0.21642  -0.245277 -1.62251  -0.153089 -0.047352 -0.0151093-0.289922 -0.0294885-0.0753413-0.206648 -0.0193304-0.0617619
data[3744      : 3775      ]: -3.93087  -3.45532  -3.55081  -5.40329  -4.3661   -4.78378  -4.22607  -3.9809   -4.07761  -8.99979  -8.84573  -8.32283  -8.93962  -9.0723   -8.73397  -10.0601  -9.5315   -9.61103  -7.36258  -8.18617  -9.41272  -7.22048  -8.50514  -10.5649  -7.64074  -9.38282  -10.7381  -0.819515 -0.74206  -0.950094 -0.701399 -0.625941 
data[3776      : 3807      ]: -0.660471 -0.755151 -0.819261 -0.992873 -5.95479  -5.6737   -6.60839  -6.05052  -6.45202  -6.38718  -6.78503  -6.64048  -7.23603  -0.544807 -0.498882 -0.543024 -0.883852 -0.878099 -0.781754 -0.54126  -0.499965 -0.569006 -2.57972  -2.9309   -2.64051  -3.28178  -3.00162  -3.15849  -3.22929  -3.41999  -3.44586  -0.50599  
data[3808      : 3839      ]: -0.134033 -0.181547 -0.310901 -0.0788181-0.175859 -0.438011 -0.20677  -0.247434 -10.0167  -10.4486  -9.95001  -10.3093  -11.0679  -9.97428  -11.0543  -12.039   -10.9135  -6.58793  -5.76172  -5.90244  -6.76081  -6.72638  -6.39352  -7.58266  -6.70251  -7.01599  -8.95915  -9.2217   -10.6728  -9.34566  -10.2414  -11.8771  
data[3840      : 3871      ]: -9.944    -10.5009  -12.2149  -5.067    -5.39861  -5.20779  -5.85597  -5.64792  -5.28283  -5.50215  -5.70866  -5.10844  -1.8984   -1.79288  -1.17191  -1.87517  -1.91604  -1.60669  -2.05855  -2.02569  -1.3899   -22.3128  -21.592   -20.4204  -23.0655  -23.9339  -21.3633  -24.4649  -24.7874  -22.5423  -6.42643  -4.36785  
data[3872      : 3903      ]: -4.47099  -6.89703  -5.37318  -5.38716  -7.23689  -4.55903  -4.86869  -0.007904220.0757952 -0.384268 -0.0759299-0.0551816-0.599969 0.029222  0.103413  -0.520026 9.09608   9.08143   9.04907   9.00946   9.9498    9.74288   8.95963   9.07889   9.21692   18.2003   18.3197   18.7553   18.1312   18.4203   17.9434   18.2065   
data[3904      : 3935      ]: 18.2018   19.2346   17.6816   17.0587   18.0925   18.0786   17.6449   18.5097   17.5858   17.0609   18.72     2.22012   2.08655   2.3255    2.24879   2.54017   2.32091   2.52288   2.29455   2.75469   12.3962   13.047    13.1286   12.8615   13.1911   13.7596   12.4109   13.5029   13.1625   2.58641   2.53303   2.88748   
data[3936      : 3967      ]: 2.74077   2.8911    3.20458   2.83886   2.60312   3.02335   6.65554   6.28002   6.38522   6.47992   6.25822   7.06124   6.56836   6.08574   6.34104   1.21135   1.40402   1.19923   1.10969   1.23033   1.33      1.18332   1.32203   1.31179   21.7786   21.7404   21.9064   22.4075   21.7441   22.3874   22.1116   22.3245   
data[3968      : 3999      ]: 22.19     14.9508   15.5467   15.5687   15.6854   15.1891   16.2057   15.1724   15.652    15.5422   20.4672   20.7285   21.2987   20.6499   20.3701   21.8941   20.328    20.9805   21.7231   10.9907   10.5121   11.4128   11.647    12.0825   12.0789   11.4039   11.5366   11.9429   4.09144   4.225     4.02198   3.82878   
data[4000      : 4031      ]: 4.38222   4.01117   4.36611   4.84354   4.64363   46.1299   47.8262   47.1441   46.9046   48.3428   47.7757   46.5533   48.968    47.6587   11.5124   12.421    12.2093   11.8485   12.7899   11.9982   12.2307   13.0325   12.6625   0.583914  0.539972  0.57858   0.396511  0.536485  0.467848  0.470681  0.55494   0.560354  
data[4032      : 4063      ]: 9.45284   8.56888   9.34983   9.82972   9.40949   10.2257   9.46344   8.65792   9.58395   18.3006   18.3598   17.6745   18.0308   18.8539   17.8291   18.4258   19.5698   18.5783   18.0438   16.3247   17.8217   18.7467   16.1003   18.8456   18.8299   17.0494   19.2427   1.5964    3.0478    1.75123   1.4742    2.97908   
data[4064      : 4095      ]: 1.64015   1.54676   2.81327   1.71875   12.5441   11.9739   12.2576   13.2627   12.7459   13.3241   12.6913   12.6284   12.8166   1.6228    3.90403   1.70413   1.78533   4.27638   1.85347   1.75728   3.90689   1.76788   6.41399   6.11084   6.13293   6.76371   7.18762   6.39761   6.422     6.52476   6.54141   1.22651   
data[4096      : 4127      ]: 1.19553   1.46358   1.19491   1.21894   1.34918   1.28151   1.28905   1.31492   20.1267   21.9106   20.0434   20.4722   22.8186   20.7537   21.2622   22.9156   21.6809   12.7225   17.611    12.6014   13.7537   18.3027   13.0454   13.3564   18.3741   12.9132   21.1012   19.4062   20.8032   21.9705   20.3645   21.988    
data[4128      : 4159      ]: 22.2594   19.8316   22.0077   10.6946   11.5359   10.7485   11.3441   12.0907   11.2348   11.2544   12.3695   11.473    4.41785   4.12871   4.51369   4.10737   3.77563   4.40933   4.48303   4.53599   4.67962   46.171    46.2118   44.8795   46.7551   47.887    46.5436   47.8182   48.0514   47.7681   12.5321   10.2561   
data[4160      : 4191      ]: 13.0787   12.7872   10.7335   13.5295   13.2469   11.3957   13.4592   0.582313  0.250595  0.603758  0.71206   0.306436  0.67396   0.553527  0.246075  0.692079  0.322341  0.165062  0.0663483 0.365554  0.269548  0.0988193 0.424059  0.187849  0.0687245 0.67253   0.354153  0.253426  0.772403  0.355507  0.199224  0.59365   
data[4192      : 4223      ]: 0.376266  0.313119  0.767956  1.54366   0.43536   0.688668  1.45258   0.476488  0.706474  1.57627   0.605317  0.0830345 0.0600483 0.633669  0.0289245 0.0547817 0.47911   0.0430899 0.0408288 0.507918  0.538718  0.679538  0.231928  0.529038  0.558327  0.227683  0.528147  0.634886  0.210788  0.0488814 0.0724939 0.774547  
data[4224      : 4255      ]: 0.0119442 0.0221119 0.800704  0.0300035 0.0479911 0.956261  0.287331  0.2373    0.299881  0.148396  0.281781  0.255444  0.304951  0.243882  0.273335  0.001924150.002270810.284164  0.003556450.0483997 0.2913    0.003639590.007708240.224563  0.840529  0.523571  0.599049  0.908145  0.351716  0.561743  0.977124  0.519943  
data[4256      : 4287      ]: 0.544943  0.492011  0.194218  1.54447   0.531811  0.21028   1.45343   0.474632  0.15238   1.39556   0.742602  1.43255   0.296226  0.955742  1.36787   0.27956   0.884515  1.32273   0.336009  0.507702  0.538565  0.384266  0.545064  0.44314   0.370091  0.332729  0.477525  0.393134  0.162732  0.0320823 0.158438  0.117476  
data[4288      : 4319      ]: 0.0179125 0.127894  0.134197  0.0540254 0.120182  2.06387   0.818792  0.332371  2.00854   0.707631  0.332205  1.85079   0.826704  0.300312  0.369248  0.100052  0.0818446 0.514554  0.199584  0.124939  0.372904  0.0933319 0.120519  0.0130017 0.177697  0.0928472 -0.008051620.174788  0.0545183 0.004652310.222023  0.0474681 
data[4320      : 4351      ]: -4.12413  -4.19096  -4.23323  -5.16329  -3.62678  -4.76016  -4.81144  -4.67237  -4.79671  -9.31288  -10.0588  -9.46662  -9.81916  -9.2824   -9.41173  -9.93849  -9.86984  -10.1203  -8.60202  -8.99431  -8.79129  -8.7354   -8.48789  -8.94969  -8.3848   -8.71188  -9.04583  -0.915162 -0.601775 -0.816006 -0.678739 -0.765735 
data[4352      : 4383      ]: -0.667267 -0.624056 -0.413519 -0.560731 -6.24319  -6.85746  -6.66212  -6.2177   -6.37948  -6.80545  -6.26088  -6.25254  -6.2898   -0.831427 -0.652006 -0.658466 -0.685611 -0.737055 -0.458491 -0.924151 -0.558071 -0.575663 -3.46058  -3.0536   -3.0937   -2.91088  -3.15275  -2.90155  -3.9239   -3.22628  -3.90995  -0.484045 
data[4384      : 4415      ]: -0.274571 -0.283846 -0.814102 -0.391865 -0.413205 -0.504442 -0.273029 -0.256834 -11.4605  -11.7923  -10.9961  -10.8548  -11.3439  -10.9181  -11.4899  -12.1929  -11.7157  -6.679    -8.01175  -7.47182  -7.62934  -7.5099   -7.16511  -7.03494  -7.99069  -7.2685   -10.1193  -10.4879  -10.6049  -9.74628  -9.68824  -10.339   
data[4416      : 4447      ]: -10.3762  -10.986   -11.1352  -5.38181  -5.50332  -5.44302  -5.06843  -6.00823  -6.15732  -5.46828  -5.61458  -5.03035  -2.14897  -1.78712  -1.43061  -2.10304  -1.95171  -2.03487  -1.88653  -1.52656  -1.16637  -24.7163  -25.1905  -24.5805  -24.8305  -24.605   -24.3606  -24.9163  -25.8422  -24.9164  -7.13579  -5.15685  
data[4448      : 4479      ]: -5.60887  -7.12843  -4.89333  -5.83031  -7.0612   -5.27088  -5.91104  -0.18855  -0.0919627-0.250235 -0.209625 0.0068313 -0.397424 -0.13554  -0.0541271-0.299061 -0.6668   -1.03507  -0.801941 -0.415086 -0.814197 -0.707669 -0.473377 -1.18463  -0.773826 -1.22236  -1.44115  -1.65554  -1.84044  -1.2649   -1.54869  -1.59337  
data[4480      : 4511      ]: -1.39352  -1.81     -1.34762  -1.19218  -1.25999  -1.58996  -1.67214  -1.4933   -1.70787  -1.25266  -1.90369  -0.569795 -0.0814169-0.348285 -0.58853  0.00320414-0.242437 -0.691289 0.00678243-0.208835 -1.22417  -0.811861 -1.49377  -1.01061  -0.998644 -1.25343  -1.35818  -0.735631 -1.05936  -0.932967 -0.031035 -0.476434 
data[4512      : 4543      ]: -1.23981  -0.072708 -0.717641 -1.05998  -0.0727974-0.474303 -0.737495 -0.409674 -0.780186 -0.642746 -0.620085 -0.728312 -0.680108 -0.542074 -0.884863 -0.336249 -0.202487 -0.161302 -0.399655 -0.362874 -0.103192 -0.358402 -0.197366 -0.170296 -1.71656  -1.56488  -1.35078  -2.06491  -1.53667  -2.23575  -2.09791  -1.50387  
data[4544      : 4575      ]: -2.05137  -2.67334  -0.379807 -2.04041  -2.5983   -0.372165 -1.68455  -2.86103  -0.484674 -1.78191  -1.30393  -1.8557   -1.85473  -1.2444   -1.57322  -1.43528  -1.50861  -1.68761  -2.14876  -0.933625 -1.0794   -1.14862  -0.979061 -0.706942 -1.13487  -1.009    -0.497514 -0.711625 -0.194831 -0.564409 -0.286657 -0.27586  
data[4576      : 4607      ]: -0.6814   -0.241285 -0.297479 -0.619028 -0.25607  -3.58121  -3.53771  -3.71735  -3.60509  -3.59478  -3.78204  -3.87314  -4.36823  -4.47531  -0.614397 -1.57983  -0.971602 -0.576246 -1.71238  -0.834135 -0.423596 -1.48198  -1.19398  -0.0161773-0.080156 0.0195484 0.009070590.0252241 0.0200881 -0.00810745-0.0591651-0.00742941
Time 5866300 ns: producer080000005 finish sending data!
