Time 5483220 ns: ack for producer08000000a's req!
Time 5483250 ns: producer08000000a is sending data!
data[0         : 31        ]: 0.0333316 0.006936380.0898312 0.0280074 -0.01004460.0780784 -0.0016532-0.02476450.077538  -0.0464151-0.0660421-0.0845716-0.0163989-0.0750385-0.0900153-0.0358948-0.0873765-0.07491740.0329552 0.0367329 0.0310625 0.0336203 0.0383801 0.0194948 -0.001397540.0168964 0.0193203 3.63497   5.52717   7.73649   4.54529   6.55842   
data[32        : 63        ]: 8.65327   6.71592   8.81818   10.7166   1.83419   2.49215   3.94978   2.64818   3.42218   4.70925   3.52388   4.29466   5.51382   1.04668   1.97969   3.26742   1.26045   2.12614   3.30574   2.1482    3.01145   4.09767   3.29924   5.12156   7.04644   4.8842    6.73625   8.50117   7.07528   8.82168   10.3617   1.49454   
data[64        : 95        ]: 2.39123   3.49754   2.01163   2.81082   3.78814   3.26633   4.10429   4.94575   1.8521    3.23845   4.60653   2.53139   4.02988   5.22364   3.70706   5.22305   6.41934   2.44028   3.13116   4.2777    3.36352   4.18577   5.44599   4.33926   5.22516   6.48131   0.0232073 0.0263187 0.0102803 0.0315101 0.0506035 0.0386294 
data[96        : 127       ]: 0.0171497 0.0375782 0.0275626 -0.00814984-0.0234104-0.0258295-0.0197841-0.0468652-0.0594037-0.00540374-0.0411623-0.05872132.11751   3.41374   5.00218   2.8924    4.17913   5.85501   4.51941   5.91284   7.60758   0.522086  1.39023   1.94481   0.931479  1.85916   2.32907   1.31124   2.16895   2.76516   1.47789   2.38047   
data[128       : 159       ]: 3.57746   2.20401   3.28894   4.4682    3.94689   4.94535   5.936     0.0763111 0.213999  0.213936  0.159886  0.324202  0.259729  0.0434068 0.16469   0.198068  0.0464385 0.002899560.396094  0.06916   0.0351774 0.421822  0.136447  0.0913884 0.503097  0.466335  0.563558  0.580346  0.558023  0.617531  0.691215  0.318326  
data[160       : 191       ]: 0.346359  0.479346  0.0797843 0.0614682 0.0374776 0.0823202 0.063779  0.0267428 0.0578336 0.0431749 0.0319057 1.81323   2.30965   1.867     2.1252    2.59873   2.21616   2.63236   3.06552   2.56342   0.0139221 0.0739674 0.122454  -0.02112130.0512301 0.0846191 -0.05126440.0135852 0.0483259 1.55766   2.0064    2.56555   
data[192       : 223       ]: 2.11472   2.66509   3.25845   2.68049   3.14011   3.73017   1.47277   2.59825   4.30415   2.43942   3.71103   5.4265    3.71424   5.02017   6.59251   0.009035370.00464806-0.02026820.009245990.007769  -0.01569770.0273184 0.0362274 0.001026490.822566  1.30769   1.61219   0.979006  1.47572   1.77582   1.38337   1.92842   
data[224       : 255       ]: 2.1499    0.0300114 0.009192170.0306272 0.0341392 0.0180042 0.032038  -0.00286576-0.0217297-0.004733871.1587    2.24781   2.909     2.01293   2.99328   3.68597   2.96463   3.93959   4.65514   5.24645   8.13083   11.8442   6.89385   9.79593   13.4401   10.2127   13.0983   16.4936   2.97252   4.87896   8.406     4.19182   
data[256       : 287       ]: 6.0752    9.6165    6.97725   9.03471   12.3393   -0.0382126-0.0516464-0.0834177-0.0419004-0.0454237-0.0876643-0.000263515-0.0252403-0.058317 1.64919   2.8173    4.32884   2.01523   3.19131   4.50117   3.56185   4.84708   6.11887   0.463821  0.639614  0.471758  0.484425  0.64571   0.446403  0.53659   0.675665  0.426856  
data[288       : 319       ]: -0.0911625-0.108027 -0.0844683-0.0505306-0.0537142-0.0425915-0.0607377-0.0809867-0.0597407-0.108197 -0.0502829-0.150481 -0.106446 -0.0523926-0.154873 -0.0666199-0.0351757-0.125499 -0.0118431-0.033042 -0.0316195-0.0520474-0.0440371-0.0399328-0.0294452-0.042344 -0.0535018-8.1214   -7.83016  -6.28293  -8.04904  -7.2249   
data[320       : 351       ]: -6.24513  -7.26832  -6.74487  -5.16711  -3.3659   -3.07231  -2.69603  -3.00304  -2.82791  -2.29484  -2.84709  -2.73171  -2.34663  -3.46846  -3.10809  -2.40786  -3.84861  -3.57418  -2.5887   -3.45121  -3.12086  -2.28919  -7.00193  -6.67327  -6.06404  -6.78921  -6.44676  -5.47107  -6.38712  -5.9625   -4.63516  -3.06695  
data[352       : 383       ]: -3.25337  -2.52426  -3.0174   -3.09248  -2.39427  -3.00843  -3.06598  -2.09041  -4.57569  -4.88502  -3.84349  -4.58548  -4.50245  -3.83413  -3.95909  -4.2107   -3.38622  -4.42758  -5.66839  -3.67354  -4.15438  -4.92761  -3.51281  -3.71787  -4.56388  -3.23672  -0.0297281-0.0352903-0.0209983-0.0354855-0.0457296-0.00994786
data[384       : 415       ]: -0.021259 -0.050727 -0.0176702-0.0774407-0.116433 -0.085386 -0.148237 -0.121314 -0.0775777-0.0659903-0.137863 -0.0644084-5.59118  -6.40472  -4.51283  -5.60013  -5.94494  -4.2788   -4.96261  -5.90835  -4.14136  -2.15727  -2.25132  -2.18466  -2.36065  -2.16397  -2.13137  -2.09548  -2.2407   -2.00352  -4.29405  -4.65735  
data[416       : 447       ]: -3.755    -4.39049  -3.60135  -3.21916  -3.60294  -3.35601  -3.17324  -0.348278 -0.380772 -0.315446 -0.266397 -0.33928  -0.257098 -0.375785 -0.254918 -0.324713 -0.250665 -0.284127 -0.399272 -0.387342 -0.22535  -0.436847 -0.246754 -0.249366 -0.432836 -0.253297 -0.196678 -0.166349 -0.269278 -0.270831 -0.260401 -0.184679 
data[448       : 479       ]: -0.324786 -0.218737 -0.0238445-0.00485444-0.0126126-0.02197280.00208697-0.0327519-0.0129781-0.00188922-0.0282056-1.65961  -1.71087  -1.36175  -1.83497  -1.86811  -1.2932   -1.68021  -1.65478  -1.23025  -0.170573 -0.142603 -0.0367115-0.100128 -0.131179 -0.00297209-0.084594 -0.131157 -0.0109184-2.04286  -2.2939   -1.2661   
data[480       : 511       ]: -2.18191  -2.08945  -1.52002  -2.05586  -1.81048  -1.31199  -5.26832  -5.40179  -4.02612  -4.72178  -4.85523  -4.20634  -4.2504   -4.43689  -3.82654  -0.00823447-0.0321947-0.0202716-0.0346566-0.034633 -0.0283351-0.00925686-0.0317457-0.0148053-1.33411  -1.76887  -1.17361  -1.52767  -1.97529  -1.50512  -1.35985  -1.71358  
data[512       : 543       ]: -1.21935  -0.0417967-0.0233017-0.0372124-0.0660903-0.0513293-0.0370672-0.0188659-0.0467583-0.0390394-3.69932  -3.09901  -2.86474  -3.48358  -3.17574  -2.90748  -3.00831  -2.63924  -2.49899  -12.9254  -12.7413  -10.116   -12.7588  -12.443   -9.90564  -11.3648  -11.432   -8.93211  -9.061    -9.66448  -7.21386  -8.6532   
data[544       : 575       ]: -9.35758  -6.5914   -7.93956  -8.37302  -5.73067  -0.103896 -0.0419571-0.107321 -0.0765558-0.0259531-0.10736  -0.0808131-0.0152272-0.10216  -3.68761  -4.17513  -3.27874  -3.89822  -4.49187  -2.92514  -3.26442  -3.62225  -2.47833  -0.39415  -0.359897 -0.3521   -0.574207 -0.517309 -0.485254 -0.532936 -0.429849 -0.475541 
data[576       : 607       ]: 0.128565  0.156812  0.113244  0.172262  0.18377   0.126073  0.189076  0.210177  0.169446  0.118425  0.145373  0.109796  0.135345  0.118563  0.0946971 0.150484  0.11501   0.158276  0.067965  0.0974465 0.0952482 0.0892369 0.121697  0.155438  0.108852  0.0689745 0.0925309 10.5431   11.291    12.5464   11.7244   13.1472   
data[608       : 639       ]: 14.3222   13.5478   14.803    16.0173   4.87913   5.51984   5.83833   5.83031   6.77389   7.32965   6.00053   7.02483   7.81631   4.35553   5.07165   5.32628   4.9235    5.38469   6.3689    5.62528   6.38089   7.19009   10.419    10.826    12.3827   12.0567   12.9039   14.2591   13.1111   14.377    15.8293   4.46189   
data[640       : 671       ]: 4.41134   5.06061   5.10679   5.28192   5.77892   5.97157   6.38302   6.87742   7.27651   7.07308   7.74596   7.98409   8.08205   8.91121   8.99589   9.00576   9.89365   7.57059   6.8367    7.8947    9.11597   8.23648   9.20163   9.26187   8.50873   9.41463   0.098679  0.10394   0.131577  0.127692  0.0971537 0.127717  
data[672       : 703       ]: 0.0968903 0.0833137 0.0848701 0.14079   0.149867  0.128181  0.136475  0.141205  0.123383  0.177096  0.143316  0.144646  8.18487   7.76402   9.08712   9.05917   8.74992   10.0638   10.4553   9.97522   11.6186   3.69094   3.47612   4.07973   3.9825    3.96286   4.42352   4.41089   4.17896   4.98488   5.76853   5.99946   
data[704       : 735       ]: 6.31916   6.4382    6.89352   7.6157    7.83546   8.0436    8.70328   0.683224  0.499339  0.693282  0.746881  0.595758  0.752768  0.7285    0.532762  0.599573  0.601886  0.704439  0.521772  0.694981  0.729304  0.614729  0.593015  0.722039  0.601058  0.696634  0.854254  0.85642   0.940681  0.986764  1.0446    0.587931  
data[736       : 767       ]: 0.67941   0.628485  0.0891491 0.0827513 0.109683  0.11911   0.130822  0.128457  0.0446102 0.0367938 0.0366838 2.88801   2.94945   3.23505   3.39698   3.61502   3.88126   3.4347    3.67057   3.87684   0.155415  0.22427   0.250349  0.158864  0.254697  0.269756  0.0871791 0.135254  0.144782  3.19841   3.4798    3.74483   
data[768       : 799       ]: 3.82489   3.9906    4.07626   3.72266   4.07484   4.20278   7.64277   7.1992    8.39406   8.95399   8.20769   9.66307   9.2837    9.09483   9.91513   0.0406958 0.0328901 0.0334769 0.0146429 0.0320506 0.0318315 0.0222716 0.0158353 0.0409393 2.9043    2.31832   2.90158   3.10518   2.5896    3.11331   3.45678   3.18357   
data[800       : 831       ]: 3.77273   0.109953  0.105198  0.108634  0.128658  0.112776  0.0924798 0.106757  0.10317   0.096543  4.91087   5.16118   5.9655    6.13927   6.29806   7.04801   6.54408   6.69394   7.54296   17.7572   19.032    20.4729   19.9878   21.694    23.3799   22.9561   24.1367   26.1379   12.3346   12.5602   13.9862   13.531    
data[832       : 863       ]: 14.3314   15.769    15.7912   16.6475   18.2027   0.09732   0.104763  0.113912  0.129279  0.115649  0.137735  0.166384  0.164829  0.148525  6.04085   5.50112   6.67576   6.45637   6.22251   7.14799   7.81803   7.69734   8.63842   0.991693  1.04652   1.06979   1.02822   1.14088   1.16996   1.03441   1.17379   1.2841    
data[864       : 895       ]: 0.112716  0.243877  0.102656  0.12166   0.218386  0.153545  0.189194  0.29857   0.148636  0.0935486 0.0983139 0.197391  0.10755   0.100596  0.248861  0.0497007 0.096275  0.235162  0.120068  0.125136  0.195949  0.17893   0.201698  0.237     0.0943944 0.148497  0.172845  17.4029   17.6458   15.2466   18.1045   18.7631   
data[896       : 927       ]: 15.9217   19.0364   19.0794   17.1182   7.16163   8.91046   6.2283    7.37682   8.92375   6.78324   6.97006   9.28165   6.28764   7.51824   7.14601   6.42664   7.93792   7.79785   7.17778   8.64877   8.65514   7.92948   16.7623   16.2988   15.244    17.3379   16.8839   15.9042   17.7494   17.0549   15.8112   8.01963   
data[928       : 959       ]: 8.0363    7.10531   7.81588   7.41401   7.24375   8.65841   7.98089   7.07919   11.587    10.8869   10.371    12.6045   10.7382   11.2435   12.278    11.2194   11.1181   12.8447   10.6355   10.9235   14.2204   11.0328   10.8144   14.3622   10.9272   10.9517   0.135697  0.0919081 0.159319  0.13491   0.105997  0.176402  
data[960       : 991       ]: 0.193872  0.114843  0.159326  0.220564  0.137895  0.191053  0.200048  0.105847  0.235306  0.203968  0.141234  0.221315  15.5668   12.6195   12.3738   15.4342   12.9128   13.0295   17.3216   13.6873   14.0677   6.65254   4.15177   5.75018   6.94774   4.53225   6.35923   6.68705   4.98759   6.26982   9.93      9.49341   
data[992       : 1023      ]: 9.20436   10.0816   10.1047   9.18515   10.3939   10.0862   9.97351   1.13468   0.756565  1.12746   1.31482   0.972384  1.36428   1.13622   0.760252  1.21644   0.41036   1.6205    1.01946   0.537515  1.78643   0.948298  0.493254  1.75934   1.06941   0.691427  1.1356    0.817002  0.932217  1.47265   0.964527  0.622272  
data[1024      : 1055      ]: 1.2541    0.75524   -0.006013950.0243602 0.0498967 0.0484262 0.0346029 0.0963328 0.0100949 0.0188086 0.042762  4.10888   3.31347   4.10347   4.97459   3.44913   4.46912   5.03037   3.5139    4.43395   0.286008  0.223683  0.179492  0.360725  0.231456  0.201589  0.30864   0.138149  0.194925  4.82406   5.13596   3.99183   
data[1056      : 1087      ]: 5.20024   5.61143   4.38922   5.23331   5.23744   4.37533   12.8074   11.0208   11.8367   13.8048   12.5979   11.8749   13.4941   12.4821   11.8475   0.0480678 0.0208591 0.0607484 0.0403036 0.0228797 0.05914   0.0497692 0.0315221 0.0747837 5.01598   3.87721   4.93059   5.33583   3.74709   5.12094   5.83703   4.01641   
data[1088      : 1119      ]: 4.94995   0.0526672 0.198336  0.0930638 0.0722052 0.216309  0.153503  0.0500009 0.195085  0.077611  8.06559   6.52736   7.73518   8.51236   6.90915   7.78753   8.4257    7.38467   7.8706    28.3928   28.6892   25.9786   30.5123   29.2842   27.3922   31.0066   30.3496   28.3522   22.1217   20.3317   18.1157   22.351    
data[1120      : 1151      ]: 20.6152   19.0614   23.5773   21.8754   19.3554   0.056362  0.0485143 0.226366  0.0746061 0.0458751 0.231892  0.0558665 0.0896922 0.222849  11.6481   9.23949   9.38899   11.7587   9.26062   10.2012   12.2791   9.66123   10.4603   1.08385   0.910313  1.12273   0.929391  0.661445  1.1771    1.04442   0.739189  1.26729   
data[1152      : 1183      ]: -0.00584305-0.0154547-0.0330488-0.0195038-0.05630840.0106639 -0.0273782-0.0214934-0.0159391-0.0597092-0.0163925-0.0396137-0.0686428-0.0793159-0.101444 -0.123134 -0.0567335-0.0825617-0.099691 -0.02080630.0045664 -0.0563172-0.017704 -0.0034772-0.0523293-0.00249723-0.00121058-1.57896  -1.5888   -1.59162  -1.55267  -1.40794  
data[1184      : 1215      ]: -1.526    -1.65789  -1.80214  -1.71709  -0.422697 -0.576066 -0.625292 -0.551309 -0.732827 -0.755067 -0.757942 -0.961365 -0.875034 -1.19526  -0.67995  -0.489365 -1.25891  -0.666526 -0.21653  -1.21034  -0.880664 -0.61352  -1.80403  -1.34173  -1.37147  -1.67512  -1.36034  -1.49037  -1.8094   -1.6752   -2.1568   -0.524535 
data[1216      : 1247      ]: -0.709767 -0.616008 -0.668654 -0.537006 -0.77736  -0.553857 -0.679404 -1.10587  -1.08446  -1.08302  -1.17765  -0.909454 -1.02588  -1.03435  -1.11029  -1.49776  -1.55246  -0.860807 -0.617126 -1.20353  -1.01437  -0.465775 -1.14525  -1.22576  -0.824417 -1.03354  -0.0666402-0.0104143-0.0366687-0.0649702-0.0374134-0.0141815
data[1248      : 1279      ]: -0.0777712-0.00769163-0.00654722-0.0379816-0.02117620.0453554 0.004531430.030628  0.0805121 -0.0198358-0.006585150.0387261 -1.27929  -1.11407  -1.15579  -1.21614  -0.921053 -1.05516  -1.83712  -1.12323  -1.2594   -1.01478  -0.532427 -0.45028  -1.06653  -0.46477  -0.370235 -1.26801  -0.391516 -0.672486 -1.3166   -0.870974 
data[1280      : 1311      ]: -0.685422 -1.25992  -0.833081 -0.86584  -1.28257  -1.05895  -1.22618  -0.28474  0.0182748 -0.0750055-0.37783  0.0621437 -0.0427557-0.417215 -0.0158038-0.19641  -0.200146 -0.243411 -0.19258  -0.244286 -0.251896 -0.134724 -0.350566 -0.320707 -0.2006   -0.0883799-0.147207 -0.149468 -0.133621 -0.170696 -0.118182 -0.154365 
data[1312      : 1343      ]: -0.143195 -0.122474 0.00150016-0.0009604860.0229464 0.011423  0.004715220.0243003 0.0249583 -0.006499960.00889701-0.0841166-0.542855 -0.410799 -0.0874598-0.282267 -0.339687 -0.0464782-0.41418  -0.423659 -0.06238050.0277489 0.0352441 -0.101672 -0.021498 -0.00884783-0.0467892-0.0649096-0.0278226-0.446308 -0.656835 -0.472381 
data[1344      : 1375      ]: -0.490777 -0.442555 -0.356048 -0.605354 -0.779692 -0.602275 -1.88776  -1.09953  -1.2718   -1.89222  -1.15977  -1.22142  -2.17203  -1.38751  -1.56391  -0.0287608-0.0376386-0.0200565-0.0329724-0.0328187-0.0399333-0.0359439-0.0221359-0.0487198-0.470957 -0.567339 -0.612219 -0.378935 -0.433513 -0.443148 -0.606239 -0.769343 
data[1376      : 1407      ]: -0.536081 -0.090245 -0.0808161-0.0324545-0.0589825-0.0841789-0.0261312-0.0486302-0.0820559-0.0569381-0.724787 -0.348623 -0.31419  -0.623009 -0.346751 -0.232446 -0.908319 -0.696352 -0.63729  -2.80206  -2.45384  -2.6104   -2.63402  -2.39713  -2.53983  -3.38381  -3.38978  -3.09933  -1.82467  -1.5796   -1.72181  -1.58538  
data[1408      : 1439      ]: -1.60305  -1.5835   -1.85322  -2.10993  -2.32397  -0.02430250.0556348 0.02379   -0.03912920.0400827 -0.0159662-0.0696902-0.00323191-0.0143999-0.886631 -0.850176 -0.507667 -0.866279 -0.791578 -0.968913 -0.57937  -0.757132 -1.06535  -0.167805 -0.128043 -0.115864 -0.150495 -0.104362 -0.0902632-0.137655 -0.241394 -0.13567  
data[1440      : 1471      ]: 0.0167037 -0.00816095-0.00230342-0.00110764-0.00383658-0.00169377-0.0368016-0.01707850.010008  -0.0301317-0.02280060.011031  -0.0427809-0.0341681-0.0248957-0.0639788-0.0514963-0.0131491-0.0292901-0.0384602-0.0263668-0.0350001-0.0316566-0.04824070.0242072 -0.000918832-0.03184510.04128   -0.874088 -0.747629 -0.554979 -1.11707  
data[1472      : 1503      ]: -0.84388  -1.3494   -1.59656  -1.28733  -0.22414  -0.433532 -0.176022 -0.828805 -0.736051 -0.469032 -0.767011 -0.865038 -0.518021 -0.199002 -0.32563  -0.428083 -0.392384 -0.353502 -0.236639 -0.725865 -0.778218 -0.652891 -0.299965 -0.539921 -0.570785 -0.780437 -1.06375  -0.976583 -1.09915  -1.51242  -1.25482  -0.210006 
data[1504      : 1535      ]: -0.114618 -0.496256 -0.435441 -0.343818 -0.825078 -0.479506 -0.689646 -0.794368 -0.145788 -0.937329 -0.783578 -0.562306 -0.653388 -0.974537 -0.528265 -0.857464 -0.878661 -0.314759 -0.333497 -1.11899  -0.415943 -0.79895  -1.49094  -0.602336 -0.792676 -1.57602  -0.0623093-0.00681935-0.0447102-0.0314473-0.0192499-0.0225664
data[1536      : 1567      ]: -0.02438510.0147539 -0.02039410.007094010.0226806 0.014561  0.0516903 0.0105182 0.0146616 0.0163295 0.0374975 0.0421305 -0.147125 -0.306358 -0.755255 -0.23067  -0.746669 -1.07466  -0.527072 -0.827112 -1.33088  -0.0104022-0.0223699-0.205431 -0.0128508-0.164077 -0.294966 -0.332358 -0.318642 -0.285443 -0.287051 -0.678798 
data[1568      : 1599      ]: -0.430506 -0.543536 -0.702381 -0.78891  -0.733416 -0.663518 -0.973961 -0.07189340.0398376 0.0606017 -0.147776 0.0121101 0.0412927 -0.09569760.052345  0.0162423 0.0336067 -0.142982 0.0333707 -0.0367496-0.122805 0.0664018 -0.0434883-0.217184 0.0690927 -0.014035 -0.225084 -0.076886 -0.0531439-0.151853 -0.0643726-0.0602224
data[1600      : 1631      ]: -0.147259 0.0133204 -0.0230756-0.02521010.00678879-0.0318503-0.0529813-0.0152007-0.0041401-0.04753750.0136593 -0.323163 -0.367346 -0.547567 -0.217153 -0.472197 -0.451215 -0.287504 -0.545462 -0.579633 -0.118117 -0.0552918-0.0330355-0.119746 -0.088397 -0.067529 -0.0631495-0.0242469-0.0379392-0.635538 -0.489824 -0.669541 
data[1632      : 1663      ]: -0.745263 -0.71872  -0.916001 -0.779264 -0.848619 -0.864328 -0.163657 -0.259556 -0.581946 -0.29955  -0.576879 -0.926221 -0.589887 -0.621243 -1.22206  -0.0161969-0.00851161-0.0162788-0.007007870.003713230.0111902 0.004976140.005521120.006088850.0573927 -0.375564 -0.232206 0.0806071 -0.159416 -0.379959 -0.100134 -0.425842 
data[1664      : 1695      ]: -0.446094 -0.0159754-0.0204415-0.00356235-0.0219315-0.03441940.0109768 -0.0127431-0.008079390.0288318 -0.415257 -0.309384 -0.6751   -0.368534 -0.685135 -0.658365 -0.774891 -0.966224 -0.994883 -0.584132 -1.22655  -1.40145  -0.975517 -1.74502  -1.54807  -1.88041  -2.50552  -2.32726  -0.0483566-0.282674 -1.07747  -0.546668 
data[1696      : 1727      ]: -0.809681 -1.48445  -0.906036 -1.54351  -2.06649  -0.012349 -0.01742550.0500639 -0.0130365-0.017916 0.0349352 -0.0145788-0.00549250.0164644 0.0416993 -0.0948749-0.77983  -0.235795 -0.323354 -1.11159  -0.550862 -0.820393 -1.22383  -0.164843 -0.153454 -0.033418 -0.229202 -0.222736 -0.0181365-0.167595 -0.294623 -3.70685e-05
data[1728      : 1759      ]: 0.271555  0.295203  0.287925  0.297482  0.341077  0.298326  0.263016  0.318269  0.280721  0.173484  0.159285  0.18994   0.145466  0.201962  0.204673  0.170328  0.169155  0.196012  0.220743  0.21938   0.192127  0.191728  0.156371  0.17911   0.179552  0.138426  0.131401  22.4204   21.4665   17.16     23.3704   22.4692   
data[1760      : 1791      ]: 18.2521   22.9443   22.1349   17.8513   9.96162   9.64346   7.37833   9.93144   9.50051   7.36751   9.78861   9.43936   7.24951   10.1192   9.86478   8.26895   10.5672   10.39     8.73119   10.3263   10.1003   8.41358   20.7201   20.0073   16.5018   21.2636   20.6184   17.0696   20.7573   20.1901   16.739    8.7038    
data[1792      : 1823      ]: 8.59411   6.74509   9.48084   9.2215    7.44444   9.63711   9.38224   7.7522    13.9385   13.9274   11.3745   14.3863   14.5511   12.145    14.1703   14.3095   12.0562   14.4643   15.7456   13.3679   14.7272   15.7613   13.6537   14.2154   15.0526   13.105    0.168933  0.15379   0.147138  0.130582  0.143514  0.166074  
data[1824      : 1855      ]: 0.109776  0.12471   0.13668   0.203427  0.236481  0.235601  0.258837  0.316295  0.284115  0.231095  0.298611  0.282756  16.792    17.4353   14.7168   17.9771   18.6233   15.767    17.4237   18.1952   15.4821   6.75553   6.98233   6.16432   6.95402   7.11193   6.37031   6.56      6.75295   6.0462    11.55     11.4858   
data[1856      : 1887      ]: 9.45416   12.4096   12.2764   10.1688   12.2729   12.2492   10.3828   1.31541   1.37565   1.37129   1.18693   1.27201   1.25226   1.14997   1.13323   1.16435   1.49393   1.70965   1.51144   1.52283   1.83311   1.54542   1.47773   1.76747   1.48215   1.38806   1.49818   1.28678   1.28103   1.32988   1.14882   1.06563   
data[1888      : 1919      ]: 1.1068    0.872032  0.102061  0.0671377 0.0630057 0.101672  0.042643  0.0528264 0.0560736 0.0275639 0.0452833 5.8179    5.46299   4.55338   5.94051   5.61845   4.67287   5.61872   5.42364   4.57053   0.478835  0.420302  0.354622  0.442871  0.34627   0.361559  0.328584  0.293187  0.278365  6.36388   6.34854   5.18039   
data[1920      : 1951      ]: 6.446     6.36047   5.28517   6.00489   5.89758   4.92239   15.0548   15.8382   13.5886   15.4943   16.3182   14.146    14.9426   15.8362   13.5988   0.0767765 0.0993508 0.0732664 0.0696134 0.0802116 0.0625751 0.0601635 0.069972  0.0574913 5.49576   5.99242   5.17863   5.76421   6.23508   5.40451   5.66196   6.05137   
data[1952      : 1983      ]: 5.42563   0.21081   0.255474  0.249928  0.192323  0.242683  0.242286  0.163165  0.224127  0.223139  9.35849   8.94126   7.59655   9.64311   9.26566   7.85264   9.33533   9.14665   7.68073   36.271    35.9751   29.5766   38.0954   37.8604   31.0916   37.465    37.1092   30.5783   25.2151   25.63     20.9992   26.4732   
data[1984      : 2015      ]: 26.8829   22.2915   26.2813   26.5984   21.8541   0.140379  0.158814  0.177862  0.104032  0.161702  0.15026   0.141152  0.158669  0.202873  11.8186   11.98     9.81432   12.428    12.7837   10.6688   12.4343   12.6764   10.6341   1.31849   1.17192   1.10604   1.32742   1.22383   1.18228   1.24202   1.15203   1.12539   
data[2016      : 2047      ]: -0.110791 -0.0859411-0.0212296-0.121523 -0.0902857-0.0387689-0.147903 -0.153538 -0.0835736-0.0216027-0.05396570.008821770.00723524-0.0466828-0.00900164-0.00618665-0.02409  -0.00631528-0.014207 -0.04598430.0128766 -0.0429892-0.06157320.0263025 -0.0553899-0.0805245-0.00777037-9.70681  -8.96909  -6.85621  -9.78045  -9.15272  
data[2048      : 2079      ]: -7.25348  -9.63557  -9.05688  -7.92235  -4.30655  -3.97602  -3.32278  -3.94007  -3.84804  -3.23715  -4.05441  -3.7924   -3.29565  -4.59023  -4.21896  -3.43621  -4.51671  -3.98512  -3.59388  -4.54131  -4.01401  -3.21751  -8.3093   -8.18056  -6.54155  -8.39461  -8.46165  -6.82422  -8.30408  -7.93333  -6.78585  -3.81769  
data[2080      : 2111      ]: -3.7397   -2.99868  -4.09676  -3.96932  -2.90999  -3.8783   -3.88896  -2.93699  -6.07886  -6.00455  -4.84886  -6.08004  -5.80298  -4.96455  -5.75888  -5.85464  -4.8366   -5.95146  -6.59085  -4.54553  -6.51515  -6.62381  -4.2865   -6.29394  -6.34719  -4.79039  -0.0617002-0.0630611-0.0525199-0.0625465-0.0869625-0.0329875
data[2112      : 2143      ]: -0.0651112-0.0630201-0.0237732-0.102327 -0.117053 -0.0920059-0.102707 -0.104679 -0.105729 -0.067947 -0.135023 -0.0478717-7.64033  -7.59215  -5.38705  -7.7818   -7.62067  -5.82553  -7.70996  -7.59417  -5.65142  -2.89105  -2.74235  -2.35668  -2.56555  -2.65743  -2.3795   -2.70795  -2.46544  -2.27862  -4.96501  -4.94364  
data[2144      : 2175      ]: -3.91578  -4.99168  -5.42422  -4.01738  -5.15001  -5.46858  -4.44365  -0.423106 -0.651506 -0.174071 -0.381448 -0.544219 -0.167354 -0.383033 -0.52519  -0.133378 -0.550493 -0.761082 -0.697219 -0.501735 -0.920263 -0.651228 -0.511349 -0.830513 -0.588989 -0.549987 -0.581594 -0.461193 -0.496915 -0.540884 -0.485973 -0.487904 
data[2176      : 2207      ]: -0.580531 -0.445089 -0.0140413-0.00703638-0.0348534-0.0371266-0.0225819-0.019831 -0.0201836-0.0223812-0.0160522-2.52682  -2.13283  -2.04185  -2.64479  -2.19102  -1.93467  -2.61309  -2.07258  -2.15574  -0.214843 -0.102096 -0.0794529-0.159868 -0.111087 -0.0857706-0.191866 -0.06881940.014976  -2.88508  -2.79902  -1.75952  
data[2208      : 2239      ]: -3.02388  -2.63947  -1.7558   -2.76415  -2.58112  -1.93596  -6.02153  -6.71798  -5.17651  -6.34794  -7.00419  -4.91955  -6.57549  -6.52045  -5.21931  -0.0201708-0.0308983-0.0401594-0.0189077-0.0173473-0.00966201-0.0178647-0.0305176-0.00712476-2.32865  -2.505    -2.25629  -2.43205  -2.53901  -2.157    -2.18636  -2.55722  
data[2240      : 2271      ]: -2.13684  -0.0695953-0.122943 -0.0878791-0.0255527-0.130308 -0.0986729-0.0674934-0.138973 -0.0680188-3.72774  -3.78291  -3.18122  -4.17321  -3.91438  -3.11169  -4.39538  -3.73159  -3.42995  -15.4595  -14.9312  -11.7228  -16.21    -15.7201  -12.3196  -15.878   -15.4986  -12.796   -11.037   -10.5374  -8.38041  -11.2718  
data[2272      : 2303      ]: -10.8813  -8.85113  -11.2039  -10.9295  -8.94062  0.0119333 -0.0679847-0.02317010.0169931 -0.0300064-0.0368251-0.0129466-0.0367264-0.0139238-5.03635  -4.7362   -4.21986  -4.93593  -5.13414  -4.37331  -5.2983   -5.11186  -4.39442  -0.640791 -0.419435 -0.338554 -0.407148 -0.307366 -0.352105 -0.433076 -0.35958  -0.398704 
Time 5483980 ns: producer08000000a finish sending data!
