Time 3341940 ns: ack for producer08000000e's req!
Time 3341970 ns: producer08000000e is sending data!
data[0         : 31        ]: 0.20786   -1.23798  -0.628459 -0.57405  -1.10568  0.110534  -0.2973   -0.227868 10.7064   -1.43776  -0.885352 -0.365402 -0.793084 -0.828816 -2.66065  0.0175747 0.124315  -0.877282 -0.412393 -0.326066 -0.519398 0.0585189 -0.0938623-0.141365 5.83634   -0.574984 -0.484831 -0.191342 -0.342813 -0.749826 -1.31459  0.00957139
data[32        : 63        ]: 0.1004    -0.92515  -0.588511 -0.403585 -0.416449 0.0587211 -0.157823 -0.07743645.85787   -0.521541 -0.554741 -0.338552 -0.285154 -0.807772 -0.949954 0.009675560.138665  -0.809161 -0.471552 -0.186609 -0.5415   0.0574415 -0.186848 -0.05168825.71245   -0.847974 -0.567368 -0.295237 -0.296426 -0.635757 -1.02759  0.00915402
data[64        : 95        ]: 0.054933  -1.13541  -0.740303 -0.603667 -1.13092  0.114636  -0.424793 -0.137351 10.8391   -1.36392  -0.902154 -0.590947 -0.768673 -0.756796 -2.47148  0.0177882 0.0637616 -0.723941 -0.301232 -0.42864  -0.419466 0.0601775 -0.1329   -0.243945 6.19888   -0.667459 -0.699326 -0.109427 -0.495926 -0.865234 -1.24536  0.0100391 
data[96        : 127       ]: -0.107397 -1.09379  -0.470628 -0.233288 -0.383377 0.0521674 -0.0851949-0.103718 5.2271    -0.344391 -0.349608 -0.341569 -0.25049  -0.873759 -0.650725 0.008673790.0730377 -0.659716 -0.438652 -0.372821 -0.397368 0.0507502 -0.0358877-0.04397024.94483   -0.707447 -0.407052 -0.219241 -0.253769 -0.671072 -0.869923 0.00830522
data[128       : 159       ]: 0.168585  -1.044    -0.588124 -0.435767 -1.04462  0.114034  -0.388837 -0.328601 10.552    -1.57289  -1.04658  -0.484783 -0.574052 -0.431169 -2.91273  0.017532  0.0381785 -0.862075 -0.411723 -0.20792  -0.572159 0.0597873 -0.144023 -0.196213 6.09508   -0.597978 -0.601346 -0.152178 -0.314636 -1.02578  -1.11688  0.00986313
data[160       : 191       ]: 0.0658879 -0.705124 -0.623312 -0.388488 -0.538195 0.0616226 -0.144292 -0.141779 5.72148   -0.463422 -0.351281 -0.329463 -0.344624 -0.566709 -1.26202  0.00972066-0.0978964-1.00261  -0.263866 -0.328961 -0.390507 0.0541781 -0.0806382-0.132202 5.65022   -0.697098 -0.450412 -0.531204 -0.134169 -0.628755 -0.975187 0.00910976
data[192       : 223       ]: 0.131542  -1.52008  -0.800061 -0.339954 -0.667457 0.105792  -0.375133 -0.205396 9.99096   -1.12271  -0.920816 -0.390191 -0.778863 -0.570307 -2.55368  0.0163565 0.0745108 -0.833936 -0.524521 -0.305922 -0.606419 0.0560756 0.000691967-0.162143 5.74899   -0.593776 -0.500665 -0.0870759-0.242452 -0.814677 -1.21791  0.00922941
data[224       : 255       ]: 0.0221106 -0.997045 -0.403366 -0.556426 -0.451816 0.0576748 -0.190958 -0.1434   5.78263   -0.582581 -0.39238  -0.357852 -0.37194  -0.700455 -0.723886 0.009685070.184081  -0.736665 -0.518086 -0.224382 -0.35151  0.0511067 -0.197861 -0.130979 5.15057   -0.780011 -0.414075 -0.173968 -0.104632 -0.728781 -1.03321  0.00839867
data[256       : 287       ]: -0.153467 -4.29306  -4.38694  -2.03297  -4.10505  0.491822  -1.86667  -0.410338 45.3557   -4.96457  -3.92233  -1.50486  -3.24836  -3.4219   -11.6114  0.0743882 -0.0515213-4.30628  -4.50603  -2.37626  -4.71573  0.542502  -2.07835  -0.673198 50.0073   -5.50606  -5.12835  -1.81644  -3.19533  -3.99553  -12.283   0.0822505 
data[288       : 319       ]: -0.0173374-4.47259  -4.86565  -2.1902   -4.80447  0.540754  -1.87882  -0.899855 49.8867   -5.26851  -4.8469   -1.81469  -3.6015   -4.23626  -11.6127  0.0820286 0.0907148 -3.98678  -4.17585  -1.97992  -4.21235  0.486628  -2.6971   -0.588526 43.9334   -4.89792  -4.57418  -1.59409  -2.78763  -3.19819  -9.89119  0.0729368 
data[320       : 351       ]: -0.110914 -4.74878  -4.75632  -2.13104  -4.46345  0.523495  -1.74805  -0.532132 48.6482   -4.98018  -4.49354  -1.50421  -3.31665  -4.42244  -12.0438  0.0799023 0.0980817 -4.63496  -5.24479  -2.45317  -4.95931  0.575857  -2.14239  -0.641411 53.6074   -6.02701  -5.32649  -1.7831   -3.29892  -4.34428  -13.513   0.0874163 
data[352       : 383       ]: -0.153944 -4.42633  -5.03798  -2.41897  -4.83509  0.577649  -1.62889  -0.855365 52.6025   -5.8648   -5.11791  -2.04164  -3.84755  -4.42862  -12.6106  0.0874947 -0.0494031-3.65801  -4.41916  -2.15069  -4.50826  0.527956  -2.73152  -0.675268 47.457    -5.47052  -5.05196  -1.53229  -2.97295  -3.78554  -11.0584  0.078997  
data[384       : 415       ]: 0.073782  -4.41056  -4.63127  -2.30646  -4.54409  0.528118  -1.81087  -0.678185 49.105    -5.30826  -4.72279  -1.79579  -3.14717  -4.19488  -12.2372  0.0806408 0.0563623 -4.37725  -5.4256   -2.38894  -4.74767  0.582751  -1.90221  -0.630196 53.6447   -6.07976  -5.62063  -1.73117  -3.45766  -4.57217  -13.4387  0.08821   
data[416       : 447       ]: 0.194992  -5.2337   -5.33465  -2.3437   -5.03733  0.578411  -2.16081  -0.801146 53.0864   -5.79894  -4.75323  -1.89858  -3.8151   -4.18233  -12.588   0.0877576 0.0595902 -3.83555  -4.71784  -2.11241  -4.65952  0.531331  -2.349    -0.599557 47.5851   -5.56781  -4.92747  -1.64384  -2.99972  -3.7698   -11.0729  0.079444  
data[448       : 479       ]: -0.140983 -4.25808  -4.26273  -1.92684  -4.07292  0.494143  -1.96412  -0.562787 46.0141   -4.6075   -4.3662   -1.63962  -3.24742  -3.91108  -11.6229  0.0749154 0.0492192 -4.74332  -5.074    -2.21687  -4.68677  0.555231  -2.12619  -0.682591 51.1492   -5.42776  -5.24681  -1.55037  -3.33086  -4.4139   -12.3383  0.084152  
data[480       : 511       ]: -0.0872439-4.3881   -5.0672   -2.43905  -4.9022   0.554494  -1.7869   -0.707637 50.6353   -5.26732  -4.59086  -1.84525  -3.6568   -4.23162  -12.3035  0.0838906 0.104524  -3.75445  -4.25125  -2.31524  -4.24769  0.501041  -2.45875  -0.804513 45.211    -5.13671  -4.90082  -1.43979  -3.21174  -3.16773  -10.2031  0.0752596 
data[512       : 543       ]: -0.102473 -2.13924  -2.53394  -0.890178 -2.02513  0.245712  -0.9067   -0.253193 22.659    -2.10545  -2.26951  -0.596693 -1.45418  -2.0232   -5.64186  0.0370325 -0.156124 -1.66961  -2.35818  -1.09644  -2.26667  0.257175  -1.14656  -0.286344 23.5167   -2.1495   -2.11866  -0.897602 -1.8521   -2.36207  -5.45268  0.038636  
data[544       : 575       ]: -0.153241 -1.65039  -2.12743  -0.963046 -2.11001  0.255147  -0.938837 -0.216618 23.5372   -2.46019  -2.38661  -0.8332   -1.85365  -1.66815  -6.46926  0.038277  0.0964096 -1.28623  -1.91953  -0.927186 -2.00031  0.223407  -0.647402 -0.259364 19.2039   -2.14397  -2.32319  -0.65154  -1.45778  -1.15909  -4.78097  0.0328533 
data[576       : 607       ]: -0.22327  -2.75684  -2.77694  -0.962562 -2.55816  0.291197  -0.703429 -0.192955 26.6356   -2.5688   -2.71391  -0.920579 -1.34329  -2.10821  -7.14163  0.0437973 -0.223026 -2.13947  -2.82673  -1.46079  -2.82173  0.318865  -1.71392  -0.353842 28.9818   -2.67698  -2.28414  -1.03479  -2.25785  -2.21079  -7.34412  0.0475414 
data[608       : 639       ]: -0.228291 -2.2      -2.88509  -1.40138  -2.86031  0.327762  -1.28385  -0.232885 30.4197   -3.3511   -3.50592  -1.04047  -1.70517  -2.21016  -7.89205  0.0491817 0.139993  -1.3358   -2.44272  -1.1401   -2.54127  0.291848  -1.11666  -0.561251 25.2253   -3.16576  -2.63913  -0.828278 -2.11255  -1.72008  -6.09638  0.0428278 
data[640       : 671       ]: 0.0763151 -2.08902  -3.09579  -1.27184  -2.73755  0.308166  -1.17416  -0.343787 27.8702   -2.62777  -2.66411  -0.844244 -1.8957   -2.50646  -7.05028  0.0460487 -0.381869 -2.43464  -2.95166  -1.26203  -2.75721  0.319508  -1.4408   -0.361174 29.0922   -3.01118  -2.32461  -1.20422  -2.03426  -2.3334   -6.96256  0.0478872 
data[672       : 703       ]: -0.277802 -2.5447   -2.61288  -1.17772  -2.66878  0.324772  -0.989163 -0.444732 30.1836   -3.81304  -3.03213  -1.08648  -1.96329  -2.20216  -7.74468  0.0492165 0.132648  -1.58858  -2.47438  -1.12452  -2.38119  0.294033  -0.802772 -0.489926 25.3102   -2.89488  -2.90282  -0.923187 -2.07433  -1.69777  -6.42582  0.0433429 
data[704       : 735       ]: -0.0517063-2.54119  -2.68149  -1.26217  -2.54675  0.278054  -1.07352  -0.243639 26.0659   -2.09093  -2.43481  -0.664396 -1.42713  -2.44943  -6.91924  0.0424417 -0.148781 -2.46158  -2.83626  -1.23933  -2.61947  0.303526  -1.0755   0.0605768 27.4581   -2.72384  -2.46443  -1.17842  -2.18356  -2.21555  -6.72088  0.0454232 
data[736       : 767       ]: -0.0290015-2.22136  -2.58309  -1.40048  -2.55378  0.308479  -1.12845  -0.342654 28.2933   -2.94746  -3.03504  -1.1785   -1.97961  -2.13143  -7.11748  0.0465424 -0.0461207-2.08769  -2.15258  -1.01723  -2.31985  0.282562  -1.03519  -0.359315 24.3827   -2.6997   -2.74993  -0.948679 -1.73097  -1.34252  -6.21713  0.0416612 
data[768       : 799       ]: 0.0468387 -0.273479 -0.616206 -0.124038 -0.395612 0.046341  -0.182806 -0.07558363.96535   -0.390273 -0.391543 -0.0613916-0.331496 -0.226979 -0.995807 0.006690580.03836   -0.0680145-0.131522 -0.0836866-0.321507 0.0221138 -0.152155 -0.05313611.84242   -0.240831 -0.116518 -0.0136467-0.0762392-0.110466 -0.538367 0.00319707
data[800       : 831       ]: 0.030366  -0.0398506-0.319213 -0.0311112-0.199611 0.0202976 -0.057153 0.0243747 1.71042   -0.166318 -0.165856 0.0222549 -0.18476  -0.140313 -0.506336 0.00281439-0.000892104-0.00544272-0.223526 -0.0954395-0.200749 0.0189755 -0.0547202-0.010893 1.74587   -0.152754 -0.292233 -0.0100539-0.218436 -0.0782333-0.424151 0.00267985
data[832       : 863       ]: 0.129308  -0.228683 -0.762756 -0.137744 -0.395789 0.0550105 -0.237586 0.005661384.77121   -0.473684 -0.561199 -0.192724 -0.334152 -0.307303 -1.33747  0.007897  -0.02045950.0421591 -0.250147 -0.0684097-0.260203 0.0268788 -0.215657 -0.03298452.21479   -0.225209 -0.29538  -0.0647164-0.183382 -0.0562562-0.614673 0.00365087
data[864       : 895       ]: -0.0638129-0.127118 -0.374469 -0.0778476-0.268246 0.0287651 -0.158126 -0.05659592.45391   -0.198921 -0.340821 -0.0365201-0.0518735-0.101707 -0.63065  0.004032310.00128433-0.0589162-0.229106 -0.0856181-0.202624 0.0228921 -0.10089  0.0470192 1.95519   -0.130539 -0.233014 -0.0207759-0.372314 -0.0409614-0.554832 0.00320618
data[896       : 927       ]: -0.0415547-0.247719 -0.678334 -0.0777387-0.374285 0.0511821 -0.212394 -0.02195924.58327   -0.434453 -0.419903 -0.170263 -0.375793 -0.305582 -1.28178  0.007315050.00547683-0.0775527-0.205081 -0.112553 -0.434316 0.0293811 -0.232165 0.0190638 2.50129   -0.3195   -0.27853  -0.137112 -0.09379810.0137832 -0.682451 0.00406509
data[928       : 959       ]: 0.0210328 -0.0810272-0.275586 -0.0271135-0.266363 0.0240454 -0.177383 0.010249  2.14067   -0.14407  -0.289263 -0.0801671-0.113906 0.000232157-0.744677 0.003326740.0102077 -0.0816455-0.198065 -0.0535443-0.236281 0.0193025 -0.0700478-0.009619191.79788   -0.113624 -0.152977 -0.07356  -0.143244 -0.0531894-0.644373 0.00277807
data[960       : 991       ]: 0.0658219 -0.358537 -0.729335 -0.0543582-0.473075 0.0562081 -0.0922895-0.041609 4.7625    -0.52125  -0.543353 -0.119441 -0.222186 -0.432685 -1.30458  0.008159620.00620227-0.0588436-0.389987 -0.119883 -0.176439 0.0314063 -0.278734 -0.05744592.64735   -0.252342 -0.371128 -0.0569131-0.193862 -0.0648352-0.66886  0.00431418
data[992       : 1023      ]: -0.0571856-0.0885499-0.22037  -0.0821504-0.220669 0.030703  -0.109272 0.0355604 2.54859   -0.27881  -0.274836 -0.014365 -0.205165 -0.156157 -0.911646 0.004323490.000540302-0.0355519-0.29306  -0.0685197-0.221159 0.0244655 -0.11355  -0.006310172.19592   -0.154227 -0.270904 -0.0450974-0.241952 -0.117299 -0.656736 0.00344082
data[1024      : 1055      ]: 0.0141483 0.0326893 -0.0637117-0.0472338-0.13173  0.0121964 -0.0332765-0.025048 1.07658   -0.201654 -0.117301 -0.0974471-0.0803642-0.0734198-0.266229 0.001804310.0479038 -0.201282 -0.0793798-0.059342 -0.10159  0.0122551 -0.175681 -0.02785441.13061   -0.145822 -0.18238  -0.0405372-0.101556 -0.0110551-0.06612180.00183604
data[1056      : 1087      ]: 0.0110895 -0.144328 -0.212566 -0.0421084-0.141557 0.0147537 -0.0901323-0.02046171.32183   -0.0980555-0.14813  -0.007479820.0199232 -0.126419 -0.33855  0.00219442-0.0278089-0.257956 -0.147752 -0.122096 -0.147993 0.0227974 -0.113333 -0.06119982.25405   -0.225941 -0.102385 -0.113082 -0.189435 -0.306921 -0.464616 0.00367457
data[1088      : 1119      ]: 0.0255253 0.00432254-0.0987408-0.0516683-0.167802 0.0164629 -0.0488593-0.06875191.58409   -0.0988187-0.184351 -0.114961 -0.110638 -0.147081 -0.541195 0.002461040.0282069 -0.239238 -0.210216 -0.0618407-0.215278 0.018437  -0.0743937-0.114283 1.62838   -0.19454  -0.168456 -0.0917882-0.0993016-0.0384248-0.170048 0.00278391
data[1120      : 1151      ]: 0.00500967-0.140141 -0.203655 -0.0958531-0.196044 0.0191439 -0.1161   -0.03871821.66404   -0.164936 -0.145586 -0.0397012-0.00347177-0.0881233-0.458697 0.00283051-0.000715307-0.281489 -0.307738 -0.134503 -0.239394 0.0303472 -0.209734 -0.01654542.85558   -0.205842 -0.2075   -0.0743919-0.27311  -0.228654 -0.710874 0.00456146
data[1152      : 1183      ]: 0.0335349 -0.00136723-0.121317 -0.0569528-0.131984 0.0173055 -0.01958420.0243902 1.55326   -0.225238 -0.29332  -0.0398432-0.160154 -0.126316 -0.454936 0.002520260.0459731 -0.263676 -0.0799807-0.0554619-0.183903 0.016387  -0.0721007-0.03258161.47686   -0.144325 -0.205702 -0.121044 -0.110406 -0.133132 -0.139457 0.00254887
data[1184      : 1215      ]: 0.0367954 -0.151087 -0.162936 -0.0793285-0.158748 0.0200096 -0.0427251-0.05149581.84732   -0.162446 -0.155475 -0.0742793-0.062666 -0.173533 -0.632502 0.0030952 0.0118149 -0.257305 -0.263106 -0.120191 -0.273025 0.030004  -0.117365 0.024022  2.80415   -0.309711 -0.204006 -0.0838811-0.224423 -0.266583 -0.754963 0.0045665 
data[1216      : 1247      ]: -0.01585520.0151563 -0.092033 -0.0508086-0.259343 0.0185322 -0.005612090.011147  1.66853   -0.206612 -0.147757 -0.0887829-0.0963032-0.146773 -0.606224 0.00274076-0.072691 -0.210751 -0.227204 -0.112444 -0.159952 0.01932   0.0487678 -0.05329241.69751   -0.190305 -0.249412 -0.0447705-0.17366  -0.0376045-0.236375 0.00286352
data[1248      : 1279      ]: 0.00473126-0.104411 -0.204027 -0.0595987-0.288601 0.0170545 -0.0264636-0.06499191.61095   -0.205723 -0.0662375-0.0534818-0.0103009-0.137676 -0.413811 0.00259136-0.105494 -0.221944 -0.289107 -0.157493 -0.154969 0.0298045 -0.123634 -0.05146732.75863   -0.242116 -0.241259 -0.109908 -0.303873 -0.26826  -0.52343  0.00452105
data[1280      : 1311      ]: -0.0494799-1.87215  -2.39897  -0.959911 -2.18501  0.252814  -0.902273 -0.283466 22.8894   -2.61198  -2.01067  -0.633658 -1.81268  -1.5458   -5.91399  0.0378779 0.00763381-2.31101  -2.19529  -1.05432  -2.55635  0.275043  -1.02352  -0.510658 25.3331   -2.70692  -2.50436  -0.779382 -1.77786  -2.24833  -5.98961  0.0417921 
data[1312      : 1343      ]: 0.106877  -2.26585  -2.55999  -1.15329  -2.74247  0.273233  -0.901221 -0.268367 24.9111   -2.5146   -2.77328  -1.07976  -1.6318   -1.69999  -5.74154  0.0409637 0.106376  -2.50669  -2.72063  -1.21949  -2.79883  0.291813  -1.08271  -0.52739  27.1593   -3.31502  -2.59422  -0.802153 -1.73207  -2.19761  -6.10517  0.0444977 
data[1344      : 1375      ]: 0.215955  -1.74088  -2.83567  -1.18471  -2.73765  0.29825   -1.30492  -0.365813 27.5857   -3.1518   -2.56262  -0.812958 -2.11014  -2.05007  -7.28731  0.0446109 -0.0961132-2.30859  -2.97764  -1.39212  -2.67722  0.32309   -1.38593  -0.430836 29.7007   -3.03383  -3.24133  -0.815726 -2.1962   -2.92046  -6.59654  0.0487757 
data[1376      : 1407      ]: -0.0192022-2.47299  -2.93108  -1.4548   -3.02498  0.318122  -1.38439  -0.242289 28.6737   -2.93736  -2.68571  -1.26808  -2.11648  -1.62232  -6.87947  0.0473006 0.0136525 -3.36341  -3.04196  -1.50484  -3.21139  0.339003  -1.0912   -0.48135  31.4571   -3.52215  -2.96833  -0.707388 -1.98803  -2.54413  -7.43746  0.0519251 
data[1408      : 1439      ]: -0.0538193-2.37037  -2.33966  -1.35452  -2.50797  0.302184  -1.26978  -0.290187 27.6872   -3.07565  -2.97817  -0.833421 -1.81197  -1.67818  -7.47116  0.0454762 -0.144161 -2.69488  -2.5385   -1.27699  -2.9041   0.317886  -1.33077  -0.267865 28.9955   -3.08851  -3.29067  -1.0348   -1.88864  -3.01685  -5.88483  0.0481943 
data[1440      : 1471      ]: 0.00128652-2.73522  -2.83529  -1.4963   -2.89988  0.316524  -1.56077  -0.165563 28.7235   -2.97485  -2.48253  -1.36995  -1.81424  -1.92118  -6.83309  0.0475582 -0.111634 -2.83928  -3.20022  -1.31753  -2.96684  0.341303  -1.54561  -0.416795 31.2166   -3.53058  -2.96285  -0.991673 -2.0044   -2.29396  -7.42773  0.0512205 
data[1472      : 1503      ]: 0.106995  -2.61678  -3.13401  -1.14109  -2.55119  0.323583  -0.915981 -0.378427 29.755    -3.31451  -3.14485  -0.905981 -2.22541  -1.9651   -7.94075  0.0485448 0.263621  -2.63668  -3.46227  -1.36464  -3.41337  0.361495  -1.61685  -0.290997 33.0209   -3.33203  -3.37301  -1.01117  -2.24515  -2.85472  -8.09937  0.054219  
data[1504      : 1535      ]: -0.0245702-2.71273  -3.59052  -1.68647  -3.192    0.364303  -1.44393  -0.190814 32.9382   -3.62889  -3.39139  -1.21191  -2.16053  -2.30663  -7.81653  0.0544622 -0.0238806-2.90463  -3.66376  -1.47448  -3.53357  0.378457  -1.52577  -0.435317 34.2461   -3.66838  -3.28229  -0.979107 -2.47804  -2.50238  -8.20949  0.0565155 
data[1536      : 1567      ]: -0.0337158-0.107703 -0.111688 -0.0703527-0.142235 0.0150445 0.0238922 -0.05849511.4532    -0.241478 -0.181825 -0.000826704-0.0506334-0.0650671-0.430456 0.002338010.0106584 -0.151009 -0.133127 -0.0663349-0.206062 0.0167749 -0.07952110.019266  1.3964    -0.156337 -0.184048 -0.0288161-0.0548595-0.153031 -0.232416 0.00246222
data[1568      : 1599      ]: 0.0313853 -0.106812 -0.180927 -0.0873368-0.165812 0.0161071 -0.00510752-0.003802471.49262   -0.141531 -0.151935 -0.0454532-0.106754 -0.154247 -0.392856 0.00245733-0.0439396-0.090439 -0.228482 -0.0981296-0.206189 0.0238541 -0.155631 0.005375122.2238    -0.236831 -0.241239 -0.108091 -0.15596  -0.128169 -0.563405 0.00347874
data[1600      : 1631      ]: -0.0158463-0.110525 -0.151256 -0.105719 -0.07993490.0138938 -0.106118 -0.02143961.27397   -0.1808   -0.156867 -0.0374324-0.05875910.0581133 -0.323337 0.002053030.0109528 -0.174793 -0.113183 -0.0932023-0.157939 0.015215  -0.09269460.0214495 1.50456   -0.0998148-0.198606 -0.00899835-0.146366 -0.0624714-0.406429 0.00231614
data[1632      : 1663      ]: -0.000354151-0.150556 -0.14766  -0.16879  -0.268594 0.017334  -0.0052291-0.009865541.5707    -0.127965 -0.122491 -0.0654355-0.045355 -0.114478 -0.363954 0.0026976 0.0161297 -0.282021 -0.168799 -0.108393 -0.09209170.0225903 -0.167302 0.0719277 2.09904   -0.214915 -0.202548 -0.130962 -0.192549 -0.0455054-0.607947 0.00334749
data[1664      : 1695      ]: -0.0297239-0.170616 -0.153561 -0.0731897-0.09652860.0144154 0.013713  -0.02340521.28095   -0.170143 -0.0876218-0.0398614-0.0710256-0.060694 -0.334891 0.002178440.0267331 -0.129977 -0.138055 -0.0835916-0.110224 0.0156406 -0.158445 -0.06720221.4789    -0.0952021-0.122555 -0.106557 -0.0465232-0.158564 -0.306796 0.00242198
data[1696      : 1727      ]: 0.0285158 -0.132899 -0.233862 -0.0559473-0.09905  0.0155501 -0.004842610.0215333 1.38324   -0.108588 -0.16474  0.00241298-0.12778  -0.0997603-0.426083 0.002303340.0249091 -0.0712548-0.211321 -0.124355 -0.10397  0.0182798 -0.161521 0.0241121 1.72906   -0.21959  -0.167291 -0.0503822-0.0900064-0.196257 -0.403171 0.00275575
data[1728      : 1759      ]: -0.0517522-0.19624  -0.503014 -0.248776 -0.328832 0.0443682 -0.29253  -0.01221393.70883   -0.393949 -0.407253 -0.0533407-0.15531  -0.310044 -0.806402 0.006454150.00503647-0.317863 -0.348737 -0.0474204-0.468123 0.0429719 -0.11948  0.0459926 3.94291   -0.362158 -0.294841 -0.142111 -0.348902 -0.353952 -1.23965  0.0063265 
data[1760      : 1791      ]: -0.00578754-0.284696 -0.447288 -0.185828 -0.443869 0.0453768 -0.134803 0.0117594 4.01877   -0.37271  -0.468038 -0.147787 -0.2511   -0.275881 -1.06477  0.006650880.000164018-0.336704 -0.377196 -0.128012 -0.424958 0.0486564 -0.154236 -0.04373664.22857   -0.514245 -0.483747 -0.149573 -0.267134 -0.261842 -1.14315  0.00713819
data[1792      : 1823      ]: 0.0121478 -0.0569602-0.04846910.00103093-0.04171260.00525179-0.00244151-0.01188970.488593  -0.0358539-0.0260063-0.0384438-0.0501355-0.018072 -0.177828 0.0007891470.00669703-0.0638492-0.0888298-0.032815 -0.05149560.00624097-0.0536812-0.0002260670.556226  -0.071224 -0.04033240.00541239-0.0172968-0.0455929-0.110182 0.000948244
data[1824      : 1855      ]: -0.01889820.0311828 -0.0382207-0.000218232-0.07870070.0052745 -0.0344243-0.002075920.415942  -0.0412495-0.0561832-0.00718693-0.0331156-0.0274223-0.115402 0.0006982160.00500383-0.0121252-0.110619 -0.0137615-0.123177 0.0106924 -0.02638870.0100614 0.891291  -0.150015 -0.105296 -0.0582113-0.0528729-0.0478638-0.218226 0.00150745
data[1856      : 1887      ]: 0.00122435-0.00808785-0.00838148-0.008817919.06656e-050.000239198-0.0001565930.0008800390.0259463 1.56861e-057.7931e-050.0004866963.26032e-050.00199992-0.005593264.37563e-050.0005829170.00178108-0.001891669.94605e-054.61475e-050.0001630360.0017141 0.0005927340.0155785 7.01011e-065.15777e-050.000202391-0.01870410.000898174-0.001143562.2136e-05
data[1888      : 1919      ]: 0.000695653-0.0005205752.94819e-050.0001018064.43652e-050.000141837-0.0005319990.000530210.0163173 -0.00977068-0.005374960.000235090.0004124260.000652851-0.002986332.35232e-050.00309891-0.0533891-0.0256386-0.0311187-0.06345410.003603880.0376391 0.013758  0.339204  -0.0206223-0.007228920.00641937-0.0378886-0.0295964-0.135362 0.000575018
data[1920      : 1951      ]: 0.0008628960.00242091-0.003464120.000118623-0.005033760.0002095890.002400490.0006605880.0212125 -0.001950535.25195e-050.0002650910.0006576460.00129367-0.01973372.76415e-05-0.00157860.001916643.09337e-050.000110336-0.008448330.0001679620.001442970.0005103780.0105867 8.42167e-06-0.003344460.0002137880.000439676-0.002256660.0001793962.08808e-05
data[1952      : 1983      ]: -0.01257880.00364675-0.005928660.0003495370.0001507380.000585786-0.01212730.001963680.0491945 -0.0161239-0.009100950.000760749-0.004171060.002789810.000523496.5661e-050.0207023 -0.122812 -0.0294291-0.00161168-0.09597030.005124490.0337601 0.0194861 0.496027  -0.0485481-0.0233444-0.0148447-0.0269785-0.0647269-0.14767  0.000835948
data[1984      : 2015      ]: -0.01098930.0005283763.57276e-050.0001223275.91892e-050.0002188530.00179797-0.002651330.0101203 9.67082e-065.05062e-050.000255025-0.001014250.001241880.0001901772.48477e-050.0003784030.0009769591.73167e-055.48108e-052.61879e-058.76898e-050.0009244380.000291220.009081164.25303e-06-0.008104150.0001157370.000270970.000541002-0.004677011.10145e-05
data[2016      : 2047      ]: -0.004629240.00387848-0.002269320.0002566140.0001119430.000397362-0.01076150.001391430.0317302 1.98847e-05-0.02187950.0005084780.001004690.00251567-0.002315964.08469e-05-0.0109591-0.0712315-0.00157312-0.00999816-0.081367 0.004219040.0404338 -0.01912330.372786  -0.0334205-0.0247122-0.00943425-0.038764 -0.0348964-0.08262530.000665988
data[2048      : 2079      ]: -0.155181 -3.30435  -3.80978  -1.60173  -4.02731  0.450956  -1.74387  -0.234529 41.4961   -4.12249  -4.00258  -1.06394  -3.32589  -3.02271  -11.6001  0.0673357 0.100906  -3.23957  -4.60602  -1.90268  -4.62333  0.508138  -2.22626  -0.579849 46.06     -4.76366  -4.96272  -1.5717   -3.32689  -3.38537  -11.5566  0.075581  
data[2080      : 2111      ]: -0.0965877-3.26341  -4.54791  -1.92952  -4.45453  0.510078  -2.1816   -0.62145  46.1407   -4.78963  -5.03271  -1.65811  -3.26345  -3.65785  -11.2299  0.0758723 -0.0919709-3.07012  -4.36646  -1.73826  -4.616    0.491401  -2.74632  -0.7202   43.6802   -4.76194  -4.38879  -1.28659  -3.11363  -2.81053  -10.5331  0.0722719 
data[2112      : 2143      ]: -0.209117 -3.51579  -4.3308   -1.66552  -4.32243  0.4898    -1.98544  -0.233184 44.3815   -3.91761  -4.40792  -1.32981  -3.42996  -3.21779  -12.3786  0.0726034 0.195991  -3.26365  -5.04933  -2.07864  -4.87636  0.538417  -2.44751  -0.502195 48.3648   -4.8917   -5.28527  -1.7169   -3.30607  -3.69487  -12.0663  0.0796876 
data[2144      : 2175      ]: -0.241892 -3.30767  -4.92702  -2.10937  -4.95029  0.546586  -2.13294  -0.404005 48.5663   -5.16811  -5.08385  -1.79133  -3.43183  -3.61335  -12.0318  0.0805946 -0.0671473-3.10166  -4.66924  -2.00964  -4.75302  0.521101  -2.86193  -0.751191 46.5012   -4.8161   -4.88035  -1.50657  -3.15612  -3.00705  -11.519   0.0767386 
data[2176      : 2207      ]: -0.199345 -3.0702   -4.40633  -1.57461  -4.11838  0.483176  -1.94008  -0.360487 43.926    -4.06842  -4.44648  -1.4209   -3.24682  -3.23561  -12.393   0.0715182 0.105524  -3.27142  -5.13323  -2.12866  -4.70471  0.541683  -2.14014  -0.317995 48.7227   -4.73947  -5.61075  -1.43159  -3.92945  -3.82994  -12.2128  0.080231  
data[2208      : 2239      ]: -0.206164 -3.60926  -5.27214  -1.86313  -4.97301  0.54872   -2.2142   -0.426128 48.8948   -5.01014  -5.34801  -1.54084  -3.40828  -3.55966  -12.0935  0.0808716 -0.168718 -3.02275  -4.90384  -1.8573   -4.94104  0.524703  -2.67934  -0.873738 46.7294   -5.01557  -4.62039  -1.57968  -3.30402  -2.98687  -11.3779  0.0770546 
data[2240      : 2271      ]: -0.107181 -2.85733  -3.82341  -1.51348  -3.87242  0.446448  -2.02391  -0.278182 40.8315   -3.55998  -4.12562  -1.10139  -3.03295  -3.37346  -11.6749  0.0662863 -0.130999 -3.03064  -4.91568  -1.72636  -4.65721  0.508165  -2.22907  -0.571385 45.5797   -4.57809  -4.89566  -1.38579  -3.36673  -3.62725  -11.048   0.0749884 
data[2272      : 2303      ]: -0.1736   -3.3252   -4.86635  -1.89292  -4.77027  0.506926  -1.77093  -0.339746 44.9342   -4.78158  -4.76283  -1.49846  -2.87777  -3.23986  -11.2164  0.0748386 0.10482   -2.91941  -4.47097  -1.7727   -4.54831  0.49063   -2.63387  -0.767028 43.662    -4.8815   -4.58156  -1.36443  -2.98158  -2.54829  -10.8599  0.0721626 
data[2304      : 2335      ]: -0.023706 -0.420939 -0.28069  -0.111565 -0.299149 0.0375805 -0.170321 -0.02570373.4814    -0.398892 -0.353996 -0.058929 -0.339813 -0.172491 -0.868417 0.005636310.0648569 -0.392235 -0.451902 -0.217447 -0.480842 0.0481804 -0.13835  -0.08424984.60378   -0.716679 -0.318949 -0.244691 -0.165544 -0.483284 -1.03023  0.00758449
data[2336      : 2367      ]: -0.00144069-0.283829 -0.383366 -0.214541 -0.353885 0.0495454 -0.268259 -0.04851844.5314    -0.56682  -0.423552 -0.272506 -0.459967 -0.22407  -1.0876   0.00740329-0.00141938-0.43699  -0.403376 -0.374748 -0.608452 0.0608943 -0.343768 0.0143969 5.50538   -0.553296 -0.551438 -0.174953 -0.321461 -0.455381 -1.36458  0.00918985
data[2368      : 2399      ]: -0.0944307-0.467094 -0.342891 -0.272372 -0.548229 0.0520026 -0.235818 -0.039601 4.89578   -0.472272 -0.418323 -0.187386 -0.414194 -0.212636 -1.25039  0.007858770.0748905 -0.882477 -0.644377 -0.205054 -0.60989  0.068658  -0.277319 -0.02351786.27362   -0.613651 -0.660516 -0.280479 -0.261069 -0.346096 -1.6231   0.0103733 
data[2400      : 2431      ]: 0.016106  -0.532768 -0.605512 -0.33589  -0.605462 0.0693217 -0.201679 -0.102464 6.28046   -0.79458  -0.513786 -0.124288 -0.369176 -0.482114 -1.70866  0.0104934 0.0127853 -0.68248  -0.660431 -0.299838 -0.691448 0.085199  -0.554351 -0.05674057.63764   -0.767936 -0.84108  -0.318878 -0.610877 -0.597284 -1.66691  0.0126266 
data[2432      : 2463      ]: -0.0312233-0.467186 -0.607065 -0.114149 -0.461655 0.0516422 -0.107321 -0.007920014.92668   -0.556985 -0.473771 -0.282825 -0.348227 -0.521164 -1.00665  0.007824370.0526276 -0.619155 -0.756041 -0.379705 -0.456175 0.0713384 -0.0473761-0.03157466.61235   -0.654515 -0.652529 -0.247516 -0.453427 -0.783809 -1.66557  0.0110702 
data[2464      : 2495      ]: 0.0570381 -0.573741 -0.641978 -0.231846 -0.553449 0.0688197 -0.333948 -0.02721546.21115   -0.612841 -0.644711 -0.175301 -0.462395 -0.554482 -1.53537  0.0102683 -0.0119948-0.682905 -0.753024 -0.380847 -0.802659 0.0826972 -0.370679 -0.055734 7.58701   -0.868215 -0.71541  -0.13382  -0.416814 -0.662503 -1.82764  0.0125412 
data[2496      : 2527      ]: -0.0260505-0.499062 -0.560061 -0.320165 -0.683435 0.0711717 -0.390453 -0.136738 6.75564   -0.667153 -0.504341 -0.224727 -0.486648 -0.72264  -1.61626  0.0109231 -0.11907  -0.722336 -0.873957 -0.530372 -0.872556 0.104232  -0.26773  -0.139084 9.60375   -1.061    -0.830522 -0.453585 -0.60847  -0.976302 -2.26897  0.0159653 
data[2528      : 2559      ]: 0.0493864 -0.875002 -0.762887 -0.327805 -0.895988 0.0986951 -0.337094 -0.123939 9.05215   -1.06319  -0.914073 -0.349335 -0.616758 -0.749989 -2.19918  0.0150164 0.00275887-1.00509  -0.843035 -0.526146 -1.03909  0.114285  -0.620313 -0.252046 10.5395   -1.19097  -1.15385  -0.363964 -0.589993 -0.729054 -2.36034  0.0173453 
data[2560      : 2591      ]: -0.0190529-2.66134  -1.94746  -1.05004  -1.83495  0.224163  -0.639505 -0.474201 21.2418   -2.65534  -1.73419  -0.976113 -1.11867  -1.57309  -4.81703  0.0350103 0.0244788 -2.78776  -1.67856  -1.03941  -1.67021  0.217169  -0.772702 -0.463957 21.2704   -2.33732  -2.0771   -0.555304 -1.42693  -2.18293  -4.55433  0.0344191 
data[2592      : 2623      ]: 0.0457921 -2.64948  -1.85009  -1.03332  -1.81805  0.226707  -0.378792 -0.489361 21.4529   -2.32913  -2.04512  -0.723133 -1.34208  -2.3157   -4.78686  0.0357345 0.267466  -2.6381   -1.66542  -1.07304  -1.63934  0.210202  -0.750673 -0.298836 19.8833   -2.42272  -1.81266  -0.993055 -1.05515  -2.09671  -3.94852  0.0332962 
data[2624      : 2655      ]: 0.225637  -2.52777  -1.82766  -1.0797   -1.6539   0.211501  -0.477486 -0.405812 20.3651   -2.88455  -1.54909  -0.901386 -1.00228  -1.96643  -4.55986  0.0336929 -0.206579 -2.40442  -1.83188  -1.20056  -1.58071  0.217277  -0.758569 -0.513455 21.1665   -2.55367  -2.07885  -0.610378 -1.32818  -2.19264  -4.15818  0.0342657 
data[2656      : 2687      ]: -0.0266345-2.84969  -1.5299   -1.27215  -1.76016  0.212416  -0.375975 -0.391563 20.5373   -2.21333  -1.60671  -0.808115 -1.37847  -2.15318  -4.41805  0.0342181 0.306533  -2.80328  -1.39831  -1.16515  -1.59231  0.198114  -0.52672  -0.264912 19.2337   -2.46477  -1.7282   -0.773273 -0.855645 -2.10623  -4.09163  0.0320376 
data[2688      : 2719      ]: 0.131978  -2.61845  -1.93498  -1.27907  -1.89575  0.231659  -0.529956 -0.505547 21.6158   -2.85848  -1.86904  -0.85178  -1.15642  -1.71013  -4.80613  0.0362506 -0.264256 -2.7488   -1.28005  -1.07627  -1.822    0.212888  -0.712964 -0.351318 20.5568   -2.62917  -1.80095  -0.688908 -1.0385   -2.10604  -4.28426  0.0338145 
data[2720      : 2751      ]: 0.043293  -2.95973  -1.75042  -1.45546  -1.80522  0.221206  -0.598589 -0.191117 21.2716   -2.60582  -1.71605  -0.943003 -1.08066  -1.97187  -4.4936   0.0353897 0.201128  -3.02082  -1.81207  -1.1519   -1.37379  0.210856  -0.477646 -0.255592 20.0225   -2.41925  -1.87616  -1.07145  -0.990909 -1.8036   -4.21479  0.0334661 
data[2752      : 2783      ]: 0.131877  -2.99877  -1.9041   -1.22558  -1.53502  0.221681  -0.379387 -0.481442 21.5742   -2.66585  -1.75736  -1.02705  -1.36146  -1.64311  -4.984    0.0353319 0.244317  -3.15851  -2.12461  -1.21288  -1.82848  0.230955  -0.663249 -0.300959 22.361    -2.61986  -2.0184   -0.875888 -1.01815  -1.56944  -5.48232  0.0364205 
data[2784      : 2815      ]: 0.12216   -2.8744   -1.98592  -1.49213  -1.69816  0.230274  -0.563263 -0.414895 22.0573   -2.29379  -1.75051  -0.815684 -1.71606  -2.517    -4.32481  0.03692   0.132162  -2.67092  -1.6724   -1.03854  -1.45921  0.208078  -0.669352 -0.272795 19.6867   -2.39432  -1.67477  -0.769923 -1.20985  -1.87866  -4.34898  0.0327996 
data[2816      : 2847      ]: -0.0615082-0.616922 -1.0249   -0.214127 -0.913587 0.104089  -0.604901 0.0626133 9.19498   -0.783436 -0.884858 -0.208989 -0.761811 -0.693286 -2.60834  0.0149836 -0.132325 -0.519419 -1.20068  -0.456866 -1.25738  0.126787  -0.699871 -0.132012 11.3415   -1.11825  -1.37471  -0.383589 -0.843429 -0.738308 -2.6299   0.018448  
data[2848      : 2879      ]: -0.119193 -0.373957 -1.25161  -0.423592 -1.24497  0.123176  -0.423927 -0.198192 10.3967   -0.805871 -1.04622  -0.332389 -1.00082  -0.479515 -2.83716  0.0174979 -0.060482 -0.666515 -1.06762  -0.465036 -1.21334  0.122714  -1.00746  -0.069505510.8989   -0.729193 -1.29258  -0.286339 -0.524802 -0.56825  -3.08809  0.0176367 
data[2880      : 2911      ]: 0.0437452 -0.765519 -0.972606 -0.453212 -0.94939  0.116109  -0.646806 0.0156338 10.1604   -0.758789 -1.19868  -0.203987 -0.994059 -0.712577 -2.69717  0.0168933 -0.0282252-0.425934 -1.39173  -0.361232 -1.43863  0.139856  -0.698123 0.0455753 12.3283   -1.34019  -1.3375   -0.456409 -0.808558 -0.728375 -3.5188   0.0199988 
data[2912      : 2943      ]: -0.208014 -0.449573 -1.52045  -0.438899 -1.31851  0.149001  -0.674718 -0.047804212.7344   -1.37403  -1.28004  -0.321163 -1.08479  -0.565949 -3.62058  0.021077  -0.235635 -0.39539  -1.14371  -0.272977 -1.33437  0.132735  -0.8952   -0.13076  11.6881   -1.48274  -1.14864  -0.223518 -0.69739  -0.537553 -3.34189  0.0189304 
data[2944      : 2975      ]: 0.00203071-0.55222  -1.16607  -0.315459 -0.862747 0.114767  -0.523577 0.0521142 10.4456   -0.720583 -1.13277  -0.402451 -1.03977  -1.00219  -2.9135   0.0168563 0.00820547-0.443625 -1.55706  -0.436153 -1.25005  0.1384    -0.554619 -0.101274 12.2375   -1.06563  -1.32763  -0.434108 -0.876664 -0.779018 -3.57817  0.0199037 
data[2976      : 3007      ]: -0.0314654-0.593712 -1.27726  -0.347817 -1.24894  0.136386  -0.610186 -0.123307 11.5626   -1.44857  -1.15278  -0.376272 -1.0219   -0.58209  -2.90419  0.0194832 0.0521153 -0.339608 -1.24727  -0.348331 -1.40789  0.131414  -0.895706 -0.230813 11.3584   -1.15438  -1.0033   -0.219392 -0.830937 -0.808246 -3.07499  0.0189142 
data[3008      : 3039      ]: 0.0921788 -0.625369 -1.06644  -0.394514 -1.11889  0.1077    -0.670964 0.0296221 9.52377   -0.711218 -0.961429 -0.144287 -0.819247 -0.505747 -2.75062  0.0154556 0.0417473 -0.356166 -1.13031  -0.467907 -1.12708  0.124344  -0.864371 -0.020278910.8883   -1.19419  -1.33938  -0.250855 -0.812979 -0.912141 -2.59668  0.0179567 
data[3040      : 3071      ]: -0.0109244-0.472148 -1.20101  -0.532103 -1.16185  0.12395   -0.375674 -0.163697 10.5926   -0.938143 -1.31643  -0.402592 -0.851125 -0.403506 -2.90515  0.0177969 -0.0280504-0.168535 -1.17656  -0.360212 -1.41324  0.122727  -0.744997 -0.150085 10.6257   -1.00869  -1.30282  -0.352112 -0.793249 -0.391013 -2.87618  0.0172887 
data[3072      : 3103      ]: 0.0117422 -0.00904656-1.24505  -0.283404 -1.20586  0.1123    -0.791883 0.0684747 9.45521   -0.851219 -1.23947  -0.216134 -1.1899   -0.453344 -2.17779  0.0153609 0.0415045 -0.324804 -1.50529  -0.332028 -1.46956  0.133169  -0.905766 -0.059663711.5788   -1.30915  -1.32291  -0.330126 -0.579184 -0.76283  -2.87103  0.0188499 
data[3104      : 3135      ]: -0.0128333-0.615983 -1.33328  -0.573555 -1.10177  0.132763  -0.69321  0.0051835711.3553   -0.903558 -1.15252  -0.41119  -1.0027   -0.341446 -3.37011  0.0189301 -0.255108 -0.613803 -1.65496  -0.467202 -1.52313  0.145879  -0.721369 -0.104193 13.4449   -1.23866  -1.39387  -0.146031 -1.20162  -0.764207 -3.52759  0.020989  
data[3136      : 3167      ]: 0.0819322 -0.253446 -1.51153  -0.363895 -1.40615  0.140143  -0.865343 -0.033048411.8463   -1.03014  -1.58036  -0.455971 -1.14496  -0.636204 -2.80674  0.0194302 0.0278099 -0.8729   -1.53892  -0.236637 -1.64897  0.156815  -0.674793 0.0587273 13.5554   -0.927007 -1.7042   -0.48402  -0.968981 -0.730405 -4.03413  0.0221838 
data[3168      : 3199      ]: 0.0308102 -0.533172 -1.75423  -0.359988 -1.92476  0.158794  -0.782142 -0.249038 13.22     -1.1137   -1.36288  -0.343598 -0.723678 -0.056157 -4.2282   0.0219601 -0.0581102-1.20305  -2.01357  -0.800465 -1.72175  0.180919  -1.08456  0.0154323 16.3609   -1.25248  -1.83642  -0.204891 -1.44352  -0.84636  -4.11829  0.0261815 
data[3200      : 3231      ]: -0.211654 -0.25016  -1.52394  -0.395509 -1.47915  0.131554  -1.0069   -0.13886  11.1063   -0.902687 -1.23394  -0.377151 -0.968661 -0.568583 -2.19886  0.018172  -0.222389 -0.429059 -1.47476  -0.381945 -1.59759  0.152544  -0.826813 0.0194872 13.133    -1.21782  -1.55436  -0.498999 -0.810404 -0.773141 -3.53919  0.0214749 
data[3232      : 3263      ]: -0.18616  -0.338829 -1.55094  -0.345671 -1.5923   0.153264  -1.05831  -0.054650212.9311   -0.842518 -1.55326  -0.169581 -1.09408  -0.419408 -3.89966  0.0210438 -0.298805 -0.721123 -1.67317  -0.549833 -1.58696  0.164859  -1.01847  -0.038153414.9138   -1.2209   -1.56601  -0.218714 -1.18821  -0.916093 -4.10587  0.0236505 
data[3264      : 3295      ]: 0.012866  0.0392297 -1.45056  -0.2973   -1.28043  0.127683  -0.947236 -0.113031 10.4999   -1.16679  -1.29737  -0.251958 -0.859919 -0.580177 -2.45258  0.0176434 -0.174942 -0.359759 -1.45014  -0.451732 -1.63416  0.146763  -0.772271 0.0349846 13.0347   -1.18937  -1.41455  -0.239393 -0.762691 -0.888241 -3.90016  0.0209345 
data[3296      : 3327      ]: 0.0175626 -0.214744 -1.56246  -0.330965 -1.55729  0.14186   -0.804616 0.0779855 12.045    -1.24886  -1.4366   -0.323846 -0.840036 -0.351315 -3.63131  0.0196055 -0.152315 -1.14988  -1.66222  -0.395852 -1.97511  0.168248  -0.928413 -0.147764 15.2305   -1.27279  -1.70101  -0.426671 -0.884771 -1.02993  -3.69643  0.0244366 
data[3328      : 3359      ]: -0.116346 -1.11908  -1.44046  -0.687032 -1.75059  0.173468  -1.03293  -0.232193 15.4787   -1.90265  -1.39639  -0.350527 -1.13254  -0.569508 -3.94731  0.0253676 0.0144602 -1.29389  -1.30142  -0.755575 -1.31335  0.157064  -0.972814 -0.180235 14.778    -1.55272  -1.21026  -0.459086 -0.938709 -1.33641  -3.65916  0.0240806 
data[3360      : 3391      ]: -0.00607601-1.48311  -1.51433  -0.64068  -1.22497  0.14864   -0.408563 -0.185959 14.2396   -1.41174  -1.29954  -0.581081 -1.26933  -1.22029  -3.16544  0.0228616 0.0314198 -1.37756  -1.02422  -0.587203 -1.1161   0.145567  -0.706081 -0.094131812.9535   -1.77006  -1.35587  -0.454275 -0.712715 -1.03146  -2.92279  0.02203   
data[3392      : 3423      ]: -0.109899 -1.22215  -1.31263  -0.526323 -1.44067  0.15334   -0.693127 -0.341128 13.6755   -1.61467  -1.18839  -0.510517 -0.797019 -0.87278  -3.22245  0.0228702 0.233559  -1.57105  -1.10784  -0.553312 -1.12235  0.127608  -0.332398 -0.210879 12.4046   -1.1417   -1.0545   -0.290233 -0.646627 -1.3747   -3.3804   0.0202334 
data[3424      : 3455      ]: 0.0284153 -1.31052  -1.24901  -0.579123 -1.30225  0.124866  0.0446435 -0.127258 11.6736   -1.09164  -0.951568 -0.658589 -0.909784 -1.27469  -2.4364   0.0193317 0.0576273 -1.17397  -0.943469 -0.54505  -0.692109 0.126288  -0.463389 -0.092438111.8014   -1.50105  -1.34594  -0.511682 -0.721409 -1.24934  -2.76517  0.0196588 
data[3456      : 3487      ]: -0.00355179-1.00897  -1.47941  -0.597624 -1.26991  0.155818  -0.730638 -0.186291 13.8226   -1.86539  -1.37154  -0.592818 -0.647942 -0.795634 -3.45177  0.0231041 0.0482838 -1.44775  -1.18651  -0.640225 -1.26571  0.13813   -0.363395 -0.19244  13.2337   -1.1595   -1.33713  -0.228421 -0.963187 -1.55931  -3.09822  0.0216448 
data[3488      : 3519      ]: 0.0519075 -1.61943  -1.02362  -0.658003 -1.18257  0.12824   -0.381823 -0.0001539212.0764   -0.892499 -1.1813   -0.576363 -0.933768 -1.25276  -2.57426  0.0199803 -0.119911 -1.12316  -1.16935  -0.387429 -0.935737 0.122181  -0.127202 -0.111433 11.2366   -1.83855  -1.17243  -0.419772 -0.484321 -0.872261 -2.61577  0.0185274 
data[3520      : 3551      ]: -0.0468348-0.87589  -1.0951   -0.439149 -1.04744  0.13012   -0.738203 -0.191221 11.5093   -1.43253  -1.08569  -0.526231 -0.837528 -0.533094 -2.80962  0.0191096 0.0410204 -1.29205  -0.98425  -0.539787 -0.84328  0.109839  -0.247484 -0.131603 10.6408   -1.14365  -0.793966 -0.223359 -0.675671 -1.1251   -2.80883  0.0173498 
data[3552      : 3583      ]: 0.105058  -1.2404   -0.914022 -0.624883 -0.962098 0.112831  -0.373541 -0.005237 10.8745   -1.0388   -0.998666 -0.458768 -0.892349 -1.16633  -2.43497  0.0176536 0.00486374-1.08774  -0.920079 -0.520195 -0.730965 0.107158  -0.192639 -0.16349  9.92398   -1.29547  -1.02618  -0.250354 -0.633571 -0.730913 -2.50099  0.0165781 
data[3584      : 3615      ]: -0.183132 -2.03925  -3.03434  -0.830459 -2.99203  0.31367   -1.43172  -0.042722227.7952   -2.28624  -2.89574  -0.500842 -2.45839  -2.01211  -7.44751  0.0455869 0.103019  -1.81426  -3.84763  -1.19904  -3.67317  0.375397  -2.21603  -0.197891 33.4331   -3.09966  -3.55836  -1.2582   -2.64348  -2.15213  -8.30601  0.054297  
data[3616      : 3647      ]: -0.0856698-1.56406  -3.42668  -1.28945  -3.71812  0.373819  -1.63427  -0.245892 33.0712   -3.16782  -3.90541  -0.97228  -2.7083   -1.9467   -8.83444  0.0541093 -0.092831 -1.75717  -3.91209  -1.36407  -3.69988  0.387753  -2.00561  -0.301242 33.7735   -3.53413  -3.49693  -0.919033 -2.77868  -1.54504  -8.81031  0.0558149 
data[3648      : 3679      ]: -0.38427  -2.43277  -3.75476  -1.04901  -3.49734  0.377921  -1.59881  0.207186  33.8723   -2.66871  -3.38057  -0.976492 -2.83689  -1.83344  -10.0989  0.0544753 -0.123531 -1.78916  -4.47414  -1.28046  -4.5104   0.446776  -2.32546  -0.309773 39.1415   -3.3021   -4.59424  -1.29347  -3.29247  -2.18945  -10.1674  0.0637884 
data[3680      : 3711      ]: -0.257401 -1.85012  -4.27917  -1.57299  -4.42816  0.452276  -2.20627  -0.27701  39.1967   -3.85286  -4.26518  -1.15965  -2.88734  -2.24174  -10.436   0.0649582 -0.168566 -2.0871   -4.69613  -1.80692  -4.1503   0.473182  -2.39773  -0.368934 41.1493   -4.24022  -4.35373  -0.979173 -3.43829  -1.96583  -11.0376  0.068093  
data[3712      : 3743      ]: -0.173385 -2.23057  -3.42546  -1.23918  -3.45391  0.375211  -1.93667  -0.093275332.7625   -2.55475  -3.48916  -0.709761 -2.52242  -2.06298  -9.30048  0.0542747 -0.513744 -1.99797  -3.97396  -1.41873  -3.96839  0.436276  -1.96055  -0.102654 38.2227   -3.69742  -4.28913  -1.22348  -3.04567  -2.83311  -9.69743  0.0632642 
data[3744      : 3775      ]: -0.523235 -1.75181  -4.25105  -1.42735  -4.30073  0.45597   -2.07801  -0.155148 39.7243   -4.02598  -4.34699  -1.28465  -2.9863   -2.38678  -10.7277  0.0654752 -0.453289 -1.9859   -4.67507  -1.30295  -4.26886  0.464532  -2.31834  -0.433857 40.4371   -4.12149  -4.59864  -1.2145   -3.14145  -1.89315  -10.5604  0.0663105 
data[3776      : 3807      ]: -0.298999 -2.43918  -3.68368  -1.37128  -3.80332  0.396091  -1.80981  0.0079775835.853    -2.70035  -3.56676  -0.70937  -2.9339   -2.44571  -10.5526  0.0579334 -0.106294 -1.90923  -4.529    -1.28316  -4.55666  0.468663  -2.52166  -0.142814 41.2157   -3.74186  -4.56721  -1.19574  -3.34777  -2.96556  -10.8848  0.067423  
data[3808      : 3839      ]: 0.0395443 -2.63982  -4.54068  -1.61158  -4.50597  0.475953  -2.17361  -0.15424  41.5843   -4.33705  -4.77431  -1.41221  -2.67936  -2.29762  -11.0424  0.0690537 -0.111594 -2.51999  -4.52449  -1.56642  -4.76821  0.493126  -2.60398  -0.489821 43.0873   -4.40168  -4.75223  -1.26277  -3.1023   -2.11291  -11.4352  0.071126  
data[3840      : 3871      ]: 0.0619345 -1.10973  -1.19009  -0.589766 -1.41829  0.146947  -0.442307 -0.140084 13.6081   -1.51469  -1.40764  -0.466245 -1.04296  -1.13271  -3.38478  0.0222904 0.113426  -1.17778  -1.44618  -0.517809 -1.36284  0.151808  -0.560599 -0.307514 14.1048   -1.59984  -1.58469  -0.723359 -0.676151 -1.24265  -3.19362  0.022939  
data[3872      : 3903      ]: 0.0704281 -1.50177  -1.25784  -0.702326 -1.37744  0.162246  -0.800807 -0.267636 14.9699   -1.58806  -1.36334  -0.639622 -0.885065 -1.19842  -3.645    0.0247582 -0.0875581-1.51431  -1.65135  -0.787957 -1.49283  0.175158  -0.694338 -0.176434 16.3762   -1.57527  -1.58647  -0.633225 -1.11397  -1.39128  -3.87297  0.0266045 
data[3904      : 3935      ]: -0.0204484-0.486582 -0.966551 -0.506108 -0.82123  0.101743  -0.492468 -0.110858 9.25585   -1.21832  -0.850869 -0.38317  -0.54934  -0.878091 -2.08887  0.0153165 -0.103527 -1.21527  -0.962691 -0.718841 -1.03608  0.119287  -0.441872 -0.194399 10.9155   -0.963581 -1.14696  -0.473112 -0.615818 -0.881761 -2.29915  0.0182876 
data[3936      : 3967      ]: 0.0217309 -1.13415  -0.943189 -0.552183 -1.06236  0.113668  -0.268609 -0.233455 10.5734   -1.17301  -1.07686  -0.365794 -0.501381 -0.728259 -2.6871   0.0175468 -0.027243 -1.59642  -1.27073  -0.744349 -1.17855  0.142304  -0.565317 -0.215835 13.4594   -1.22385  -1.44068  -0.476319 -0.869499 -1.18429  -2.83061  0.0219756 
data[3968      : 3999      ]: 0.0962085 -0.546003 -0.924295 -0.391607 -0.976786 0.105528  -0.323303 -0.370757 9.68628   -0.980668 -1.02957  -0.406083 -0.561408 -1.12907  -2.26453  0.0160717 -0.0147473-1.20049  -1.11826  -0.498816 -0.993908 0.122005  -0.590387 -0.171851 11.3849   -1.35316  -1.07285  -0.483614 -0.600335 -0.885015 -2.5421   0.018651  
data[4000      : 4031      ]: 0.0035187 -1.07314  -1.24062  -0.474333 -1.27168  0.121747  -0.329052 -0.102541 11.2172   -1.22744  -1.24289  -0.324159 -0.405673 -0.948225 -2.72116  0.0184044 -0.0574304-1.27618  -1.14812  -0.634015 -1.10411  0.137349  -0.801281 -0.243825 12.9716   -1.16375  -1.11992  -0.382627 -0.98262  -1.25107  -2.96496  0.0209854 
data[4032      : 4063      ]: 0.036826  -0.423384 -0.782044 -0.347943 -0.82561  0.0923279 -0.470378 -0.08030768.39124   -0.992709 -0.677934 -0.283479 -0.589839 -0.847075 -2.21354  0.0138423 -0.0641118-1.07942  -1.01757  -0.475979 -0.962425 0.106267  -0.062186 -0.042628710.0195   -0.988436 -0.866658 -0.543953 -0.82276  -0.99787  -2.21822  0.0164057 
data[4064      : 4095      ]: 0.129438  -1.09854  -1.11456  -0.460858 -0.869292 0.107007  -0.591433 -0.138047 9.71744   -1.28335  -0.657478 -0.504166 -0.490709 -0.443233 -2.31832  0.0160904 -0.0394687-1.41065  -1.04668  -0.62772  -1.1087   0.128643  -0.866506 -0.115703 12.0662   -1.21127  -1.16402  -0.337813 -0.753897 -0.962631 -2.56949  0.0196555 
data[4096      : 4127      ]: 0.126849  -0.525764 -0.581988 -0.344756 -0.59502  0.0637062 -0.197339 -0.219933 6.04806   -0.73568  -0.517452 -0.230619 -0.502829 -0.524756 -1.27237  0.009898610.157673  -0.629778 -0.53932  -0.436796 -0.461747 0.0571715 -0.154654 -0.101994 5.37221   -0.571532 -0.383704 -0.337426 -0.432992 -0.443471 -1.1027   0.00905394
data[4128      : 4159      ]: -0.0316536-0.735952 -0.585872 -0.182008 -0.47122  0.0594926 -0.253521 -0.138067 5.86655   -0.629599 -0.496971 -0.249138 -0.337416 -0.464895 -1.35903  0.0093066 0.151078  -0.561287 -0.552043 -0.302193 -0.396028 0.0538705 -0.14193  -0.043762 5.14117   -0.559435 -0.394397 -0.214345 -0.426154 -0.503076 -1.25996  0.00848959
data[4160      : 4191      ]: 0.0106817 -0.836502 -0.941523 -0.26613  -0.680262 0.0757844 -0.0447769-0.101808 7.11639   -0.614508 -0.737631 -0.403495 -0.23816  -0.584869 -1.76481  0.0116176 -0.0906718-0.717762 -0.516866 -0.387055 -0.69108  0.0753635 -0.293212 -0.272008 6.79915   -0.796537 -0.613271 -0.279256 -0.430337 -0.466004 -1.33197  0.0115119 
data[4192      : 4223      ]: -0.0471712-1.09457  -0.531676 -0.401977 -0.724615 0.0762362 -0.359854 -0.128744 7.55706   -0.67536  -0.686139 -0.375256 -0.277449 -0.835803 -1.50688  0.0122031 -0.0102437-0.593978 -0.743034 -0.463949 -0.584435 0.0688534 0.0662232 -0.125993 6.39693   -0.510966 -0.538696 -0.278457 -0.520103 -0.715623 -1.45725  0.0107162 
data[4224      : 4255      ]: -0.0120594-0.660645 -0.62739  -0.396088 -0.57065  0.0779065 -0.321007 -0.10597  6.90749   -0.943617 -0.622888 -0.358382 -0.346415 -0.518485 -1.51358  0.0117828 -0.0612297-0.630537 -0.536811 -0.381899 -0.555014 0.0689084 -0.290247 -0.117634 6.54541   -0.750967 -0.509371 -0.340906 -0.380601 -0.61966  -1.45017  0.0107273 
data[4256      : 4287      ]: 0.0417638 -1.00533  -0.628245 -0.405225 -0.548032 0.0779555 -0.365678 -0.126024 7.44566   -0.706173 -0.510696 -0.229078 -0.549605 -0.540964 -1.96256  0.0122268 -0.036753 -0.756719 -0.564411 -0.318354 -0.509892 0.0729511 0.0492611 0.0438294 6.78575   -0.694159 -0.830522 -0.35462  -0.386225 -0.694107 -1.81731  0.0112847 
data[4288      : 4319      ]: 0.0431965 -1.10142  -1.02185  -0.437689 -0.80024  0.102646  -0.358045 -0.215737 9.44034   -0.878781 -0.837273 -0.401706 -0.581585 -0.647738 -2.31975  0.0156365 0.0289462 -1.02575  -0.992421 -0.502282 -0.897338 0.102514  -0.336862 -0.04164849.25628   -0.955966 -0.754768 -0.357818 -0.718024 -0.583321 -2.23698  0.0154354 
data[4320      : 4351      ]: 0.0262295 -1.17985  -0.818149 -0.591032 -0.907879 0.10349   -0.619522 -0.02319579.65359   -1.07317  -0.724027 -0.308205 -0.487915 -0.872987 -2.19339  0.0160049 0.0744334 -1.0015   -0.702564 -0.515762 -0.758047 0.0914935 -0.196542 -0.04806368.42531   -0.987797 -0.828421 -0.266078 -0.536317 -0.612949 -2.15133  0.0141368 
data[4352      : 4383      ]: 0.00669435-0.117019 -0.14439  -0.0620524-0.187333 0.019644  -0.168151 0.009396171.67086   -0.156571 -0.204975 -0.0794466-0.272425 -0.034997 -0.281997 0.002765440.0724626 0.0295172 -0.261489 -0.101893 -0.442196 0.0279367 -0.109146 -0.02033112.46397   -0.261983 -0.217405 -0.0507028-0.1491   -0.175727 -0.807923 0.00401167
data[4384      : 4415      ]: 0.0362709 -0.0729581-0.390028 -0.143576 -0.269036 0.0280328 -0.169662 0.0533539 2.36489   -0.205375 -0.205653 -0.0490152-0.179472 -0.174283 -0.627444 0.00395067-0.00797881-0.158117 -0.437852 -0.0680924-0.386411 0.0340815 -0.305223 -0.03330883.11375   -0.341176 -0.302376 -0.0134306-0.149953 -0.237313 -0.711489 0.00488557
data[4416      : 4447      ]: 0.0231372 0.0209357 -0.0969095-0.130831 -0.09264410.0158601 -0.0782817-0.04378931.36644   -0.168877 -0.171542 -0.101768 -0.146359 -0.00864563-0.389021 0.00229743-0.0220667-0.0633749-0.244781 -0.0868231-0.271271 0.0235402 -0.0446352-0.0003602842.00446   -0.161392 -0.271902 0.0137947 -0.0800261-0.205772 -0.592764 0.00337629
data[4448      : 4479      ]: -0.0058674-0.0571301-0.231479 -0.112768 -0.268091 0.0207154 -0.166002 -0.00214431.74424   -0.0588208-0.155922 -0.0374473-0.0933408-0.0774845-0.501367 0.0029118 -0.00530606-0.10118  -0.302405 -0.122384 -0.374256 0.0290223 -0.273037 0.0709011 2.62571   -0.268295 -0.274459 -0.0882968-0.207129 -0.104962 -0.607995 0.00407508
data[4480      : 4511      ]: -0.0158499-0.0178668-0.148069 -0.0620926-0.153633 0.0163546 -0.120155 -0.003134821.43147   -0.178829 -0.167075 -0.00989247-0.207377 0.0193798 -0.385484 0.00225362-0.0295066-0.130137 -0.101507 -0.103121 -0.306154 0.0185717 -0.145025 -0.009068341.5343    -0.192492 -0.08764160.0268394 -0.00444217-0.0459493-0.427351 0.00267901
data[4512      : 4543      ]: -0.0453597-0.0447905-0.178171 -0.121783 -0.264996 0.0228837 -0.183904 0.0172534 1.95066   -0.0641511-0.191886 -0.07185  -0.227286 -0.0513542-0.548458 0.003192290.0131214 -0.14602  -0.337147 -0.0661974-0.238398 0.0287112 -0.08100670.071835  2.56477   -0.329164 -0.339756 -0.0672697-0.123656 -0.0812463-0.872661 0.00408711
data[4544      : 4575      ]: -0.0156907-0.0270786-0.193994 -0.0647163-0.086202 0.0177779 -0.0820806-0.09048121.44143   -0.136622 -0.257317 0.00839159-0.134055 -0.0962224-0.285665 0.002524830.0478114 -0.2266   -0.246862 -0.109428 -0.250128 0.0192868 -0.08070050.003776471.84288   -0.098191 -0.233485 -0.00666328-0.0218216-0.0456357-0.597105 0.00286752
data[4576      : 4607      ]: 0.029619  -0.077027 -0.271006 -0.0264981-0.137821 0.0175418 -0.107035 -0.02351041.44097   -0.131374 -0.173202 -0.01793  -0.127377 -0.0443131-0.35345  0.00241481-0.0280961-0.213491 -0.308888 -0.0425075-0.290535 0.0301124 -0.240356 0.0203055 2.73558   -0.299064 -0.350705 -0.0900946-0.0912656-0.233689 -0.601677 0.00436531
data[4608      : 4639      ]: -0.00614536-0.131366 -0.072515 -0.0575014-0.104257 0.00689467-0.00553535-0.01354130.61856   -0.0859769-0.0408943-0.0115382-0.0190369-0.00556931-0.07266980.001092430.0105086 -0.0971703-0.0369301-0.0339451-0.07973820.00601611-0.0133672-0.01362280.587217  -0.0111132-0.0298859-0.06993240.00134796-0.0851447-0.135231 0.000991234
data[4640      : 4671      ]: 0.0158254 -0.108796 -0.0544998-0.0146949-0.04328280.006476460.00799647-0.002541540.667835  -0.0966107-0.0805009-0.0423408-0.070854 -0.0745225-0.11055  0.0010602 -0.00853402-0.0386358-0.0311128-0.00619315-0.03056260.00473637-0.003697760.0118739 0.405284  -0.0468663-0.0535842-0.0214388-0.0599774-0.018095 -0.103881 0.000684046
data[4672      : 4703      ]: 0.003203  0.00794726-0.00969092-0.0750386-0.04153110.001795280.0112892 0.006816990.169362  -0.03031110.000595959-0.00310845-0.000901025-0.000451798-0.040287 0.0003098660.002429820.0006975040.0001192560.000419334-0.02661180.000651506-0.013841 0.002181840.0441477 3.21881e-050.0001888510.000853638-0.01620090.004180080.0006775477.45286e-05
data[4704      : 4735      ]: -0.004694230.0087404 0.000162746-0.00799688-0.01217720.0007887020.006430140.003085920.0910512 4.22344e-050.000284193-0.00825595-0.0271229-0.0332371-0.01723580.0001345220.00270231-0.000272697-0.019638 0.0005049190.0002577410.0007096230.006724350.002609690.0860712 -0.03892380.0002134560.001441810.00265171-0.0262215-0.01895130.000120467
data[4736      : 4767      ]: -0.0118861-0.01125  -0.000108575-0.0527761-0.06063060.001578780.003596890.005857220.161062  -0.035522 -0.002110570.002769030.000283938-5.52544e-05-0.001083310.0002741990.00248563-0.00488320.0001145590.0003768420.0001955610.000608684-0.01935360.002267530.0605413 3.05912e-050.000203624-0.00369648-0.03269590.00404283-0.01031898.08789e-05
data[4768      : 4799      ]: 0.002259380.006093020.0001086280.0003421460.0001704360.000501167-0.03640760.001788870.0488196 2.8944e-050.000160326-0.0141956-0.000589954-0.00742223-0.001719896.27564e-050.00216372-0.0128927-0.01768430.000358590.0001958840.000539090.005305320.001836750.0551686 -0.001387370.000149440.0009275150.00174726-0.0103575-0.02616629.58411e-05
data[4800      : 4831      ]: 0.002643740.0130793 -0.00190956-0.0147445-0.02908640.00169225-0.0297261-0.008420850.138385  -0.0019068-0.0186889-0.016373 -0.01278530.00652547-0.02891140.0002270410.001961160.001453869.75721e-050.000291687-0.007931250.000471845-0.0196612-0.006367820.0425856 2.7073e-050.0001373130.000760875-0.003098210.00310715-0.01389555.98966e-05
data[4832      : 4863      ]: 0.001526060.001626797.164e-05 0.000227059-0.0002222780.000373874-0.00260690.001406160.0301006 1.76936e-050.000130164-0.00680372-0.02442760.00256076-0.004025714.53835e-050.001245380.00340383-0.02023620.0001904318.67581e-050.0003420940.002713610.0009831040.024637  -0.0126277-0.003332810.0004272990.0008869590.00242504-0.001184623.98009e-05
data[4864      : 4895      ]: -0.0356667-3.09258  -2.49456  -1.44346  -2.37233  0.294806  -0.759438 -0.447943 27.9627   -3.24533  -2.39054  -0.905814 -2.0256   -2.1898   -6.90017  0.0457532 0.213736  -3.54683  -3.09106  -1.68941  -2.86424  0.361002  -1.3214   -0.497577 33.6606   -3.55921  -3.40509  -1.36975  -1.80008  -3.2378   -7.90873  0.0558078 
data[4896      : 4927      ]: -0.0204553-3.84845  -3.14259  -1.48922  -3.1672   0.3658    -1.61204  -0.678268 34.1592   -3.82257  -2.98663  -1.49166  -1.87795  -3.03948  -7.40489  0.0564171 0.176721  -3.55477  -2.88858  -1.50163  -3.19407  0.348175  -1.36935  -0.367384 32.4263   -3.74237  -3.09512  -1.25368  -2.08211  -2.82937  -7.1263   0.0535952 
data[4928      : 4959      ]: -0.260294 -3.44912  -3.17858  -1.40462  -3.02424  0.352876  -0.819887 -0.355463 33.6109   -3.47545  -2.84683  -1.27085  -2.28746  -3.05212  -8.59323  0.0544321 0.11972   -4.57255  -3.71803  -2.08476  -3.59012  0.433357  -1.62867  -0.808165 40.733    -4.60494  -4.07754  -1.27847  -2.22588  -3.60685  -9.15718  0.0671122 
data[4960      : 4991      ]: -0.0339532-4.29765  -3.38946  -1.9592   -3.49961  0.428031  -1.48911  -0.668302 39.8462   -4.46864  -3.21437  -1.7048   -2.85524  -3.74596  -9.01414  0.0661628 0.178622  -4.20554  -3.45367  -1.99272  -3.44317  0.424053  -2.00758  -0.901136 39.6613   -4.37241  -3.86728  -1.5182   -2.40686  -3.65151  -8.50949  0.0655579 
data[4992      : 5023      ]: 0.135281  -3.15611  -3.06321  -1.75817  -2.93952  0.358632  -0.947436 -0.51099  33.6676   -3.8957   -3.2825   -1.31116  -2.0428   -3.10621  -8.20322  0.0554777 0.0536754 -4.08024  -3.83099  -2.15642  -3.35416  0.437649  -1.10119  -0.80969  40.8765   -4.56814  -4.13731  -1.42666  -2.44651  -3.97496  -9.54939  0.0678129 
data[5024      : 5055      ]: 0.134398  -4.91795  -3.88827  -2.03399  -3.60302  0.440315  -1.36121  -0.370495 41.007    -4.52332  -3.43427  -1.66078  -2.69954  -4.03275  -9.12439  0.0683286 0.194624  -4.23663  -3.49204  -2.0664   -3.58413  0.43048   -1.63491  -0.620209 39.9904   -4.96405  -4.10766  -1.45206  -2.20188  -3.62112  -8.70076  0.066405  
data[5056      : 5087      ]: -0.0338507-3.49089  -2.97046  -1.74056  -2.88291  0.358929  -1.08965  -0.544334 34.1709   -3.68827  -2.77562  -1.2634   -2.51646  -2.77619  -8.81273  0.0555472 0.104958  -4.30002  -3.89325  -1.9125   -3.80948  0.446832  -1.03451  -0.57161  41.3646   -4.49052  -3.93966  -1.55432  -2.38447  -3.85976  -10.2352  0.0688538 
data[5088      : 5119      ]: 0.166394  -4.64154  -4.20792  -2.07934  -4.04358  0.459249  -1.66462  -0.674628 42.2568   -4.70562  -3.52437  -1.63863  -2.76486  -3.70046  -9.30745  0.0705343 0.125279  -4.03401  -3.61195  -2.22189  -3.88181  0.442073  -1.97152  -0.89814  40.9691   -4.78036  -3.98594  -1.23438  -2.56514  -3.28895  -9.13025  0.067869  
data[5120      : 5151      ]: -0.318908 -1.02735  -1.31287  -0.328753 -1.17775  0.136433  -0.848655 -0.041405111.8783   -1.01425  -1.25617  -0.241748 -0.528543 -0.772717 -3.16524  0.0196713 -0.115475 -0.523509 -1.22346  -0.50687  -1.22959  0.131448  -0.724731 -0.153592 11.9826   -0.988908 -1.17451  -0.327205 -1.28259  -0.733485 -3.14936  0.0192167 
data[5152      : 5183      ]: -0.0367614-0.611634 -1.25884  -0.520495 -1.19585  0.128916  -0.426161 -0.039563811.4824   -1.02578  -1.22188  -0.344687 -0.900576 -0.866624 -3.18138  0.0188822 -0.137745 -0.638451 -1.11092  -0.417773 -0.960248 0.126986  -0.441801 -0.22148  10.4734   -1.22382  -1.32719  -0.438195 -0.613425 -0.358891 -2.72863  0.0182349 
data[5184      : 5215      ]: -0.088103 -1.01524  -1.21621  -0.427484 -1.16785  0.133193  -0.510942 -0.089758311.8374   -1.27975  -1.18426  -0.35506  -0.644954 -0.927555 -3.08315  0.0197359 -0.276125 -0.440527 -1.36064  -0.631398 -1.21266  0.138275  -0.560529 -0.197169 12.4479   -1.39264  -1.10809  -0.296032 -0.824785 -0.870262 -3.43564  0.0202953 
data[5216      : 5247      ]: 0.0635885 -0.568356 -1.37081  -0.408189 -1.19853  0.141605  -0.633681 0.132475  12.9544   -1.39476  -1.63842  -0.312754 -1.16123  -0.956446 -3.66959  0.0206858 -0.0779095-0.178445 -1.24565  -0.240688 -1.12331  0.132902  -0.309991 -0.249515 10.6446   -1.56821  -1.23057  -0.302264 -0.930118 -0.283771 -3.05561  0.0185228 
data[5248      : 5279      ]: -0.16511  -1.06151  -1.4627   -0.444421 -1.13852  0.144151  -0.720437 -0.119939 13.0213   -1.09645  -1.21117  -0.30091  -0.846637 -1.08958  -3.52942  0.0213198 -0.0473283-0.56882  -1.40942  -0.388441 -1.28743  0.130467  -0.672959 -0.086019111.6947   -1.06099  -0.867211 -0.218426 -0.903451 -0.875831 -3.4578   0.0189431 
data[5280      : 5311      ]: -0.0127395-0.609716 -1.2498   -0.526297 -1.23359  0.139025  -0.392442 -0.043346612.9358   -1.43901  -1.49545  -0.468344 -0.927346 -1.18847  -3.50907  0.0207906 0.077722  -0.218403 -1.20829  -0.34173  -1.31062  0.135919  -0.441615 -0.199427 11.2195   -1.49585  -1.36422  -0.287806 -0.820227 -0.64741  -3.11699  0.0194153 
data[5312      : 5343      ]: -0.171153 -0.858607 -1.27052  -0.599161 -1.18606  0.132703  -0.797205 -0.131691 12.034    -1.08175  -1.21853  -0.23695  -0.578061 -1.06173  -2.99502  0.0197292 -0.138117 -0.751657 -1.35519  -0.436986 -1.12094  0.131824  -0.621944 -0.091668 11.7109   -0.936023 -1.06576  -0.361851 -1.11694  -0.86016  -3.00478  0.0192676 
data[5344      : 5375      ]: -0.00437629-0.39604  -1.21192  -0.566117 -1.1361   0.13092   -0.354516 -0.044129411.8366   -1.01855  -1.56485  -0.453806 -0.966062 -1.01072  -3.25964  0.0193149 -0.151623 -0.478691 -1.08262  -0.374298 -0.882259 0.126337  -0.435723 -0.157337 10.4586   -1.23429  -1.4186   -0.324679 -0.952132 -0.342246 -2.76836  0.0179595 
data[5376      : 5407      ]: 0         0         0         0         0         0         0         0         0         0         0         0         0         0         0         0         0         0         0         0         0         0         0         0         0         0         0         0         0         0         0         0         
data[5408      : 5439      ]: 0         0         0         0         0         0         0         0         0         0         0         0         0         0         0         0         0         0         0         0         0         0         0         0         0         0         0         0         0         0         0         0         
data[5440      : 5471      ]: 0         0         0         0         0         0         0         0         0         0         0         0         0         0         0         0         0         0         0         0         0         0         0         0         0         0         0         0         0         0         0         0         
data[5472      : 5503      ]: 0         0         0         0         0         0         0         0         0         0         0         0         0         0         0         0         0         0         0         0         0         0         0         0         0         0         0         0         0         0         0         0         
data[5504      : 5535      ]: 0         0         0         0         0         0         0         0         0         0         0         0         0         0         0         0         0         0         0         0         0         0         0         0         0         0         0         0         0         0         0         0         
data[5536      : 5567      ]: 0         0         0         0         0         0         0         0         0         0         0         0         0         0         0         0         0         0         0         0         0         0         0         0         0         0         0         0         0         0         0         0         
data[5568      : 5599      ]: 7.2237e-050.0001425223.36597e-069.47944e-064.22713e-061.74964e-050.0001668056.12037e-050.001756156.28205e-075.19566e-061.71792e-054.72868e-050.000114842-0.002420852.23491e-060         0         0         0         0         0         0         0         0         0         0         0         0         0         0         0         
data[5600      : 5631      ]: 0         0         0         0         0         0         0         0         0         0         0         0         0         0         0         0         0         0         0         0         0         0         0         0         0         0         0         0         0         0         0         0         
data[5632      : 5663      ]: -0.192701 -1.79497  -3.35238  -1.25819  -3.33778  0.357819  -1.75442  -0.257291 32.3341   -3.54604  -2.89168  -1.06335  -2.41296  -2.44365  -8.43923  0.0527147 0.0465962 -2.74183  -2.99655  -1.22529  -2.8202   0.334646  -1.75899  -0.381062 30.5846   -3.45804  -3.07269  -1.03477  -2.29465  -2.04909  -7.18274  0.0501035 
data[5664      : 5695      ]: 0.0563154 -2.64122  -3.45852  -1.36204  -3.10277  0.34063   -1.207    -0.385182 30.7252   -3.28085  -3.1324   -1.16158  -1.87944  -2.08671  -7.47528  0.0508697 -0.0386542-2.69716  -3.03543  -1.08171  -2.81489  0.315856  -1.4751   -0.566755 28.7598   -3.13457  -2.94848  -0.692191 -1.87452  -2.13383  -6.62968  0.0473584 
data[5696      : 5727      ]: -0.000591874-2.52652  -3.20018  -1.43614  -3.30732  0.358077  -1.31603  -0.523549 33.1503   -3.33735  -3.05246  -1.04056  -2.29443  -3.16644  -8.36098  0.0541975 0.145797  -2.71169  -3.24766  -1.28832  -2.94317  0.334077  -1.13234  -0.325578 30.9136   -3.49896  -3.34842  -1.1143   -2.13618  -2.42076  -7.2765   0.0504271 
data[5728      : 5759      ]: 0.156762  -2.41601  -3.04503  -1.13645  -3.0642   0.326418  -0.748481 -0.404217 29.3037   -3.39502  -2.85898  -1.15368  -2.24328  -1.97871  -7.39142  0.0486153 -0.104507 -2.98943  -2.84821  -1.2863   -2.60538  0.324937  -1.52129  -0.353821 29.6094   -2.84468  -3.10755  -0.795763 -1.96222  -2.36192  -7.20232  0.0490244 
data[5760      : 5791      ]: -0.192532 -2.31355  -3.26048  -1.71726  -3.16635  0.355408  -1.61045  -0.295644 32.4578   -3.5061   -3.05931  -1.13913  -1.70976  -2.65448  -8.24158  0.053459  -0.068305 -2.21259  -3.08512  -1.28015  -3.08758  0.33361   -1.36426  -0.204778 30.4521   -3.11598  -3.43587  -1.04926  -2.55425  -2.34869  -7.0285   0.0495901 
data[5792      : 5823      ]: 0.119136  -2.90696  -3.0787   -1.44138  -3.16863  0.337302  -1.42078  -0.054681730.7029   -2.89551  -3.26669  -1.03347  -2.00283  -2.67087  -7.26968  0.0507869 -0.130282 -2.40903  -2.80228  -1.25996  -2.66015  0.313372  -1.28543  -0.306326 28.1465   -3.18349  -2.85084  -0.711513 -1.86118  -2.15968  -6.88648  0.0468232 
data[5824      : 5855      ]: -0.091837 -1.51764  -2.88918  -1.21568  -2.74166  0.316802  -1.20304  -0.255477 28.3404   -3.31927  -2.72379  -1.13289  -1.86687  -2.40236  -7.34451  0.0469738 0.14091   -2.59838  -2.94522  -1.07784  -2.73511  0.290219  -1.10327  -0.419604 27.1715   -2.8894   -2.6415   -0.490319 -1.96765  -2.24251  -6.53586  0.0440638 
data[5856      : 5887      ]: 0.0802593 -1.96833  -2.95081  -1.20358  -2.839    0.294348  -0.934511 -0.223838 26.6009   -2.97876  -2.68117  -0.723167 -1.72719  -1.79676  -6.99214  0.0437461 -0.0134957-2.25858  -2.77404  -1.17437  -2.69513  0.289839  -1.32971  -0.408333 26.2897   -2.64483  -2.59585  -0.658754 -1.73016  -1.95125  -6.38842  0.0433702 
data[5888      : 5919      ]: 0.137005  -1.23397  -1.51774  -0.813719 -1.55376  0.177526  -0.434214 -0.245999 16.8122   -1.76185  -1.69539  -0.640884 -1.36386  -1.42188  -4.47062  0.0271642 0.109665  -1.68219  -1.95396  -0.698516 -1.79381  0.206033  -0.663882 -0.328602 18.779    -2.05651  -1.96655  -0.721223 -0.997294 -1.54653  -4.71658  0.0309663 
data[5920      : 5951      ]: 0.00725767-1.96291  -1.70189  -1.05857  -1.67889  0.207938  -0.982917 -0.241364 18.9476   -2.1906   -1.85963  -0.776041 -1.24705  -1.49929  -3.99531  0.031715  -0.103797 -2.07774  -2.00348  -0.975487 -1.98128  0.211553  -0.602135 -0.480163 19.7943   -2.04964  -1.75633  -0.655596 -1.24894  -1.62156  -4.48215  0.0324824 
data[5952      : 5983      ]: 0.212707  -0.518752 -0.848962 -0.59187  -0.913605 0.0985572 -0.305392 -0.217501 9.28949   -1.07911  -0.852677 -0.279258 -0.861466 -0.872567 -2.27483  0.015232  0.0267304 -1.15465  -1.04077  -0.622476 -0.930451 0.112652  -0.381085 -0.322381 10.3477   -1.03166  -0.994416 -0.398086 -0.634786 -0.938852 -2.05484  0.017387  
data[5984      : 6015      ]: 0.101295  -1.28662  -1.01257  -0.573069 -1.06135  0.112499  -0.295066 -0.291186 10.7803   -1.29087  -1.05889  -0.461618 -0.413636 -0.856238 -2.4106   0.0175891 0.0708537 -1.67774  -0.981047 -0.763821 -1.0869   0.122113  -0.249407 -0.201386 12.0175   -1.33641  -1.10475  -0.499058 -0.602398 -1.09182  -2.63535  0.0195811 
data[6016      : 6047      ]: 0.0287546 -0.562385 -0.763832 -0.481582 -0.877798 0.101515  -0.417447 -0.265713 9.4612    -1.22109  -0.909294 -0.406443 -0.702948 -0.698145 -2.30021  0.0154266 -0.0633593-0.992884 -0.869838 -0.570874 -1.0211   0.117125  -0.729359 -0.176521 10.7961   -1.2323   -1.17471  -0.282583 -0.623403 -0.917931 -2.27621  0.0178174 
data[6048      : 6079      ]: 0.0765837 -1.11085  -1.10032  -0.548143 -1.30991  0.119226  -0.667565 -0.11844  10.8314   -0.977431 -1.07872  -0.393985 -0.432273 -0.95547  -2.35223  0.018168  0.00196942-1.30989  -1.06731  -0.572306 -0.981899 0.11911   -0.506364 -0.190803 11.6864   -1.2311   -0.85819  -0.456808 -0.911507 -1.0429   -2.69704  0.0186115 
data[6080      : 6111      ]: 0.0568906 -0.403558 -0.66719  -0.355065 -0.635936 0.08161   -0.251777 -0.06288997.72786   -0.969141 -0.77481  -0.446407 -0.716575 -0.64109  -1.95435  0.012438  -0.0137492-1.21159  -0.921865 -0.385597 -0.896349 0.095713  -0.0725438-0.114172 8.91922   -0.95582  -0.627408 -0.394962 -0.664801 -0.751599 -2.01932  0.0148418 
data[6112      : 6143      ]: 0.164658  -1.05005  -1.13391  -0.405248 -0.837126 0.095214  -0.55544  -0.113269 8.96889   -1.10165  -0.742207 -0.433458 -0.595245 -0.592849 -1.68279  0.0144817 0.0854625 -1.34297  -0.980745 -0.59869  -0.911186 0.101752  -0.515018 -0.206654 9.71047   -1.09508  -0.725011 -0.398259 -0.399813 -0.65911  -2.08111  0.0159676 
data[6144      : 6175      ]: -0.0361917-2.11602  -2.2656   -0.805296 -2.00359  0.233325  -0.851473 -0.132004 21.4773   -2.39909  -1.92886  -0.620137 -1.37722  -1.47713  -5.73305  0.0350696 -0.14001  -1.97492  -1.76333  -1.05295  -1.96969  0.23341   -0.87286  -0.153213 21.5621   -2.18667  -2.2621   -0.854612 -1.72154  -1.86485  -5.01427  0.0354823 
data[6176      : 6207      ]: 0.0143561 -1.8169   -2.31314  -0.90054  -1.95699  0.234354  -0.80047  -0.221029 21.4768   -2.28171  -2.21274  -0.706262 -1.4743   -1.88881  -5.18796  0.0353177 0.0919541 -1.44103  -1.85986  -0.756698 -1.89649  0.211285  -1.32178  -0.319894 18.9322   -2.06581  -1.92994  -0.590884 -1.39565  -1.31673  -4.37194  0.0312993 
data[6208      : 6239      ]: 0.0752537 -2.11638  -1.98359  -0.982001 -1.96247  0.225221  -0.950252 -0.236103 20.7385   -2.11731  -1.88288  -0.510023 -1.43502  -1.71056  -5.18668  0.0342388 0.00950417-1.60781  -1.93536  -0.993527 -1.683    0.213178  -0.9089   -0.266653 19.8285   -2.10676  -1.98256  -0.64372  -1.40535  -1.77062  -4.77935  0.0324119 
data[6240      : 6271      ]: -0.102302 -1.64122  -1.91603  -0.794425 -1.93402  0.212019  -0.634444 -0.157027 19.4184   -2.12346  -1.95392  -0.830034 -1.28979  -1.83915  -4.44658  0.0319692 0.0710197 -1.08059  -1.45556  -0.770781 -1.76471  0.191554  -1.01418  -0.23906  17.1514   -2.35276  -1.7418   -0.473644 -1.05158  -1.38528  -4.11266  0.0286897 
data[6272      : 6303      ]: 0.000639334-1.89695  -1.72494  -0.957581 -1.92376  0.218417  -0.79001  -0.188201 20.3201   -2.17442  -2.05091  -0.6315   -1.30937  -1.35236  -5.57231  0.0331743 0.0541424 -1.74437  -2.01132  -0.865934 -1.95377  0.216824  -0.747382 -0.32093  20.0207   -1.92466  -2.06044  -0.718792 -1.38038  -1.65981  -4.93669  0.0327933 
data[6304      : 6335      ]: 0.0574413 -1.6776   -1.96072  -0.796997 -1.97509  0.217263  -0.938787 -0.203254 20.0089   -2.34976  -1.84116  -0.839637 -1.48856  -1.50274  -4.74194  0.0326853 -0.110244 -1.43288  -1.7762   -0.755715 -1.74674  0.19866   -0.855771 -0.340819 17.5503   -2.05222  -1.66423  -0.698891 -1.03403  -1.24557  -4.06524  0.0295687 
data[6336      : 6367      ]: 0.0266309 -2.03292  -1.6591   -0.775268 -1.74169  0.197342  -0.735129 -0.190856 18.2885   -1.70298  -1.69503  -0.589505 -1.21172  -1.31696  -4.89129  0.0299386 0.046441  -1.52352  -1.69961  -0.612751 -1.62195  0.184896  -0.869399 -0.28429  17.1336   -1.64443  -1.79254  -0.472385 -1.21234  -1.56154  -4.09812  0.0279347 
data[6368      : 6399      ]: -0.134768 -1.37806  -1.66109  -0.928195 -1.57077  0.187419  -0.764141 -0.201701 17.251    -1.74764  -1.65193  -0.706324 -1.09739  -1.53265  -4.09216  0.0283588 0.140834  -1.07718  -1.44948  -0.57954  -1.43445  0.162403  -0.658795 -0.215177 14.69     -1.84558  -1.58151  -0.551926 -0.990829 -1.09641  -3.53676  0.024357  
data[6400      : 6431      ]: -0.47487  -5.96351  -6.90722  -2.66857  -6.95658  0.756465  -3.31647  -0.64155  68.9763   -7.13417  -6.85799  -2.15252  -4.7493   -5.05632  -16.9665  0.11281   0.0594698 -5.59901  -6.96346  -2.81465  -6.96487  0.771694  -3.65616  -0.872132 70.4819   -7.12001  -7.05458  -2.36536  -5.03937  -5.28036  -17.6982  0.115127  
data[6432      : 6463      ]: 0.0195882 -5.55605  -6.91237  -3.0315   -7.09261  0.76898   -2.97723  -0.797794 70.7697   -7.2799   -7.29719  -2.44446  -5.14353  -5.63785  -17.5031  0.115421  -0.0729515-4.90251  -6.15292  -2.43157  -6.01166  0.683245  -2.7369   -0.867458 60.9921   -6.53728  -6.72274  -1.89876  -4.69528  -4.19086  -14.5557  0.10129   
data[6464      : 6495      ]: -0.542949 -6.19929  -7.68884  -2.97752  -7.24591  0.801434  -3.10323  -0.652413 72.9393   -7.30045  -7.04757  -2.5371   -4.79216  -5.45325  -18.3195  0.119418  -0.285264 -5.56666  -7.36042  -3.17214  -7.11895  0.800499  -3.5957   -0.622964 72.7874   -7.25126  -7.21498  -2.52356  -5.05489  -5.26265  -18.6775  0.119005  
data[6496      : 6527      ]: -0.0993706-5.37132  -7.23051  -3.07738  -7.55857  0.799855  -2.95086  -0.697887 72.8187   -7.31963  -7.65855  -2.55359  -5.10445  -5.79946  -18.3162  0.119254  0.252418  -4.96185  -6.40149  -2.69633  -6.32061  0.718209  -3.04171  -0.811318 64.0417   -6.92342  -7.15442  -2.16314  -4.57174  -4.55219  -15.5207  0.106569  
data[6528      : 6559      ]: -0.256801 -5.94167  -7.23264  -3.27983  -7.08666  0.797     -3.48954  -1.04171  72.2245   -7.44345  -7.21706  -2.27927  -4.39398  -5.59504  -17.8832  0.119398  -0.513331 -5.52975  -7.44417  -3.25124  -7.18678  0.803814  -3.2961   -0.717147 72.7178   -7.26044  -7.56732  -2.26061  -5.21051  -5.34491  -18.0588  0.119484  
data[6560      : 6591      ]: -0.418986 -5.80072  -7.77341  -3.03788  -7.1582   0.814918  -2.95244  -0.605271 73.838    -7.606    -7.56815  -2.17378  -5.11778  -5.89805  -18.6637  0.121454  -0.184551 -4.98254  -6.33377  -2.69175  -5.86286  0.714159  -2.9833   -1.02374  63.1057   -6.74851  -7.43414  -2.40409  -4.6854   -3.6991   -14.8914  0.105228  
data[6592      : 6623      ]: -0.362024 -5.85134  -7.14064  -2.79405  -6.83094  0.751778  -3.0204   -0.534721 68.5251   -6.53915  -6.7379   -2.17833  -4.29362  -5.82281  -17.2835  0.112599  -0.0390129-5.8766   -7.01554  -2.94686  -7.05088  0.756617  -2.79782  -0.576065 69.6198   -7.15886  -6.78758  -1.99915  -4.76096  -5.24117  -18.2395  0.113541  
data[6624      : 6655      ]: -0.038622 -5.42474  -7.3148   -2.88115  -7.03921  0.773578  -2.87552  -0.924321 70.1415   -7.15348  -7.24488  -2.28365  -4.68422  -5.50645  -17.6595  0.115503  0.0641818 -4.96571  -6.0758   -2.58085  -6.06212  0.677805  -2.76588  -0.927629 60.3857   -6.46234  -6.41778  -1.91035  -4.24937  -3.89594  -14.9146  0.10069   
data[6656      : 6687      ]: 0.0202568 -0.0967248-0.0998711-0.066034 -0.120024 0.0169255 0.0178515 -0.100187 1.71556   -0.254167 -0.138603 -0.130917 -0.100534 -0.377907 -0.288468 0.002846830.0422741 -0.498261 -0.243111 -0.14863  -0.134235 0.0177641 -0.0184777-0.07102221.69165   -0.339328 -0.122497 -0.0997005-0.05280930.0692065 -0.09575210.00292559
data[6688      : 6719      ]: 0.0102144 -0.508517 -0.177882 -0.154582 -0.190179 0.0213703 0.00558326-0.08799012.34681   -0.371285 -0.124158 0.0192607 -0.0271105-0.41585  -0.349537 0.0038536 0.0321053 -0.535334 -0.145921 -0.174153 -0.171009 0.022416  -0.0121162-0.08897322.40552   -0.179583 -0.119002 -0.0782494-0.149242 -0.366561 -0.443867 0.00396826
data[6720      : 6751      ]: 0.0636712 0.00874745-0.0818704-0.109571 -0.06998330.0163709 0.0517365 -0.120816 1.80836   -0.426682 -0.142795 -0.1466   -0.0766058-0.423978 -0.352879 0.002895280.0428741 -0.550473 -0.0702928-0.147056 -0.237143 0.0209336 0.0133617 -0.136809 2.18032   -0.39914  -0.257273 -0.158013 -0.107185 -0.026302 -0.171407 0.00360145
data[6752      : 6783      ]: 0.0329762 -0.574757 -0.162104 -0.233767 -0.107463 0.0251279 -0.00542135-0.151263 2.70848   -0.473852 -0.15358  0.00490292-0.12987  -0.364567 -0.419397 0.00455052-0.00619166-0.683164 -0.237421 -0.213397 -0.09029370.0265648 -0.140123 -0.072731 2.88664   -0.108859 -0.075774 -0.082464 -0.159995 -0.498783 -0.548698 0.00469116
data[6784      : 6815      ]: 0.0434625 -0.13815  -0.123228 -0.0792097-0.05323570.0193879 -0.00866742-0.08626571.92681   -0.318597 -0.110582 -0.195262 -0.0288332-0.521273 -0.329689 0.003336030.0537884 -0.523019 -0.154903 -0.145608 -0.116856 0.019621  -0.0876514-0.100439 2.03813   -0.326249 -0.154531 -0.204262 -0.112742 0.0515615 -0.240126 0.00329013
data[6816      : 6847      ]: 0.0548186 -0.466487 -0.144551 -0.230926 -0.220796 0.0265464 -0.0490866-0.05560352.67498   -0.367941 -0.221364 -0.0552182-0.001542 -0.371364 -0.576017 0.004550220.0263848 -0.552013 -0.239057 -0.198854 -0.148708 0.024189  -0.0281263-0.101523 2.56157   -0.143929 -0.152592 -0.101865 -0.0275236-0.409542 -0.512628 0.00421475
data[6848      : 6879      ]: 0.0359414 -0.290101 -0.300224 -0.248731 -0.362118 0.0498722 -0.0946717-0.142405 4.70712   -0.712165 -0.353185 -0.325848 -0.374068 -0.595408 -1.00192  0.007908350.0491338 -0.78086  -0.426616 -0.276315 -0.423262 0.0552632 -0.15473  -0.107321 5.19335   -0.738774 -0.386714 -0.290056 -0.418182 -0.278217 -1.02539  0.00868338
data[6880      : 6911      ]: -0.00112327-0.730932 -0.44359  -0.375239 -0.543646 0.0609597 -0.125267 -0.203244 5.90149   -0.759819 -0.40884  -0.156627 -0.297371 -0.577362 -1.34918  0.00979712-0.0241079-0.858482 -0.534398 -0.426729 -0.50661  0.0637976 -0.2795   -0.101915 6.27816   -0.590619 -0.47898  -0.255851 -0.439774 -0.574583 -1.28062  0.0102135 
data[6912      : 6943      ]: -0.0388746-0.07178  -0.0177722-0.00145055-0.004548560.002122390.00262136-0.0003430370.190295  -0.0160366-0.00946748-0.00955172-0.003802630.0100559 -0.03178390.0003164580.00218265-0.02365060.00015896-0.000964874-0.01199920.0007259810.001936980.002901930.0823011 -0.00730909-0.004932 0.00147734-0.00615182-0.0290229-0.007790420.000135914
data[6944      : 6975      ]: 0.001384260.000805252-0.01192750.0004716040.0002144320.000741285-0.03585650.002387630.069433  -0.009881050.0001928650.001078280.00200908-0.00610378-0.01505070.0001018880.00317085-0.0293106-0.00338602-0.00369516-0.00183370.0006381750.006650170.002573970.0847747 -0.00837885-0.0286046-0.001357550.00250556-0.012073 -0.01179920.000125354
data[6976      : 7007      ]: -0.0425171-0.06417230.000193591-4.11924e-060.0003500570.000945782-0.001145850.003537920.0916987 5.80526e-050.0002659950.001496140.002806620.00681956-0.0004835120.0001503870.0002541270.0006939559.68088e-063.50846e-052.02702e-053.90588e-050.0004192040.0001990970.00686732-0.001330831.34004e-050.000112071-0.000238992-0.007175557.16101e-051.04946e-05
data[7008      : 7039      ]: 0.00071618-0.003566493.05701e-050.0001193827.39792e-050.0001244270.001327690.0005622040.0200158 8.9031e-065.61708e-050.0003833550.000619112-0.02071690.0002133483.22724e-050.0006544060.002059782.84838e-059.06729e-054.56215e-050.0001534930.001435140.0005686430.0169175 -0.01392454.83178e-050.00025224-0.009778470.001261510.0001631512.39986e-05
data[7040      : 7071      ]: -0.0188732-0.0436081-0.0009626050.0005577860.0002775020.0007105340.00278591-0.01075850.0669689 4.76132e-050.000214593-0.004820710.0006421050.005744350.0009533460.0001204450.0003615280.0008761181.39613e-054.68961e-052.15205e-055.89227e-050.000668122-0.008314560.00635506-0.0009903971.4001e-050.0001273710.0001677470.0005028437.81443e-051.2728e-05
data[7072      : 7103      ]: 9.52264e-050.000187884.43719e-061.24963e-055.57241e-062.30647e-050.0002198918.06817e-050.002315048.28131e-076.84917e-062.26465e-056.23358e-050.00015139-0.003191282.94616e-060.000175312-0.003680251.15329e-053.88074e-051.76845e-053.22347e-050.000381220.0001681740.005574563.50402e-061.26272e-050.0001060530.00016128-0.003080846.80753e-051.00193e-05
data[7104      : 7135      ]: -0.0494334-0.0300717-0.00370452-0.003276550.0003588050.001144120.008172030.003746560.0899247 -0.0194903-0.005904290.001591660.002928290.00750613-0.003651940.0001602730.0002814370.0007098851.13239e-054.37416e-052.04272e-056.20581e-050.0006118820.000267770.005314973.75786e-06-0.008138559.92487e-050.0001882060.0004517546.51629e-056.92791e-06
data[7136      : 7167      ]: 0.000516633-0.001883381.78669e-05-0.00170583.28403e-050.0001022990.001043940.0003442260.003754525.72108e-063.36659e-056.49033e-05-0.003178730.0007198280.0001169021.45566e-050.00111942-0.01254093.99761e-050.0001618747.73252e-050.0001771360.001961950.0008054520.0213358 1.40261e-05-0.01307880.0003962610.000698622-0.001463920.0002632593.25104e-05
data[7168      : 7199      ]: 0.01762   -1.86846  -1.27433  -0.972671 -1.28217  0.161469  -0.229599 -0.356657 16.0386   -2.0025   -1.08528  -0.591265 -1.05177  -1.78608  -3.74297  0.0260789 0.156681  -2.57842  -1.54003  -1.03308  -1.37915  0.188411  -0.490943 -0.322023 18.0607   -2.15799  -1.63325  -0.989851 -1.0925   -1.746    -3.47261  0.0300704 
data[7200      : 7231      ]: 0.0801894 -2.56387  -1.40637  -0.880033 -1.79494  0.196519  -0.563872 -0.468559 19.167    -2.37023  -1.6978   -0.759948 -0.922776 -1.89267  -4.15408  0.0314564 0.156395  -2.17098  -1.59997  -0.925239 -1.65764  0.187547  -0.660006 -0.312508 17.241    -1.84662  -1.52187  -0.750439 -0.929188 -1.63423  -3.60542  0.0291933 
data[7232      : 7263      ]: -0.066595 -2.24385  -1.43631  -0.772039 -1.09987  0.153861  0.0885695 -0.314634 15.6641   -1.74507  -0.961262 -0.592354 -0.771799 -2.08907  -3.83911  0.0254149 -0.0651674-2.46248  -1.48167  -1.10511  -1.47395  0.185558  -0.379054 -0.396296 17.8566   -2.35683  -1.60431  -0.789605 -1.18974  -1.31342  -3.4539   0.0293739 
data[7264      : 7295      ]: 0.0614241 -2.62723  -1.51693  -0.98993  -1.28999  0.189117  -0.384749 -0.311516 18.6664   -2.46747  -1.6112   -0.766332 -1.01842  -2.21896  -3.74489  0.0306472 0.090188  -2.02089  -1.29668  -0.949153 -1.16995  0.177214  -0.551031 -0.291104 16.3286   -2.11856  -1.53814  -0.812817 -0.840198 -1.97262  -3.06287  0.0279916 
data[7296      : 7327      ]: 0.111424  -1.90422  -1.47781  -1.08836  -1.09992  0.162827  -0.155146 -0.311481 16.3784   -2.00982  -1.20392  -0.708547 -0.539736 -2.13518  -4.04525  0.0267547 -0.0731166-2.29809  -1.39365  -1.04585  -1.17873  0.186947  -0.284183 -0.576251 17.8422   -2.45909  -1.46217  -0.909777 -1.01872  -1.69718  -3.66237  0.0300308 
data[7328      : 7359      ]: 0.294585  -3.00554  -1.60899  -0.943076 -1.57816  0.196103  -0.493041 -0.279036 19.0293   -2.49237  -1.46313  -0.666757 -1.02815  -2.12433  -3.86908  0.031718  0.0868042 -2.27631  -1.27313  -1.05447  -1.40161  0.183433  -0.170143 -0.36968  17.1344   -2.31774  -1.75329  -0.731771 -0.894903 -1.89859  -3.29223  0.0292912 
data[7360      : 7391      ]: 0.0124087 -2.47039  -1.33658  -0.989815 -1.31968  0.177746  -0.427402 -0.377721 17.8011   -1.9985   -1.13782  -0.729284 -0.89822  -1.91587  -4.41884  0.0288646 0.0068921 -2.98022  -1.7391   -1.00061  -1.70199  0.208975  -0.278555 -0.413771 20.0785   -2.51813  -1.59129  -0.955718 -1.32661  -1.65568  -4.16589  0.0332376 
data[7392      : 7423      ]: 0.134578  -2.68675  -1.58778  -1.20843  -1.86947  0.219612  -0.830641 -0.463647 20.9048   -2.5208   -1.5724   -0.655598 -1.21462  -2.1003   -4.58339  0.0348503 0.190025  -2.48944  -1.4006   -1.07295  -1.5845   0.196812  -0.590334 -0.503745 18.2251   -2.22908  -1.65943  -0.685371 -1.31103  -1.455    -3.66137  0.03093   
data[7424      : 7455      ]: -0.19943  -3.87654  -5.15824  -1.9015   -4.71617  0.529345  -2.33528  -0.177226 48.2073   -4.58793  -4.42986  -1.31145  -3.61381  -3.71836  -12.7894  0.0785981 -0.234191 -4.03088  -5.34739  -2.28422  -5.29974  0.596205  -2.91441  -0.629157 53.8601   -5.56629  -5.8936   -2.09439  -3.64154  -3.69823  -12.9107  0.0884125 
data[7456      : 7487      ]: -0.309152 -4.077    -5.65258  -2.23901  -5.30486  0.605396  -2.77799  -0.664953 54.5775   -5.87304  -5.31526  -1.73223  -3.4851   -3.80665  -14.0349  0.0898    0.00724497-3.50385  -4.87185  -1.8751   -4.89556  0.539924  -3.08573  -0.543927 47.9891   -4.99847  -4.8886   -1.48675  -3.82991  -2.92041  -11.7153  0.0792282 
data[7488      : 7519      ]: -0.149906 -4.74267  -5.7054   -2.24655  -5.37921  0.602908  -2.34303  -0.285512 55.0185   -5.00069  -5.42696  -1.69616  -3.94229  -4.47812  -14.315   0.0901416 -0.214966 -4.86229  -6.07788  -2.56034  -5.95902  0.665564  -2.87312  -0.659124 60.0032   -6.31482  -6.47132  -2.15638  -4.00067  -4.06012  -14.5576  0.0988766 
data[7520      : 7551      ]: -0.235992 -4.28433  -5.92466  -2.38652  -6.02118  0.674187  -2.3768   -0.989876 60.632    -6.53545  -5.9103   -2.07135  -4.30613  -4.47531  -15.8885  0.100237  -0.0493394-3.54391  -5.44012  -2.2426   -5.41091  0.615754  -3.48005  -0.76148  54.9747   -5.42653  -5.90062  -1.7309   -3.98046  -3.78551  -13.9285  0.0904925 
data[7552      : 7583      ]: 0.0774851 -4.18881  -5.95574  -2.21883  -5.34652  0.606566  -2.71682  -0.567689 55.1949   -5.16177  -5.46172  -1.71346  -3.84942  -4.4328   -14.3557  0.0903081 -0.132092 -4.11227  -6.65548  -2.56519  -5.94699  0.675461  -2.85812  -0.450231 60.7117   -6.02496  -6.55336  -2.14036  -4.72885  -4.35643  -14.9624  0.0996296 
data[7584      : 7615      ]: -0.0161221-4.89995  -6.78291  -2.45404  -6.4434   0.693861  -2.44272  -0.417798 62.1615   -6.43406  -6.18462  -1.75273  -4.0987   -4.88034  -16.151   0.102995  -0.167207 -3.61408  -5.45453  -2.18285  -5.61844  0.608508  -2.97291  -0.82839  53.8553   -5.8009   -5.77556  -1.6682   -3.95929  -3.53272  -12.978   0.0892356 
data[7616      : 7647      ]: -0.0290337-3.784    -5.13239  -2.20919  -5.14963  0.564962  -2.33198  -0.377305 51.4031   -4.80763  -4.95757  -1.58796  -3.67509  -4.35302  -13.6575  0.0843284 -0.40211  -4.61134  -6.03866  -2.21479  -5.52028  0.629009  -2.69309  -0.574497 56.7648   -5.73442  -5.83071  -1.67591  -4.14746  -4.34405  -13.6999  0.0934012 
data[7648      : 7679      ]: -0.181415 -4.12811  -5.85193  -2.3914   -5.9045   0.638487  -2.51215  -0.483627 57.3231   -5.99824  -5.62315  -1.7661   -3.71021  -4.26005  -15.2454  0.094683  -0.0266549-3.6432   -5.06991  -2.41163  -5.18294  0.573762  -2.95907  -0.806009 51.6988   -5.50276  -5.4186   -1.48271  -3.94138  -3.28778  -12.625   0.0850685 
data[7680      : 7711      ]: -0.298637 -2.85347  -3.78931  -1.27195  -3.44543  0.399833  -1.93765  -0.292477 36.2722   -3.64165  -3.66926  -1.29056  -2.29583  -2.75833  -9.18663  0.0591556 -0.199664 -3.31446  -3.91354  -1.87019  -4.06538  0.449414  -2.21728  -0.602402 41.4238   -4.33476  -4.06407  -1.20432  -3.41443  -3.27445  -9.46576  0.0675169 
data[7712      : 7743      ]: -0.137823 -2.86809  -4.15003  -1.69721  -4.14444  0.447194  -1.60598  -0.678534 40.0552   -4.24378  -3.99092  -1.3049   -2.72269  -2.70935  -10.3149  0.0662695 -0.175706 -3.36448  -3.83303  -1.71797  -3.70379  0.429863  -2.54904  -0.656144 38.5105   -3.63997  -3.86284  -1.07797  -2.51348  -2.89041  -9.01951  0.0639628 
data[7744      : 7775      ]: 0.0529434 -3.06519  -3.71485  -1.50216  -3.28058  0.391053  -1.28721  -0.439921 35.8342   -3.69405  -3.23528  -1.14647  -2.42238  -3.22393  -9.32523  0.0590896 -0.360373 -3.05711  -4.01957  -1.92126  -3.80907  0.439578  -1.91679  -0.43358  40.6044   -4.62057  -3.9886   -1.39593  -2.69959  -3.43413  -9.45348  0.0660972 
data[7776      : 7807      ]: -0.174091 -3.26128  -3.91032  -1.82067  -3.74335  0.448553  -1.75929  -0.429533 40.98     -4.68768  -4.20205  -1.46258  -2.8724   -2.72286  -10.4497  0.0672589 0.0829964 -2.54327  -3.69788  -1.60384  -3.97202  0.418908  -1.88883  -0.68992  37.4444   -4.57842  -3.79727  -1.06133  -2.28845  -2.92466  -8.96292  0.062476  
data[7808      : 7839      ]: -0.103499 -2.84016  -3.67327  -1.69107  -3.40674  0.402612  -1.57799  -0.373844 36.7254   -3.65034  -3.55538  -0.912503 -2.77264  -3.10078  -9.53021  0.0604448 0.0221059 -3.48408  -4.05548  -1.91511  -4.09279  0.439545  -1.83725  -0.338387 40.0733   -4.34879  -3.85063  -1.12589  -2.28041  -3.40292  -9.86937  0.066165  
data[7840      : 7871      ]: -0.161879 -3.46268  -3.75315  -1.88575  -3.73066  0.445733  -1.91847  -0.523453 40.5641   -5.10078  -3.75563  -1.76285  -2.59235  -2.60391  -9.82527  0.0670293 0.158224  -3.00325  -4.21354  -1.75641  -3.73316  0.433257  -1.92851  -0.683256 38.2987   -4.14063  -3.99474  -1.18325  -2.37993  -2.45555  -9.48214  0.0642233 
data[7872      : 7903      ]: -0.0424585-2.823    -3.38894  -1.42893  -2.96396  0.350867  -1.41618  -0.331849 32.7494   -3.11215  -3.30471  -1.09894  -2.08832  -2.85482  -8.29919  0.0531262 0.156448  -3.34902  -3.60666  -1.70681  -3.20251  0.393616  -2.17502  -0.311463 35.972    -3.84805  -3.83843  -1.08161  -2.32537  -2.85265  -8.28366  0.0592266 
data[7904      : 7935      ]: 0.00734458-3.13652  -3.40798  -1.88687  -3.17672  0.392712  -1.19546  -0.642749 35.8002   -3.60556  -3.66153  -1.28818  -2.53543  -2.94543  -8.77754  0.0597617 0.0576176 -2.79053  -3.06334  -1.34297  -3.09994  0.370831  -1.91504  -0.387023 33.0861   -3.28714  -3.45622  -1.03487  -2.55491  -2.08196  -8.55561  0.0549847 
data[7936      : 7967      ]: -0.00875251-0.598938 -1.4029   -0.610675 -1.76265  0.171415  -1.24271  -0.04624  15.2759   -1.59203  -1.44104  -0.345587 -1.37768  -1.20158  -3.84149  0.0249269 0.127306  -1.16813  -1.73522  -0.637009 -1.64201  0.16706   -0.917902 -0.152345 15.3782   -1.40262  -1.58214  -0.547414 -1.32742  -1.0922   -3.49286  0.0247501 
data[7968      : 7999      ]: -0.0703535-0.922547 -1.71402  -0.726133 -1.75074  0.171208  -0.475997 -0.104786 15.0436   -1.44193  -1.84513  -0.5646   -1.17602  -0.832575 -3.61492  0.0249644 -0.0595199-1.18172  -1.7297   -0.48945  -1.51684  0.162213  -0.952205 -0.34795  14.5098   -1.50734  -1.33138  -0.218143 -0.843879 -0.943458 -3.57434  0.0239189 
data[8000      : 8031      ]: 0.0151604 -0.889261 -1.90843  -0.6423   -1.99015  0.197213  -0.625078 -0.212346 18.0829   -1.6475   -1.78865  -0.547057 -1.44953  -1.49966  -5.12436  0.0290578 0.039448  -1.18016  -2.01622  -0.463207 -2.05696  0.196871  -0.932952 -0.152001 17.57     -1.56821  -2.38634  -0.613864 -1.46268  -0.988112 -4.014    0.0284278 
data[8032      : 8063      ]: 0.0196962 -1.13386  -1.96574  -0.715843 -1.91385  0.192506  -0.833868 -0.146291 16.8036   -1.84313  -1.85446  -0.603777 -1.20813  -0.731362 -4.09329  0.0278226 -0.09793  -1.39914  -1.94658  -0.758515 -1.6188   0.192662  -0.88189  -0.359818 17.1246   -1.5253   -1.6671   -0.272089 -1.12652  -1.06919  -4.62284  0.0284411 
data[8064      : 8095      ]: -0.164073 -0.982874 -1.69264  -0.81829  -1.81847  0.195775  -1.10947  -0.132223 17.2183   -1.87947  -1.69442  -0.330709 -1.10187  -0.943652 -4.77448  0.0285252 -0.239217 -0.752254 -1.75924  -0.702964 -1.85539  0.192053  -0.931449 -0.0086731217.0982   -1.64031  -1.95013  -0.495426 -1.40988  -1.33733  -4.23589  0.0278914 
data[8096      : 8127      ]: -0.0338672-0.80359  -1.89452  -0.692283 -1.97839  0.195636  -0.866473 -0.012369316.8228   -1.74386  -1.83288  -0.623029 -1.19191  -0.893272 -4.4801   0.0280648 -0.207428 -0.948987 -1.91975  -0.406607 -1.3822   0.186161  -0.964112 -0.381484 16.4411   -1.60052  -1.77739  -0.455022 -1.24567  -0.815388 -4.5495   0.0268218 
data[8128      : 8159      ]: -0.0841266-0.948442 -1.6596   -0.601346 -1.92043  0.206651  -1.04628  -0.040810918.5431   -1.71431  -1.9209   -0.49922  -1.57763  -1.50755  -5.25926  0.0301987 0.107516  -1.11373  -2.18586  -0.651084 -2.00506  0.209066  -1.03121  -0.110493 19.1447   -1.75946  -2.09678  -0.37089  -1.44289  -1.57341  -5.15116  0.0307318 
data[8160      : 8191      ]: 0.0289295 -1.06933  -2.16285  -0.681796 -2.14623  0.205193  -0.813726 -0.127797 17.7183   -1.98294  -2.17554  -0.508921 -1.12253  -0.81103  -4.37921  0.0294481 0.0086523 -1.3384   -2.00154  -0.762576 -2.13703  0.207     -1.21781  -0.325643 18.3445   -1.68929  -1.78038  -0.463428 -1.0734   -1.02016  -4.78079  0.0302513 
Time 3344540 ns: producer08000000e finish sending data!
