Time 7210520 ns: ack for producer080000001's req!
Time 7210550 ns: producer080000001 is sending data!
data[0         : 31        ]: -8.15278  -10.394   -9.65076  -8.81968  -9.90566  -10.32    -9.68132  -9.41981  -10.0792  -9.25151  -9.41273  -10.7182  -9.32044  -9.56491  -9.53416  -9.32062  -10.2336  -10.1663  -9.49084  -10.3057  -10.789   -9.45252  -10.5303  -10.3106  -9.39447  -10.1823  -10.2951  -9.46131  -9.64396  -9.9121   -9.789    -9.77831  
data[32        : 63        ]: -10.5072  -9.14178  -9.47373  -10.4665  -9.73098  -10.63    -9.90704  -9.17463  -10.1263  -9.97143  -9.17756  -10.8458  -9.71304  -9.15967  -10.1591  -10.4045  -9.44332  -10.142   -10.6953  -9.05125  -10.1493  -10.4782  -9.08305  -10.4032  -9.35786  -8.53095  -10.0417  -10.3423  -8.29487  -9.92673  -9.50286  -8.54415  
data[64        : 95        ]: -9.63963  -9.64763  -9.23097  -10.1296  -9.73299  -9.49817  -10.2576  -10.6231  -9.72521  -10.5899  -10.455   -9.38609  -10.21    -10.2478  -9.56803  -9.7153   -9.97674  -9.14958  -9.55346  -10.0236  -9.23265  -9.90112  -10.6815  -9.42729  -9.76957  -10.3136  -8.53667  -9.04831  -9.5908   -9.79026  -10.0506  -10.7947  
data[96        : 127       ]: -9.55153  -10.2559  -9.54774  -9.83061  -10.509   -10.1086  -9.55947  -10.1835  -10.9679  -8.89656  -10.2603  -10.3575  -9.6658   -9.97727  -10.4408  -9.11756  -10.0144  -9.81117  -9.60766  -9.81533  -10.253   -9.17564  -9.2129   -10.4193  -9.69523  -9.59748  -10.0364  -9.23934  -9.2087   -10.1548  -9.44012  -10.5008  
data[128       : 159       ]: -10.0303  -9.24373  -9.93626  -10.1697  -9.87571  -10.5103  -10.6432  -8.39066  -9.02886  -10.1197  -8.33104  -10.4174  -10.0723  -9.09531  -10.4015  -9.7457   0.864046  1.71662   2.34716   -0.548031 0.526361  0.214105  0.0141634 0.784691  0.997798  1.15713   1.60968   1.87545   0.308869  0.803632  0.991697  -0.559438 
data[160       : 191       ]: 0.574801  0.947894  1.4831    1.86946   2.8569    -0.463864 0.514764  0.999946  -0.07224410.744947  1.36424   1.38906   1.84724   1.91733   -0.366544 -0.222652 0.549311  0.651818  1.44622   1.73452   0.454782  2.43536   1.25085   0.65428   0.746713  1.61071   -1.39284  0.908668  -0.01661490.894891  1.4232    1.3096    
data[192       : 223       ]: -0.457588 0.922109  0.3818    -0.837337 0.272895  0.723488  1.28614   2.10216   1.92925   -1.29797  0.473511  0.705143  0.636842  1.18516   1.13227   1.23753   1.67771   2.61831   0.174877  0.413329  1.21326   0.232232  0.0859388 0.49464   0.692697  1.83766   1.98594   0.181059  0.550209  0.961692  -0.211252 0.379239  
data[224       : 255       ]: 0.860129  1.98342   1.57742   2.14377   -0.284378 0.377781  0.804921  0.912999  1.06361   1.32579   0.990078  2.33471   2.36956   -0.272816 0.539351  0.757035  -0.461847 1.46818   0.881606  1.0042    1.26072   2.49848   0.189629  0.474396  2.22675   -0.271796 0.583584  1.6658    1.53424   2.14947   1.88546   -0.089412 
data[256       : 287       ]: 1.34273   1.14661   -0.356477 0.624436  0.749663  0.769952  1.5876    2.07997   0.610248  0.532743  1.30225   -0.324596 1.07631   0.341697  0.587086  1.85258   1.97166   0.330585  0.946784  1.53059   -0.79507  0.321237  1.07345   0.58501   1.40128   1.56083   -0.327977 1.15093   0.894082  -0.627183 1.03609   1.02005   
data[288       : 319       ]: 12.0811   11.7376   11.8479   11.9269   11.5042   11.9989   12.4531   11.6543   12.4579   11.9315   11.4695   11.4907   11.9052   11.2497   12.0321   12.2485   12.2773   12.7255   10.7373   10.9416   11.6828   11.9382   11.2689   11.8069   11.5869   12.0123   11.8053   11.6123   11.0403   11.4717   12.0108   11.6525   
data[320       : 351       ]: 12.0889   12.1988   11.6442   11.6087   12.8233   11.13     12.1521   12.3895   12.0352   12.2619   12.6602   12.0166   13.0603   12.2948   11.4124   11.7802   11.4964   11.5974   11.555    13.0003   11.5597   11.9003   12.4401   11.5719   12.0824   13.0327   11.8908   12.4916   12.5268   11.467    11.9359   11.3957   
data[352       : 383       ]: 10.9697   12.1196   11.4942   10.824    12.0911   12.5071   11.3437   12.7349   12.0374   10.7435   11.7201   11.8468   11.5452   12.3138   12.8484   11.4382   12.9848   11.812    11.5962   11.7546   12.6744   11.486    12.1982   12.6603   11.6235   12.4066   11.8852   10.6917   11.7977   12.4389   11.0015   12.1854   
data[384       : 415       ]: 12.0839   10.7016   12.5392   11.819    11.8523   10.9074   11.9594   11.049    11.8647   12.6163   11.9934   12.2267   11.6711   11.4052   11.5481   12.5631   11.3748   11.7634   12.5678   11.8512   11.9695   11.9018   11.9957   11.8312   11.9713   12.0665   12.3462   12.7478   11.9319   11.9517   11.6166   10.5394   
data[416       : 447       ]: 11.9513   11.4362   11.5085   11.5888   12.3332   11.4356   12.2004   12.2735   11.1131   11.8122   12.2689   11.6698   12.0963   12.0473   11.7918   11.9186   -0.777252 0.553966  -0.541498 -1.07249  0.202929  -0.909917 -0.731257 0.553059  -0.667051 -0.570642 0.275419  -0.273997 -0.915955 0.62901   -0.914024 -0.761136 
data[448       : 479       ]: 0.432728  -0.683212 -1.45351  0.178973  -0.658032 -0.668495 0.626774  -0.799856 -1.06269  0.618078  -1.08499  -0.613831 0.206383  -0.710949 -1.24242  0.233968  -0.556665 -0.728775 0.343543  -1.15553  -0.834188 0.260061  -0.80533  -0.630359 0.555093  -0.802885 -0.95725  0.342931  -0.565733 -0.865546 0.800536  -0.937276 
data[480       : 511       ]: -1.02252  0.542765  -1.00563  -0.758823 0.330578  -0.675847 -0.707356 0.454139  -0.931427 -0.837893 0.555379  -0.269377 -1.06474  0.512329  -0.630414 -1.0898   0.491574  -0.701945 -1.16236  0.224706  -0.733569 -1.0196   0.827954  -0.721665 -1.04751  0.296514  -0.490886 -0.911328 0.319443  -0.803616 -1.17864  0.276786  
data[512       : 543       ]: -0.582932 -0.751269 0.363996  -0.587964 -0.579378 0.53251   -0.90971  -1.12636  0.584713  -0.687254 -0.855472 0.616602  -0.32601  -0.865734 0.241352  -0.753729 -1.10919  0.915637  -0.67253  -0.492569 0.480743  -0.9113   -1.05801  0.538967  -0.86054  -0.893947 0.423078  -0.793225 -0.501006 0.559029  -0.803543 -0.640776 
data[544       : 575       ]: 0.644182  -0.964482 -0.555116 0.669127  -0.55458  -0.836294 0.487486  -0.668571 -1.1387   0.447061  -0.567428 -0.453106 0.335299  -0.853671 -1.07355  0.20154   -0.620835 -1.01008  0.341306  -0.552491 -1.0192   0.345819  -0.729392 -0.727815 0.396177  -0.747773 -0.860506 0.649423  -0.996955 -1.12068  0.566031  -0.810632 
data[576       : 607       ]: -1.95962  -1.89498  -2.00466  -3.36419  -3.10232  -2.61149  -2.96625  -2.87896  -2.75943  -3.09981  -2.9014   -2.68576  -2.68223  -2.56772  -2.55205  -3.43371  -3.02383  -2.8101   -3.20085  -3.14249  -2.59805  -2.87124  -2.93718  -2.90096  -2.87635  -3.5475   -2.6907   -3.01812  -1.90481  -2.055    -2.96372  -2.80268  
data[608       : 639       ]: -2.95671  -3.05827  -2.93272  -3.08232  -3.32988  -2.42206  -2.93988  -2.75556  -3.06939  -2.56804  -3.52358  -2.98746  -3.53413  -2.28861  -2.79861  -2.27785  -3.37901  -3.53644  -2.85802  -2.21603  -2.36238  -2.57814  -2.77045  -2.52809  -2.52651  -2.33902  -3.14852  -2.30661  -3.23052  -3.12226  -3.12811  -2.28531  
data[640       : 671       ]: -3.0131   -1.81373  -3.43023  -2.95717  -3.45518  -2.81024  -2.95893  -2.45021  -2.82633  -2.55445  -2.08172  -3.31367  -2.94018  -3.13428  -2.90297  -2.27556  -2.27816  -2.98727  -2.54     -2.23063  -3.02952  -3.56411  -2.63403  -3.23435  -2.92     -2.86038  -2.27164  -2.41264  -2.05757  -3.44733  -3.23926  -3.32443  
data[672       : 703       ]: -2.85366  -2.74215  -2.80464  -3.1686   -2.93706  -2.9654   -2.52047  -3.08064  -2.5374   -3.71429  -2.92657  -3.2929   -2.44848  -2.16821  -1.96123  -3.18554  -3.06996  -2.86095  -2.99052  -2.72593  -2.86857  -2.17484  -2.17245  -2.28262  -3.55525  -3.16907  -3.20169  -3.13792  -2.69171  -2.87269  -3.07733  -3.08337  
data[704       : 735       ]: -2.7893   -3.27318  -2.76844  -3.58247  -3.51319  -3.09451  -2.50968  -2.60488  -2.54899  -2.49019  -2.7792   -2.77381  -3.37634  -3.01497  -3.49558  -2.61441  1.54463   -0.066216 1.9274    1.16219   -0.620182 1.8539    1.1835    -0.517329 1.81974   1.12609   -0.350192 2.29076   1.28434   -0.553195 1.67719   0.984715  
data[736       : 767       ]: -0.60067  1.93558   1.55366   -0.478878 1.67599   1.32554   -0.57073  1.80802   1.56515   -0.682868 1.8501    1.28456   -0.412827 2.16506   1.28986   -0.510224 1.86284   1.21439   -0.620427 1.47838   1.52965   -0.316354 1.83267   1.08294   -0.640532 2.0381    0.992362  -0.448648 1.6588    1.14866   -0.546918 1.88215   
data[768       : 799       ]: 1.1583    -0.458675 1.79326   1.04116   -0.540112 1.35404   1.10809   -0.521963 1.95826   1.15299   -0.620142 1.95685   1.1241    -0.438701 2.03374   1.29944   -0.311685 1.95098   1.14184   -0.345683 2.05292   1.16486   -0.354865 1.74286   1.43538   -0.429611 2.02616   1.44325   -0.724156 1.96763   1.25873   -0.645795 
data[800       : 831       ]: 1.9672    1.58006   -0.53823  2.06451   1.07972   -0.808697 2.00555   1.31835   -0.819381 1.71007   1.59022   -0.482296 1.94842   1.43789   -0.333211 1.99011   1.255     -0.611221 1.81322   1.46931   -0.286438 1.61553   1.23295   -0.527949 1.60892   1.19688   -0.353611 1.51229   1.24138   -0.376712 2.21565   1.12      
data[832       : 863       ]: -0.499731 1.48574   1.47124   -0.220346 2.02681   1.44004   -0.710609 2.13434   1.41211   -0.611287 1.72051   1.26125   -0.440091 1.83111   1.36469   -0.431436 1.7246    1.31776   -0.489429 1.79507   1.03136   -0.600002 1.87806   1.31703   -0.385104 1.66334   1.40979   -0.561588 1.58009   1.34629   -0.414993 1.79117   
data[864       : 895       ]: -3.29796  -3.1028   -2.54009  -2.90975  -2.18953  -3.0809   -3.34958  -2.76028  -3.42364  -3.01625  -2.8072   -2.46855  -2.02596  -2.46264  -2.30571  -2.66984  -2.8591   -2.72342  -2.76986  -2.46157  -2.6619   -3.17387  -2.0674   -2.74051  -2.80355  -3.1108   -2.68083  -2.96356  -3.06413  -2.15893  -3.31576  -2.52706  
data[896       : 927       ]: -2.52468  -3.19338  -1.83439  -3.15536  -3.0477   -2.54824  -2.60533  -2.36238  -2.84174  -2.69353  -3.1228   -2.27814  -2.56276  -2.81994  -2.94211  -2.3684   -2.88139  -2.58133  -2.51979  -2.9457   -2.22487  -3.16025  -2.99696  -3.09387  -2.6319   -2.83607  -1.92159  -2.65394  -2.76192  -2.3278   -2.48458  -2.38125  
data[928       : 959       ]: -2.73355  -2.06394  -2.41791  -2.55935  -2.72913  -2.62594  -2.54734  -2.86712  -3.35313  -1.7362   -3.39627  -2.57746  -2.75131  -2.43891  -3.4945   -2.77393  -2.75501  -3.06231  -3.02749  -2.44631  -3.54844  -2.04487  -3.306    -3.22044  -2.76789  -3.04187  -2.73857  -2.37926  -2.49656  -3.11871  -2.24203  -2.79681  
data[960       : 991       ]: -2.71925  -2.90434  -2.86948  -3.11023  -2.65803  -3.08015  -2.72901  -2.61117  -2.22096  -3.50952  -2.50736  -3.2788   -3.45658  -2.59943  -2.56392  -2.71094  -2.17747  -2.3202   -3.14773  -2.83882  -2.85458  -3.64118  -2.43545  -3.59555  -2.9368   -2.49945  -3.00735  -3.21153  -2.50478  -2.67489  -2.81022  -2.46098  
data[992       : 1023      ]: -2.92554  -3.06099  -2.71946  -3.09339  -2.815    -2.49379  -2.80239  -2.85927  -2.50999  -3.02692  -2.85301  -2.6284   -3.28077  -3.45544  -2.33654  -2.70057  -0.235296 0.387535  0.236533  -0.106128 0.24105   0.228093  0.0128915 0.229766  0.169434  -0.02574740.426741  0.210383  -0.0885739-0.116634 0.444298  -0.0661093
data[1024      : 1055      ]: 0.14463   0.339429  -0.167822 0.0237889 0.345478  -0.220162 0.189697  0.228445  0.003558930.116143  0.027978  -0.01258710.235807  0.489673  -0.241407 0.10571   0.330423  0.0628824 0.141797  0.359459  0.0387433 0.326492  0.310836  -0.109336 0.108146  0.387004  -0.09656870.259525  0.452757  -0.01973420.0994046 0.374565  
data[1056      : 1087      ]: 0.124728  0.0579545 0.460479  0.0643371 0.126171  0.193211  0.0329778 0.0649949 0.490033  0.116041  0.0753292 0.221017  0.115795  0.201081  0.350339  0.0369008 0.096338  0.24161   -0.166598 0.335862  0.27935   0.269887  -0.01955580.262715  -0.06201960.0377923 0.451648  0.0120958 0.0971063 0.240222  0.0347216 0.0508352 
data[1088      : 1119      ]: 0.329505  -0.107252 0.252521  0.338833  0.0799933 0.0629534 0.444284  -0.05499070.3736    0.252897  -0.103858 0.0585953 0.280946  0.0609721 -0.153599 0.330301  -0.229113 -0.08112290.388168  -0.08537090.163585  0.286718  -0.071858 0.206494  0.533322  -0.0953228-0.036779 0.293425  0.0258459 0.210686  0.355432  0.0890228 
data[1120      : 1151      ]: 0.28524   0.163266  -0.08001590.178664  0.633928  -0.128752 0.218     0.319264  -0.161211 0.177617  0.339126  -0.03160070.185217  0.283028  0.132887  0.306324  0.542593  -0.02375790.313524  0.346323  0.26411   0.220768  0.276671  -0.157726 0.249414  0.545035  -0.146878 -0.06981770.512731  0.113406  0.149196  0.506552  
data[1152      : 1183      ]: -4.42338  -3.50505  -5.01082  -3.77862  -3.44397  -4.07939  -3.83971  -4.14765  -5.08021  -4.67851  -3.76099  -4.78144  -3.67454  -3.45226  -4.30671  -3.87604  -3.27477  -4.42737  -4.43034  -3.69252  -5.42036  -3.90982  -4.10564  -4.59955  -3.86504  -3.52031  -5.10823  -5.08086  -4.82987  -5.16627  -3.70823  -3.83625  
data[1184      : 1215      ]: -4.63852  -4.50753  -4.44277  -5.39291  -3.98773  -4.44327  -4.75713  -4.1283   -3.72323  -4.47641  -3.70368  -3.84732  -5.00584  -4.25491  -4.08783  -4.41065  -4.27766  -4.01188  -4.6685   -3.94481  -4.07111  -4.75622  -4.56937  -3.74524  -5.39535  -3.78595  -4.34253  -4.57368  -4.22423  -3.54955  -4.73862  -4.06804  
data[1216      : 1247      ]: -4.32625  -4.5853   -3.81604  -2.89029  -4.80379  -4.12281  -4.19453  -4.74797  -4.5191   -3.82822  -4.86549  -4.18124  -3.75666  -5.0964   -4.13383  -3.81416  -4.87519  -5.08522  -3.75255  -4.8208   -4.52879  -3.54734  -5.09999  -4.38345  -2.96542  -4.7983   -4.62009  -3.72064  -4.79442  -4.08011  -3.73099  -4.60742  
data[1248      : 1279      ]: -3.89501  -3.87781  -4.41348  -5.11043  -3.91453  -5.58118  -4.21266  -3.77899  -5.02715  -4.59064  -3.5499   -5.46248  -4.49216  -4.0329   -4.3239   -4.00342  -3.83195  -4.70451  -3.91522  -3.70459  -4.33055  -5.04655  -2.98486  -5.43872  -3.38518  -2.95672  -4.59849  -4.75972  -2.84189  -4.42949  -4.02583  -5.03245  
data[1280      : 1311      ]: -5.48207  -4.64802  -3.54666  -4.96437  -3.78278  -4.24181  -5.14796  -4.48902  -3.9176   -5.15574  -3.79528  -3.69389  -4.92163  -4.166    -4.19196  -5.15753  -19.555   -16.1407  -20.7485  -19.8971  -17.0406  -21.316   -19.959   -16.695   -20.3103  -19.821   -17.4936  -21.0649  -20.1327  -16.0339  -21.403   -19.6634  
data[1312      : 1343      ]: -16.5848  -21.0836  -20.5464  -17.4028  -21.1261  -20.095   -16.8921  -21.7112  -19.9337  -16.6227  -20.8696  -20.1983  -17.2264  -22.0583  -20.1879  -16.59    -20.9027  -19.8171  -17.1015  -21.2521  -19.5289  -16.7631  -20.4011  -19.9992  -17.2205  -20.6415  -19.9439  -16.2748  -20.9613  -19.8719  -15.8996  -21.3131  
data[1344      : 1375      ]: -20.4937  -16.203   -20.3282  -20.0508  -15.622   -20.9124  -20.6427  -17.2356  -21.0771  -20.6901  -16.3416  -20.5975  -20.4132  -16.1654  -21.6105  -18.8686  -16.8198  -20.3214  -20.2805  -17.0236  -21.2424  -19.3319  -15.759   -20.8857  -20.94    -16.5609  -21.1288  -19.4701  -16.5872  -21.105   -20.2342  -17.2632  
data[1376      : 1407      ]: -21.2576  -21.0775  -17.4858  -21.1102  -19.7591  -17.1509  -20.8969  -19.9799  -17.1872  -21.4547  -19.6431  -16.7544  -21.3803  -20.4475  -16.6783  -21.1728  -19.6885  -16.7665  -21.5601  -20.1643  -17.1556  -21.6457  -19.9411  -16.6957  -21.0551  -19.1061  -16.1225  -19.8901  -18.9056  -16.8741  -21.5545  -20.2457  
data[1408      : 1439      ]: -16.6191  -20.7944  -19.4393  -16.5251  -20.3604  -19.8202  -16.6528  -21.2152  -19.6071  -16.7752  -20.1738  -19.6124  -17.1714  -20.8666  -19.9671  -17.2112  -21.3416  -19.7696  -17.1892  -21.3637  -19.2734  -15.5199  -20.8416  -20.2873  -16.5317  -21.2076  -19.6923  -15.9564  -21.3664  -19.9315  -16.2945  -20.6398  
data[1440      : 1471      ]: -1.81412  -2.31796  -1.87992  -1.83034  -1.75225  -1.82426  -2.00048  -2.19058  -1.79253  -1.79911  -2.28718  -1.84736  -2.54143  -1.92345  -1.64123  -2.13276  -2.3546   -1.62845  -1.94939  -1.74688  -1.71709  -2.00595  -1.69377  -1.33027  -2.19822  -2.43327  -1.89713  -2.15539  -2.21105  -1.45457  -2.87533  -2.51286  
data[1472      : 1503      ]: -1.61614  -2.46639  -2.65762  -1.68059  -2.53488  -2.87465  -2.51185  -2.0003   -2.31774  -1.6344   -2.92271  -2.43598  -2.34369  -2.28906  -2.22316  -1.72906  -1.47919  -1.76286  -1.51695  -2.26333  -2.34124  -1.76364  -2.75762  -1.99728  -2.24568  -3.16162  -1.98013  -1.8202   -2.54235  -2.06046  -2.34333  -2.62326  
data[1504      : 1535      ]: -1.89754  -2.24599  -2.21812  -1.37665  -1.52368  -2.80102  -2.56289  -2.178    -1.78685  -1.59048  -1.74621  -2.20939  -1.79395  -1.43707  -2.00743  -1.43597  -1.5893   -2.02638  -2.34912  -2.13238  -2.5174   -2.21855  -1.72856  -2.08829  -1.7      -1.86951  -2.81894  -2.51434  -1.94251  -1.7053   -1.84542  -1.83709  
data[1536      : 1567      ]: -2.78539  -2.17326  -2.19004  -1.89879  -2.03791  -0.892421 -1.86254  -1.8146   -1.56023  -2.01043  -1.7229   -1.55652  -2.52253  -2.52028  -2.00074  -1.90568  -1.67591  -1.40063  -2.35654  -2.13017  -2.16079  -1.88251  -2.10556  -1.65397  -1.92371  -1.49308  -1.50513  -1.81399  -2.35229  -1.34291  -2.00367  -1.51208  
data[1568      : 1599      ]: -1.37266  -1.89378  -1.7656   -1.61762  -1.99356  -2.11716  -1.37936  -2.39015  -2.62756  -1.82757  -2.09825  -2.28887  -1.53222  -2.24018  -3.06209  -1.90085  -12.6502  -13.2113  -13.1725  -12.556   -13.17    -13.791   -13.5979  -14.3168  -13.1169  -13.5189  -13.6556  -14.1071  -13.4231  -13.5519  -13.6961  -12.8361  
data[1600      : 1631      ]: -12.8944  -13.176   -12.9702  -12.8052  -13.8089  -13.0645  -13.9815  -13.2088  -12.6061  -13.504   -13.1479  -13.5182  -12.9114  -13.2148  -12.7476  -14.463   -12.81    -13.3992  -13.2497  -13.8175  -12.8564  -12.5747  -13.5554  -13.5266  -13.458   -12.9998  -13.93    -12.8155  -13.4189  -12.2962  -13.6014  -12.4531  
data[1632      : 1663      ]: -13.688   -12.9146  -12.7076  -12.7354  -13.4156  -12.7908  -13.0891  -12.8355  -12.6332  -13.7843  -13.9285  -13.3459  -13.2713  -13.1017  -13.6984  -13.0785  -13.121   -13.4732  -12.3293  -13.7347  -13.4504  -13.0436  -13.603   -13.2642  -14.0172  -12.8932  -12.917   -13.4738  -13.4554  -13.2345  -13.9855  -13.3381  
data[1664      : 1695      ]: -13.3176  -12.9135  -13.7621  -12.2415  -14.6078  -13.086   -13.0956  -13.1712  -13.9892  -13.1328  -13.6218  -12.825   -12.937   -13.5327  -14.0744  -12.7392  -13.1349  -13.0174  -13.0769  -13.1763  -13.8313  -13.2409  -13.8305  -13.985   -14.03    -12.8123  -13.3568  -12.913   -13.6286  -12.7924  -12.9951  -13.5885  
data[1696      : 1727      ]: -13.5793  -13.7342  -13.7327  -14.0137  -13.0037  -13.3717  -12.1165  -12.4062  -14.0446  -14.172   -12.9364  -13.4755  -13.1633  -12.819   -14.3923  -13.1166  -13.0293  -12.7845  -14.1084  -13.723   -13.7202  -13.915   -12.8579  -13.0637  -13.3147  -13.0526  -12.8911  -14.0454  -13.9193  -12.9491  -13.9557  -13.1007  
data[1728      : 1759      ]: -0.236968 0.500683  -0.415228 0.155446  0.467435  0.069603  -0.336924 0.479865  -0.127493 -0.487413 -0.0448422-0.274026 -0.437595 0.624197  -0.373355 -1.18922  0.233784  -0.855463 -0.959329 0.737397  -0.465835 -0.389589 0.277413  -0.0551666-0.776556 0.0926578 -0.986002 -0.482649 0.113178  -0.326299 -0.323046 0.63472   
data[1760      : 1791      ]: -0.617933 -0.426903 0.498045  -0.303988 -0.339453 0.282048  -0.305316 -0.06839930.543952  -0.305306 -0.02777610.534257  -0.196346 -0.289832 0.310171  -0.509269 -0.211556 0.215554  -0.137476 -0.279174 0.172268  -0.253071 -0.511728 0.856343  -0.227623 -0.04738270.70353   -0.258014 -0.238645 0.366835  -0.578886 -0.577231 
data[1792      : 1823      ]: 0.284568  -0.149415 -0.416309 0.328784  -0.484584 -0.698667 0.259717  -0.24342  -0.142618 0.694075  -0.50869  -0.125119 0.835043  0.0372467 -0.51727  0.274173  -0.503412 -0.344833 0.415958  -0.945396 -0.304641 0.36787   -0.108996 -0.885097 0.335094  -0.830786 -0.721567 0.395122  -0.386153 -0.6525   0.469671  -0.498583 
data[1824      : 1855      ]: -0.863505 0.591156  -0.562348 -0.08769660.871966  -0.943582 -0.75694  0.338509  0.102106  -0.464884 0.580179  -0.486763 -0.326622 0.562577  -0.397335 -0.506684 0.379866  -0.305358 -0.493304 0.33708   -0.608579 -0.298962 0.743473  -0.645055 -0.214138 0.501268  -0.201586 0.109277  0.0853133 -0.924708 -0.127779 0.48454   
data[1856      : 1887      ]: 0.0869173 -0.626972 0.450308  -0.432699 -0.08375850.576886  -0.123944 -0.56623  0.549166  -0.122561 -0.470828 0.528727  -0.225567 -0.645634 0.256045  -0.215189 -34.8065  -38.8375  -37.0236  -35.7887  -40.4988  -37.6873  -35.9124  -39.1735  -37.5146  -34.8445  -38.7366  -37.2224  -35.973   -40.5221  -37.4932  -35.7505  
data[1888      : 1919      ]: -39.9776  -37.2217  -35.3382  -39.2497  -37.4234  -35.1914  -40.2926  -38.0568  -35.4645  -40.312   -37.7896  -35.1094  -39.9725  -36.7342  -36.875   -40.0255  -38.2992  -35.5151  -40.3981  -37.4674  -35.0374  -39.3834  -37.3516  -35.8137  -39.7392  -37.6938  -36.0553  -40.3088  -37.6114  -34.7053  -38.5625  -35.9152  
data[1920      : 1951      ]: -35.0588  -39.4975  -37.5382  -35.5281  -38.8538  -37.5834  -34.1798  -38.5769  -36.2472  -35.4055  -39.5347  -37.6664  -34.5654  -39.8039  -37.1169  -34.3128  -38.6903  -36.3463  -35.6246  -40.4147  -37.5642  -35.1442  -39.7982  -37.1657  -34.9909  -38.1024  -36.9425  -35.6811  -40.1631  -37.6931  -35.3356  -38.3804  
data[1952      : 1983      ]: -37.1924  -35.648   -39.0726  -36.7336  -36.0057  -40.5005  -37.7088  -35.7724  -39.8412  -38.4403  -34.6045  -38.2009  -36.6596  -35.7527  -41.1351  -37.9029  -35.684   -39.389   -37.8626  -34.6811  -38.7643  -37.4682  -35.6398  -39.9879  -37.6873  -35.5296  -39.1345  -37.8655  -34.1911  -39.8875  -36.2626  -36.1718  
data[1984      : 2015      ]: -39.9608  -38.362   -35.8562  -40.2476  -37.1923  -34.9074  -38.1692  -36.3322  -35.6882  -40.114   -37.1824  -35.8732  -39.6844  -37.3509  -34.1076  -39.0774  -36.6064  -35.6351  -39.7773  -37.5224  -34.6407  -40.2135  -36.9331  -35.3012  -38.9676  -37.0651  -35.482   -39.4354  -37.5755  -35.6468  -39.4865  -37.6345  
data[2016      : 2047      ]: 4.20635   4.75972   5.09269   4.06675   4.50224   5.08358   4.34906   5.16357   5.45829   4.3918    4.96466   5.42197   4.15338   5.35701   5.07675   4.61548   4.47698   5.18567   4.24887   4.71054   5.02957   3.90291   5.26934   4.5441    5.13033   5.13496   5.9572    4.51863   5.53789   5.82801   3.74499   3.683     
data[2048      : 2079      ]: 5.15844   4.39801   5.69693   6.09884   3.77504   4.69098   4.68126   4.12516   4.38258   5.81464   3.60278   5.46074   5.53128   4.23647   5.50004   4.94929   4.57567   4.76524   5.19351   4.32196   5.34688   5.47135   4.36326   4.61252   5.6414    3.94116   4.84396   4.88206   4.68817   5.60494   6.10892   3.8508    
data[2080      : 2111      ]: 4.42841   5.39506   3.54922   5.31205   4.91089   4.24227   5.14461   5.55472   4.52705   4.80354   5.43264   4.17325   4.63074   4.36192   4.73483   5.32254   4.69975   5.43663   5.11464   5.69562   3.4413    4.69993   5.69783   5.09135   5.32365   5.98239   4.3305    4.04965   4.93057   4.04023   4.703     4.806     
data[2112      : 2143      ]: 5.13609   5.12238   5.1209    4.70932   4.9622    5.4244    5.02662   4.11637   5.52215   4.76159   5.15759   5.86582   3.98777   3.83033   5.23928   4.15251   4.94038   4.87472   4.66647   4.78754   5.79492   4.3477    4.22547   5.88684   4.54861   4.03889   5.49595   4.68116   5.18273   5.16235   4.47854   4.39858   
data[2144      : 2175      ]: 5.35357   4.04765   4.98259   4.3016    4.43818   4.26806   5.82362   4.32697   4.70956   4.99529   4.56595   5.18993   4.89899   4.27871   5.36951   5.75432   1.18037   1.45149   -0.577924 1.39428   1.64497   -0.552281 1.37647   1.53392   -0.4564   1.41702   1.5854    -0.760225 1.11934   1.76005   -0.643351 1.35946   
data[2176      : 2207      ]: 1.81659   -0.844011 1.27557   1.87924   -0.50438  1.57789   1.39863   -0.539278 1.31853   1.58166   -0.610207 1.05448   1.61815   -0.856473 1.40676   1.78275   -0.569478 1.0744    1.65373   -0.779539 1.42107   1.68632   -0.578383 1.2877    1.50817   -0.706348 1.36982   1.71588   -0.782882 1.18189   1.50633   -0.749635 
data[2208      : 2239      ]: 1.39238   1.58758   -0.549401 1.18638   1.34165   -0.630034 1.16031   1.69375   -0.635938 1.17034   1.50763   -0.651114 1.4285    1.72543   -0.447491 1.4063    1.79007   -0.703865 1.35716   1.50447   -0.865918 1.20036   1.77233   -0.617154 1.34884   1.51222   -0.529963 1.34106   1.28719   -0.542348 1.42265   1.73537   
data[2240      : 2271      ]: -0.803534 1.29199   1.37074   -0.5257   1.49869   1.50362   -0.405829 1.36095   1.44028   -0.648942 1.42928   1.43091   -0.747354 1.40465   1.5905    -0.776606 1.17991   1.53663   -0.808569 1.17217   1.47971   -0.616147 1.23686   1.49      -0.428046 1.24893   1.46374   -0.730832 1.40384   1.69104   -0.707557 1.09988   
data[2272      : 2303      ]: 1.30914   -0.589147 1.5763    1.38422   -0.955289 1.37894   1.73767   -0.734898 1.37397   1.78419   -0.7547   1.11867   1.47716   -0.799834 1.37852   1.56112   -0.833262 1.23911   1.42408   -0.499728 1.61615   1.45663   -0.646986 1.32895   1.51609   -0.4892   1.51505   1.45597   -0.662749 1.46182   1.66536   -0.507678 
Time 7211280 ns: producer080000001 finish sending data!
