Time 7085270 ns: ack for producer080000001's req!
Time 7085300 ns: producer080000001 is sending data!
data[0         : 31        ]: -8.15473  -10.3961  -9.65297  -8.82431  -9.90747  -10.3221  -9.68715  -9.41695  -10.0803  -9.25451  -9.4162   -10.7164  -9.32622  -9.567    -9.53306  -9.32548  -10.2344  -10.1667  -9.49619  -10.3047  -10.7885  -9.4564   -10.5323  -10.3098  -9.39851  -10.1846  -10.2946  -9.46668  -9.64458  -9.91571  -9.79071  -9.7757   
data[32        : 63        ]: -10.5084  -9.14391  -9.47391  -10.4666  -9.73607  -10.6271  -9.90478  -9.17708  -10.1255  -9.97153  -9.18173  -10.8493  -9.71908  -9.16426  -10.1618  -10.4081  -9.44479  -10.143   -10.6962  -9.05489  -10.1526  -10.4777  -9.09078  -10.402   -9.35802  -8.53486  -10.0429  -10.3398  -8.30433  -9.92662  -9.50406  -8.54803  
data[64        : 95        ]: -9.64236  -9.64664  -9.23584  -10.1319  -9.73479  -9.50343  -10.2568  -10.6253  -9.73123  -10.5887  -10.4569  -9.38998  -10.2122  -10.2476  -9.57491  -9.71714  -9.97674  -9.15069  -9.5533   -10.023   -9.23487  -9.90422  -10.6822  -9.43159  -9.77422  -10.3142  -8.53968  -9.04799  -9.59035  -9.79142  -10.0499  -10.7949  
data[96        : 127       ]: -9.55552  -10.2605  -9.54509  -9.83629  -10.5067  -10.1079  -9.5639   -10.1845  -10.9685  -8.90348  -10.2616  -10.3569  -9.67003  -9.97833  -10.4429  -9.12085  -10.0161  -9.81233  -9.61062  -9.81853  -10.2563  -9.17865  -9.2124   -10.4226  -9.70011  -9.59669  -10.0364  -9.24324  -9.21131  -10.1562  -9.44946  -10.4995  
data[128       : 159       ]: -10.0289  -9.2471   -9.93717  -10.1681  -9.87976  -10.5106  -10.643   -8.39217  -9.03169  -10.116   -8.3344   -10.4187  -10.0741  -9.09933  -10.4013  -9.7477   0.865416  1.72268   2.35428   -0.541524 0.528904  0.219083  0.0186811 0.786589  1.00376   1.16281   1.61736   1.8811    0.315021  0.810519  0.996339  -0.553976 
data[160       : 191       ]: 0.579189  0.953523  1.49073   1.87152   2.86279   -0.45929  0.519122  1.00709   -0.06632230.748724  1.36603   1.39437   1.85357   1.92424   -0.362246 -0.217801 0.552433  0.655904  1.44525   1.74011   0.459963  2.43898   1.25504   0.662748  0.753281  1.61429   -1.38467  0.910368  -0.01259030.901479  1.42903   1.31883   
data[192       : 223       ]: -0.448965 0.923718  0.387922  -0.833358 0.276392  0.725367  1.29377   2.10259   1.93087   -1.29462  0.48418   0.711329  0.639856  1.18758   1.13933   1.24032   1.67951   2.62167   0.181133  0.417322  1.21447   0.234407  0.0870177 0.499247  0.700713  1.84568   1.99042   0.187858  0.555562  0.964958  -0.203806 0.3816    
data[224       : 255       ]: 0.862118  1.98898   1.5798    2.14463   -0.279313 0.384047  0.807301  0.915259  1.0649    1.327     0.992309  2.33825   2.37551   -0.268166 0.546254  0.763719  -0.452272 1.47232   0.888475  1.01027   1.2673    2.5049    0.196701  0.477448  2.2328    -0.270512 0.58529   1.66806   1.54201   2.14992   1.8915    -0.0853778
data[256       : 287       ]: 1.34895   1.14832   -0.348438 0.62809   0.75332   0.77404   1.59352   2.08572   0.616781  0.53433   1.30631   -0.315367 1.07431   0.349946  0.591388  1.85564   1.97526   0.337348  0.952887  1.53857   -0.789508 0.327266  1.08144   0.588474  1.41541   1.56607   -0.322802 1.15522   0.900123  -0.623266 1.03848   1.02497   
data[288       : 319       ]: 12.0754   11.7326   11.8423   11.9207   11.4965   11.9955   12.4499   11.6494   12.4541   11.9238   11.4649   11.4821   11.8986   11.2422   12.0244   12.2447   12.2706   12.7178   10.7301   10.9339   11.6795   11.9319   11.2637   11.7997   11.5823   12.0111   11.8006   11.6079   11.0348   11.4714   12.0058   11.6439   
data[320       : 351       ]: 12.0823   12.1967   11.6408   11.5986   12.8196   11.1214   12.144    12.3839   12.031    12.2548   12.653    12.0104   13.059    12.2902   11.4069   11.7764   11.4909   11.5903   11.5471   12.9963   11.5548   11.8929   12.4332   11.5646   12.0778   13.026    11.8852   12.4868   12.5189   11.4661   11.9331   11.3912   
data[352       : 383       ]: 10.9645   12.1125   11.4845   10.8182   12.0855   12.4996   11.3392   12.7276   12.0282   10.7407   11.7155   11.8443   11.5421   12.3046   12.8477   11.4346   12.9789   11.8073   11.5897   11.7461   12.668    11.4812   12.1889   12.6573   11.6187   12.3983   11.8809   10.6845   11.7942   12.4353   10.995    12.1834   
data[384       : 415       ]: 12.0787   10.7007   12.5356   11.8127   11.8472   10.9028   11.9556   11.0424   11.8593   12.6106   11.9893   12.2209   11.6641   11.4018   11.5401   12.5563   11.3685   11.758    12.5642   11.8481   11.9621   11.8986   11.9933   11.8249   11.9682   12.0623   12.3427   12.7428   11.9275   11.9483   11.6117   10.5312   
data[416       : 447       ]: 11.9392   11.4308   11.5025   11.5846   12.3269   11.4323   12.1934   12.2661   11.1108   11.8068   12.2636   11.6678   12.0928   12.04     11.7893   11.91     -0.783781 0.549868  -0.546664 -1.07507  0.19725   -0.915609 -0.734442 0.550041  -0.670787 -0.577052 0.268878  -0.280898 -0.918232 0.623883  -0.920876 -0.761461 
data[448       : 479       ]: 0.432474  -0.685332 -1.45449  0.17437   -0.665607 -0.671608 0.623938  -0.804535 -1.06563  0.618852  -1.08917  -0.617858 0.202616  -0.715279 -1.24654  0.229812  -0.562357 -0.733022 0.342189  -1.16182  -0.838287 0.257433  -0.81212  -0.630947 0.551574  -0.810818 -0.958986 0.341424  -0.569262 -0.87113  0.798559  -0.942748 
data[480       : 511       ]: -1.02664  0.536094  -1.01068  -0.760488 0.328714  -0.677931 -0.707648 0.449953  -0.938012 -0.840849 0.55304   -0.273956 -1.06694  0.509638  -0.629871 -1.0937   0.487655  -0.70568  -1.16779  0.219813  -0.740525 -1.02366  0.827057  -0.724095 -1.05282  0.290885  -0.496945 -0.916703 0.315334  -0.809441 -1.1776   0.276209  
data[512       : 543       ]: -0.588526 -0.755472 0.361379  -0.594145 -0.583898 0.527508  -0.916497 -1.1268   0.583102  -0.688652 -0.860216 0.610462  -0.330329 -0.872903 0.236314  -0.758716 -1.10903  0.913073  -0.677024 -0.495821 0.47556   -0.917207 -1.06158  0.53855   -0.866785 -0.8975   0.421581  -0.797262 -0.506459 0.552179  -0.808878 -0.645672 
data[544       : 575       ]: 0.63793   -0.971262 -0.558341 0.670501  -0.558918 -0.83974  0.484774  -0.675936 -1.14072  0.443332  -0.573368 -0.454806 0.332495  -0.855397 -1.07622  0.197718  -0.62866  -1.01419  0.336103  -0.556714 -1.01983  0.341924  -0.732256 -0.732524 0.392049  -0.750921 -0.865914 0.644611  -1.00523  -1.12436  0.56343   -0.811932 
data[576       : 607       ]: -1.96078  -1.89804  -2.00977  -3.3632   -3.09963  -2.61363  -2.96394  -2.87862  -2.76119  -3.10066  -2.90499  -2.68923  -2.68316  -2.56914  -2.55271  -3.43038  -3.03015  -2.8126   -3.19939  -3.14067  -2.60001  -2.87143  -2.93835  -2.9      -2.87597  -3.55003  -2.68987  -3.01683  -1.91077  -2.05728  -2.96237  -2.80571  
data[608       : 639       ]: -2.95936  -3.05233  -2.9313   -3.08423  -3.32837  -2.41981  -2.94182  -2.7543   -3.06936  -2.56685  -3.52105  -2.985    -3.5368   -2.28867  -2.80087  -2.27879  -3.3796   -3.53613  -2.86026  -2.21801  -2.35476  -2.57878  -2.77423  -2.5308   -2.5243   -2.33829  -3.14703  -2.30783  -3.22635  -3.12189  -3.13097  -2.28203  
data[640       : 671       ]: -3.01577  -1.81328  -3.43286  -2.96038  -3.45702  -2.80706  -2.9601   -2.45018  -2.82482  -2.55552  -2.08259  -3.31143  -2.93947  -3.136    -2.90362  -2.27448  -2.27641  -2.98403  -2.54414  -2.22891  -3.03165  -3.56668  -2.63046  -3.23628  -2.92237  -2.86033  -2.26864  -2.41792  -2.05775  -3.44833  -3.24298  -3.32797  
data[672       : 703       ]: -2.84959  -2.74589  -2.80543  -3.16732  -2.94097  -2.96555  -2.52184  -3.08132  -2.54209  -3.71294  -2.92948  -3.29626  -2.44839  -2.1694   -1.96497  -3.18117  -3.07437  -2.85566  -2.99204  -2.72541  -2.87111  -2.1736   -2.17616  -2.28625  -3.55652  -3.1698   -3.20365  -3.13778  -2.69249  -2.88194  -3.07955  -3.08705  
data[704       : 735       ]: -2.79035  -3.27158  -2.77139  -3.58293  -3.51133  -3.09141  -2.50885  -2.60135  -2.55276  -2.49024  -2.78065  -2.77453  -3.38218  -3.01495  -3.49755  -2.61491  1.54194   -0.06524851.91908   1.15829   -0.61886  1.84585   1.18198   -0.517006 1.81458   1.12169   -0.348248 2.28472   1.28137   -0.549798 1.67159   0.979951  
data[736       : 767       ]: -0.601179 1.93086   1.54964   -0.47638  1.6695    1.31971   -0.566525 1.8029    1.56177   -0.682751 1.8441    1.28046   -0.414171 2.15852   1.28119   -0.512202 1.85908   1.21075   -0.621754 1.47291   1.52345   -0.314493 1.82498   1.0767    -0.638049 2.02962   0.987328  -0.447445 1.65376   1.14396   -0.544629 1.87703   
data[768       : 799       ]: 1.1514    -0.457848 1.78813   1.03616   -0.538999 1.35      1.10227   -0.519555 1.9536    1.14661   -0.618753 1.95114   1.12169   -0.437452 2.02773   1.29305   -0.310083 1.94338   1.13481   -0.346662 2.04697   1.1612    -0.355397 1.7383    1.4287    -0.427025 2.02052   1.43844   -0.721278 1.96153   1.25371   -0.64416  
data[800       : 831       ]: 1.96317   1.57331   -0.535543 2.06087   1.07276   -0.809603 2.00089   1.31212   -0.819222 1.70704   1.58285   -0.481937 1.94161   1.43033   -0.33331  1.98456   1.25048   -0.613632 1.80689   1.4641    -0.284455 1.61103   1.22374   -0.526318 1.60332   1.1926    -0.352074 1.50625   1.23823   -0.377288 2.20869   1.11381   
data[832       : 863       ]: -0.498845 1.48066   1.46877   -0.220503 2.02245   1.43873   -0.708368 2.12745   1.40808   -0.61191  1.71316   1.25766   -0.440518 1.82443   1.36026   -0.431442 1.71804   1.31247   -0.487497 1.79151   1.02801   -0.599375 1.87152   1.31135   -0.385144 1.65749   1.40216   -0.559219 1.57149   1.34097   -0.415972 1.78517   
data[864       : 895       ]: -3.29345  -3.10474  -2.53639  -2.9099   -2.19229  -3.08117  -3.35118  -2.7621   -3.42237  -3.01194  -2.80865  -2.46757  -2.02563  -2.46694  -2.30497  -2.666    -2.86299  -2.72162  -2.77059  -2.46248  -2.65978  -3.1724   -2.06845  -2.74244  -2.80029  -3.1125   -2.68001  -2.96252  -3.06528  -2.16008  -3.31775  -2.52911  
data[896       : 927       ]: -2.52505  -3.19008  -1.83643  -3.15294  -3.04395  -2.54899  -2.60327  -2.36279  -2.84332  -2.69301  -3.1215   -2.27996  -2.56399  -2.81927  -2.94071  -2.36866  -2.88172  -2.58104  -2.51887  -2.94366  -2.22318  -3.16074  -2.99676  -3.09689  -2.63012  -2.83597  -1.92326  -2.65467  -2.7592   -2.32993  -2.48461  -2.37993  
data[928       : 959       ]: -2.73639  -2.06291  -2.41667  -2.56158  -2.72738  -2.62269  -2.55089  -2.86598  -3.35091  -1.73801  -3.39574  -2.5775   -2.7541   -2.43989  -3.49495  -2.77496  -2.75741  -3.0637   -3.02789  -2.44749  -3.54574  -2.04321  -3.30461  -3.21969  -2.76903  -3.04206  -2.74027  -2.38229  -2.49967  -3.11349  -2.24124  -2.79231  
data[960       : 991       ]: -2.71728  -2.90707  -2.8694   -3.11021  -2.65869  -3.07889  -2.72737  -2.61433  -2.2211   -3.50682  -2.50879  -3.27922  -3.4557   -2.60142  -2.5619   -2.71148  -2.17758  -2.32056  -3.14584  -2.84488  -2.85492  -3.64126  -2.43998  -3.59459  -2.93515  -2.50163  -3.00658  -3.20836  -2.50801  -2.67498  -2.8082   -2.46354  
data[992       : 1023      ]: -2.92657  -3.05962  -2.71946  -3.09072  -2.81204  -2.49324  -2.80243  -2.85952  -2.51287  -3.02345  -2.85197  -2.62843  -3.28092  -3.45548  -2.33779  -2.70123  -0.235915 0.387881  0.238411  -0.107536 0.241977  0.226711  0.0103632 0.228215  0.169951  -0.02584030.424311  0.210712  -0.0907718-0.118848 0.443417  -0.0676659
data[1024      : 1055      ]: 0.143135  0.338453  -0.170919 0.0223744 0.348076  -0.221321 0.188903  0.227207  0.002343520.114651  0.028125  -0.01204810.233773  0.490584  -0.241936 0.105975  0.331044  0.0615945 0.141882  0.360799  0.0377137 0.324741  0.310295  -0.110881 0.106406  0.389315  -0.09647850.257884  0.45184   -0.018754 0.0973766 0.37353   
data[1056      : 1087      ]: 0.124359  0.0577556 0.462353  0.0636688 0.125759  0.19271   0.0319619 0.0621465 0.489623  0.114972  0.0747027 0.222407  0.114568  0.199971  0.351039  0.0364973 0.0958485 0.242213  -0.165533 0.334213  0.28152   0.266989  -0.01978130.262696  -0.06250290.0358454 0.451221  0.0100218 0.0946288 0.239931  0.0338567 0.0484101 
data[1088      : 1119      ]: 0.329407  -0.107457 0.250709  0.33828   0.0797792 0.0620331 0.446021  -0.05670320.372668  0.252007  -0.103793 0.0563274 0.280988  0.0598712 -0.153638 0.330635  -0.231321 -0.08338990.386457  -0.08546380.163319  0.285608  -0.070352 0.206058  0.533993  -0.0976707-0.03862040.293186  0.0255449 0.20862   0.356168  0.08824   
data[1120      : 1151      ]: 0.282194  0.163841  -0.080919 0.178212  0.63293   -0.129891 0.216149  0.319951  -0.161397 0.176091  0.341896  -0.032762 0.183174  0.28315   0.131758  0.304634  0.542358  -0.02426760.312429  0.34674   0.263201  0.218961  0.276394  -0.157951 0.249084  0.544291  -0.146795 -0.07126340.511352  0.111689  0.147982  0.507827  
data[1152      : 1183      ]: -4.42884  -3.51304  -5.01937  -3.78009  -3.44976  -4.08576  -3.85055  -4.14759  -5.09202  -4.68758  -3.7655   -4.78804  -3.68296  -3.4606   -4.31555  -3.8835   -3.28104  -4.43315  -4.43696  -3.69188  -5.42996  -3.92056  -4.11245  -4.60786  -3.87277  -3.5203   -5.11529  -5.08827  -4.8326   -5.17863  -3.71965  -3.83579  
data[1184      : 1215      ]: -4.6513   -4.51602  -4.4423   -5.40081  -3.99679  -4.44811  -4.76456  -4.13366  -3.72524  -4.48419  -3.71245  -3.84905  -5.0168   -4.26169  -4.09747  -4.41883  -4.28333  -4.01665  -4.67702  -3.95495  -4.07519  -4.76158  -4.57657  -3.75244  -5.40316  -3.79412  -4.34662  -4.57891  -4.2302   -3.55542  -4.75095  -4.07695  
data[1216      : 1247      ]: -4.33082  -4.59289  -3.82422  -2.89147  -4.81131  -4.13452  -4.19965  -4.75566  -4.5264   -3.83446  -4.87669  -4.18792  -3.76209  -5.10499  -4.14317  -3.81453  -4.88389  -5.09272  -3.75364  -4.82857  -4.53391  -3.54775  -5.10751  -4.39011  -2.96879  -4.80654  -4.63059  -3.72644  -4.80642  -4.08966  -3.7355   -4.61684  
data[1248      : 1279      ]: -3.90303  -3.8825   -4.42358  -5.12137  -3.91877  -5.59228  -4.22163  -3.78208  -5.03592  -4.6004   -3.54924  -5.47042  -4.50047  -4.04003  -4.32678  -4.00992  -3.83724  -4.71323  -3.92471  -3.71037  -4.33743  -5.05398  -2.98835  -5.44384  -3.39324  -2.95843  -4.60758  -4.76524  -2.84027  -4.43831  -4.033    -5.03425  
data[1280      : 1311      ]: -5.48637  -4.65447  -3.5531   -4.97252  -3.79009  -4.24523  -5.15831  -4.49657  -3.92253  -5.16763  -3.80149  -3.69961  -4.92892  -4.17091  -4.19402  -5.16553  -19.5458  -16.1332  -20.7429  -19.8923  -17.0387  -21.3105  -19.9528  -16.6892  -20.2983  -19.8188  -17.4889  -21.0565  -20.1253  -16.0339  -21.4002  -19.653   
data[1312      : 1343      ]: -16.5827  -21.0764  -20.5399  -17.4014  -21.1225  -20.0871  -16.8934  -21.7024  -19.9256  -16.6203  -20.8653  -20.1896  -17.2256  -22.0519  -20.1818  -16.5898  -20.8965  -19.8056  -17.0967  -21.2425  -19.5225  -16.7578  -20.3964  -19.9906  -17.2188  -20.6371  -19.9383  -16.2732  -20.9505  -19.8686  -15.8954  -21.3064  
data[1344      : 1375      ]: -20.4911  -16.2013  -20.3218  -20.0487  -15.6184  -20.9032  -20.6371  -17.2376  -21.0691  -20.6824  -16.3434  -20.5946  -20.4055  -16.1644  -21.6067  -18.8591  -16.8157  -20.3138  -20.2728  -17.0203  -21.2357  -19.3257  -15.7571  -20.8772  -20.9338  -16.563   -21.1232  -19.4625  -16.5875  -21.0953  -20.2275  -17.2607  
data[1376      : 1407      ]: -21.2504  -21.0734  -17.4856  -21.0978  -19.75    -17.1529  -20.8923  -19.973   -17.189   -21.4522  -19.6399  -16.7552  -21.374   -20.4385  -16.6759  -21.1652  -19.6815  -16.766   -21.5542  -20.1543  -17.1553  -21.6372  -19.9399  -16.6985  -21.0492  -19.0959  -16.1166  -19.8864  -18.8953  -16.8692  -21.546   -20.236   
data[1408      : 1439      ]: -16.614   -20.7898  -19.433   -16.5249  -20.3527  -19.817   -16.6533  -21.2067  -19.6013  -16.7657  -20.1716  -19.6092  -17.1715  -20.8606  -19.9595  -17.2074  -21.3396  -19.7594  -17.1837  -21.3578  -19.2671  -15.5155  -20.8332  -20.2794  -16.5321  -21.2012  -19.6847  -15.9502  -21.3626  -19.9246  -16.2907  -20.6362  
data[1440      : 1471      ]: -1.82425  -2.32343  -1.88774  -1.83178  -1.76025  -1.83953  -2.01075  -2.19783  -1.79575  -1.80684  -2.29435  -1.85719  -2.54929  -1.93084  -1.65254  -2.14213  -2.36411  -1.63867  -1.95712  -1.75173  -1.73094  -2.01066  -1.70027  -1.33601  -2.20683  -2.43983  -1.90882  -2.16525  -2.215    -1.46325  -2.87984  -2.52299  
data[1472      : 1503      ]: -1.63017  -2.47827  -2.66791  -1.6871   -2.54372  -2.88368  -2.52027  -2.01376  -2.32458  -1.63969  -2.93369  -2.44363  -2.35231  -2.29574  -2.23291  -1.73966  -1.48231  -1.77162  -1.52636  -2.27437  -2.34835  -1.76881  -2.76035  -2.008    -2.26086  -3.17065  -1.98646  -1.82263  -2.54868  -2.06773  -2.35629  -2.63098  
data[1504      : 1535      ]: -1.90344  -2.25779  -2.22619  -1.38256  -1.53473  -2.80656  -2.57124  -2.1887   -1.79283  -1.60156  -1.75386  -2.22034  -1.8043   -1.4412   -2.01133  -1.4407   -1.59659  -2.03034  -2.35688  -2.13841  -2.52515  -2.22065  -1.73746  -2.09113  -1.70843  -1.8806   -2.82752  -2.52303  -1.9536   -1.7151   -1.85444  -1.84287  
data[1536      : 1567      ]: -2.79392  -2.17843  -2.20079  -1.90358  -2.04048  -0.904039 -1.86665  -1.82202  -1.57364  -2.01943  -1.72801  -1.56585  -2.52981  -2.52511  -2.01097  -1.91203  -1.68332  -1.40824  -2.36273  -2.13935  -2.16594  -1.89012  -2.11302  -1.66029  -1.93119  -1.49733  -1.51277  -1.81996  -2.35822  -1.35447  -2.01018  -1.51757  
data[1568      : 1599      ]: -1.38385  -1.90227  -1.77581  -1.62589  -2.00149  -2.12446  -1.38948  -2.39519  -2.63665  -1.83389  -2.10452  -2.29591  -1.54107  -2.24772  -3.06757  -1.90696  -12.6512  -13.2054  -13.1623  -12.5518  -13.1669  -13.7862  -13.6014  -14.3099  -13.112   -13.5202  -13.6448  -14.0994  -13.4192  -13.5459  -13.6925  -12.8325  
data[1600      : 1631      ]: -12.8879  -13.1689  -12.9671  -12.7992  -13.8016  -13.0596  -13.9762  -13.1972  -12.606   -13.4974  -13.1427  -13.5145  -12.9025  -13.2051  -12.7442  -14.456   -12.8032  -13.3951  -13.2449  -13.8112  -12.8553  -12.5692  -13.5481  -13.5262  -13.4545  -12.9941  -13.9323  -12.813   -13.4143  -12.2981  -13.6002  -12.4479  
data[1632      : 1663      ]: -13.6868  -12.9134  -12.6999  -12.7359  -13.4108  -12.7846  -13.0861  -12.8303  -12.6275  -13.7836  -13.9233  -13.3402  -13.2692  -13.0977  -13.6933  -13.078   -13.1161  -13.4644  -12.3306  -13.7257  -13.4485  -13.0398  -13.5989  -13.2551  -14.0155  -12.8891  -12.9112  -13.4755  -13.4553  -13.2248  -13.9832  -13.3324  
data[1664      : 1695      ]: -13.3144  -12.9116  -13.7594  -12.2312  -14.6096  -13.0793  -13.0895  -13.1672  -13.9849  -13.127   -13.6199  -12.8225  -12.9333  -13.5311  -14.0649  -12.7349  -13.135   -13.0128  -13.0718  -13.176   -13.822   -13.2353  -13.8319  -13.9802  -14.0218  -12.8115  -13.3539  -12.9047  -13.6305  -12.7929  -12.9867  -13.5893  
data[1696      : 1727      ]: -13.5771  -13.7288  -13.7339  -14.0064  -12.9959  -13.3708  -12.114   -12.4057  -14.0457  -14.163   -12.9349  -13.4728  -13.1574  -12.8134  -14.3896  -13.1078  -13.0195  -12.7828  -14.1041  -13.7184  -13.7209  -13.9108  -12.8537  -13.0643  -13.3125  -13.0454  -12.8938  -14.0434  -13.9164  -12.9513  -13.9447  -13.0942  
data[1728      : 1759      ]: -0.236168 0.501452  -0.413912 0.158449  0.468212  0.0689847 -0.336969 0.478805  -0.129858 -0.484341 -0.0442795-0.276311 -0.435528 0.622613  -0.377742 -1.19129  0.230096  -0.857141 -0.957764 0.734349  -0.466758 -0.388946 0.280096  -0.0549376-0.775831 0.087884  -0.986744 -0.479023 0.111593  -0.326281 -0.320703 0.633204  
data[1760      : 1791      ]: -0.616964 -0.426298 0.491746  -0.307096 -0.337408 0.281417  -0.307797 -0.06710560.541603  -0.308499 -0.02745340.531508  -0.199885 -0.288274 0.309486  -0.5087   -0.211898 0.216696  -0.136952 -0.27753  0.171948  -0.255922 -0.511759 0.855281  -0.226206 -0.04681210.705638  -0.259509 -0.236316 0.36306   -0.580852 -0.575126 
data[1792      : 1823      ]: 0.283448  -0.151706 -0.415988 0.32943   -0.483214 -0.697562 0.257767  -0.24833  -0.141519 0.694646  -0.511522 -0.122696 0.834674  0.0333132 -0.517804 0.270121  -0.508326 -0.344492 0.414416  -0.94706  -0.303847 0.367716  -0.10828  -0.886787 0.332169  -0.835587 -0.720363 0.392978  -0.390419 -0.650461 0.470841  -0.501048 
data[1824      : 1855      ]: -0.864496 0.589476  -0.565629 -0.08383390.870205  -0.943476 -0.755794 0.335312  0.104663  -0.462417 0.57587   -0.492059 -0.327086 0.559957  -0.401842 -0.50722  0.380469  -0.306355 -0.492673 0.335264  -0.611829 -0.297774 0.742089  -0.649427 -0.210927 0.505402  -0.205897 0.112158  0.0827684 -0.928839 -0.124139 0.483926  
data[1856      : 1887      ]: 0.0867733 -0.627933 0.450059  -0.431481 -0.083033 0.572768  -0.124073 -0.564844 0.549908  -0.124874 -0.468522 0.528555  -0.22586  -0.647618 0.25532   -0.217827 -34.8024  -38.8289  -37.0205  -35.7814  -40.4952  -37.681   -35.9075  -39.1626  -37.5134  -34.8431  -38.7292  -37.2157  -35.9635  -40.5203  -37.4879  -35.7435  
data[1888      : 1919      ]: -39.9727  -37.2199  -35.3354  -39.2452  -37.4225  -35.187   -40.2895  -38.0543  -35.4615  -40.307   -37.7927  -35.1086  -39.9693  -36.7264  -36.8693  -40.0217  -38.2943  -35.5098  -40.3928  -37.4598  -35.0327  -39.3811  -37.3453  -35.8106  -39.7345  -37.6888  -36.0519  -40.3036  -37.6043  -34.7019  -38.5542  -35.9084  
data[1920      : 1951      ]: -35.0529  -39.4959  -37.5366  -35.5257  -38.849   -37.578   -34.1773  -38.5783  -36.2447  -35.3981  -39.5338  -37.6678  -34.5631  -39.798   -37.1093  -34.3063  -38.684   -36.347   -35.6203  -40.4085  -37.5565  -35.1422  -39.7946  -37.1633  -34.9895  -38.0967  -36.9351  -35.6729  -40.1617  -37.6896  -35.3326  -38.3747  
data[1952      : 1983      ]: -37.1869  -35.647   -39.067   -36.7279  -36.005   -40.4991  -37.7042  -35.7726  -39.836   -38.4407  -34.5982  -38.1947  -36.6561  -35.7454  -41.1344  -37.9018  -35.6826  -39.38    -37.8579  -34.6765  -38.7581  -37.465   -35.6381  -39.9808  -37.6811  -35.5261  -39.1279  -37.858   -34.1864  -39.882   -36.2556  -36.1606  
data[1984      : 2015      ]: -39.9569  -38.3604  -35.852   -40.2432  -37.1861  -34.8982  -38.1625  -36.3253  -35.6839  -40.1095  -37.1817  -35.8716  -39.6794  -37.3459  -34.1073  -39.0729  -36.6032  -35.6252  -39.7708  -37.5177  -34.638   -40.2068  -36.9242  -35.2988  -38.9629  -37.0608  -35.4725  -39.4319  -37.5721  -35.6441  -39.478   -37.6289  
data[2016      : 2047      ]: 4.20238   4.76203   5.09345   4.06507   4.50342   5.08364   4.34677   5.16756   5.45774   4.38861   4.96685   5.41866   4.15139   5.35914   5.07921   4.61416   4.47511   5.18446   4.24656   4.71255   5.03126   3.90053   5.27163   4.54508   5.1263    5.13828   5.95767   4.51869   5.53787   5.83343   3.74488   3.68751   
data[2048      : 2079      ]: 5.15839   4.39311   5.69817   6.09854   3.77458   4.69307   4.68458   4.12152   4.38316   5.82011   3.60357   5.46231   5.53191   4.23083   5.49967   4.95015   4.57221   4.76791   5.19299   4.32176   5.3488    5.47062   4.36415   4.61296   5.6457    3.93741   4.84574   4.87951   4.68645   5.60336   6.11165   3.85105   
data[2080      : 2111      ]: 4.43226   5.39849   3.54844   5.31655   4.91056   4.24089   5.14104   5.55378   4.52527   4.79988   5.43484   4.16824   4.63002   4.36513   4.73569   5.32595   4.70457   5.43254   5.11816   5.69971   3.43901   4.70365   5.69917   5.08845   5.32368   5.98312   4.32847   4.05191   4.93271   4.03968   4.70248   4.80775   
data[2112      : 2143      ]: 5.13493   5.12357   5.12519   4.70838   4.96591   5.42491   5.02453   4.11775   5.52142   4.76172   5.15648   5.86596   3.9818    3.83091   5.24446   4.14932   4.94347   4.8748    4.66424   4.78932   5.79824   4.34002   4.22594   5.88963   4.54916   4.04088   5.49556   4.68311   5.18141   5.16946   4.47784   4.39654   
data[2144      : 2175      ]: 5.35695   4.04198   4.98081   4.29814   4.44115   4.27249   5.82461   4.32006   4.70919   4.9897    4.56664   5.19064   4.90682   4.27761   5.37095   5.75835   1.18035   1.45068   -0.577755 1.39526   1.64405   -0.552572 1.37605   1.53374   -0.456321 1.41772   1.5848    -0.760554 1.12008   1.7599    -0.643355 1.35922   
data[2176      : 2207      ]: 1.81687   -0.844224 1.27649   1.87843   -0.504587 1.57883   1.39903   -0.539232 1.31889   1.5814    -0.611475 1.05498   1.6181    -0.856961 1.40634   1.78269   -0.568694 1.07481   1.65355   -0.779852 1.4209    1.68567   -0.578489 1.28826   1.50713   -0.70645  1.37008   1.71569   -0.782968 1.18189   1.5064    -0.748802 
data[2208      : 2239      ]: 1.39257   1.58695   -0.54927  1.18639   1.34119   -0.630791 1.16033   1.69391   -0.63567  1.17034   1.50774   -0.650564 1.42787   1.7252    -0.447751 1.40664   1.78976   -0.703884 1.35753   1.50459   -0.865526 1.20162   1.77193   -0.618556 1.34996   1.5129    -0.529893 1.34173   1.28631   -0.542919 1.42237   1.73525   
data[2240      : 2271      ]: -0.803937 1.29232   1.37028   -0.525674 1.49908   1.50393   -0.406047 1.36102   1.43991   -0.649201 1.4296    1.43085   -0.746964 1.40492   1.5898    -0.776072 1.18085   1.53602   -0.809048 1.17232   1.48018   -0.615927 1.23667   1.48908   -0.42781  1.24924   1.46313   -0.73144  1.4045    1.69001   -0.708125 1.1001    
data[2272      : 2303      ]: 1.3086    -0.589376 1.57647   1.38396   -0.955806 1.37954   1.73726   -0.734328 1.37416   1.78361   -0.754647 1.11925   1.47686   -0.800243 1.37871   1.56134   -0.834159 1.23892   1.42362   -0.498937 1.61628   1.45704   -0.647049 1.3292    1.5161    -0.488339 1.51545   1.45464   -0.662901 1.46173   1.66487   -0.508461 
Time 7086030 ns: producer080000001 finish sending data!
