Time 12980820 ns: ack for producer080000001's req!
Time 12980850 ns: producer080000001 is sending data!
data[0         : 31        ]: -8.15476  -10.3961  -9.65295  -8.8243   -9.90749  -10.3221  -9.68716  -9.417    -10.0803  -9.2545   -9.41618  -10.7164  -9.3262   -9.56701  -9.53306  -9.32547  -10.2343  -10.1667  -9.49619  -10.3047  -10.7885  -9.45641  -10.5323  -10.3098  -9.39853  -10.1846  -10.2946  -9.46672  -9.64458  -9.9157   -9.79073  -9.77572  
data[32        : 63        ]: -10.5084  -9.1439   -9.47392  -10.4666  -9.73607  -10.6271  -9.90479  -9.17709  -10.1255  -9.97149  -9.18175  -10.8493  -9.71909  -9.16425  -10.1618  -10.4081  -9.44481  -10.143   -10.6962  -9.05488  -10.1526  -10.4777  -9.09077  -10.402   -9.35802  -8.53487  -10.0429  -10.3398  -8.30434  -9.9266   -9.50407  -8.54804  
data[64        : 95        ]: -9.64237  -9.64662  -9.23587  -10.1319  -9.73475  -9.50342  -10.2568  -10.6253  -9.73121  -10.5886  -10.4569  -9.38999  -10.2122  -10.2476  -9.57491  -9.71715  -9.97676  -9.15068  -9.55329  -10.023   -9.23489  -9.90426  -10.6821  -9.43159  -9.77419  -10.3142  -8.53968  -9.04797  -9.59031  -9.79143  -10.0499  -10.7949  
data[96        : 127       ]: -9.5555   -10.2605  -9.54509  -9.8363   -10.5067  -10.1079  -9.56389  -10.1844  -10.9685  -8.90344  -10.2617  -10.3569  -9.67003  -9.97833  -10.4429  -9.12085  -10.0161  -9.81233  -9.61064  -9.8185   -10.2563  -9.17867  -9.21237  -10.4227  -9.70009  -9.5967   -10.0364  -9.24323  -9.21132  -10.1562  -9.44944  -10.4995  
data[128       : 159       ]: -10.0289  -9.24709  -9.93718  -10.1681  -9.87979  -10.5106  -10.643   -8.3922   -9.03167  -10.116   -8.3344   -10.4187  -10.0741  -9.0993   -10.4014  -9.74767  0.865409  1.72267   2.35428   -0.541532 0.528909  0.219078  0.0186752 0.786592  1.00376   1.16282   1.61735   1.8811    0.315024  0.810522  0.996335  -0.553983 
data[160       : 191       ]: 0.579183  0.953521  1.49072   1.87152   2.8628    -0.459298 0.519119  1.00709   -0.06632410.748727  1.36603   1.39438   1.85356   1.92423   -0.362242 -0.217801 0.552431  0.655901  1.44525   1.74011   0.459955  2.43898   1.25504   0.662748  0.753276  1.6143    -1.38468  0.910374  -0.01259510.901481  1.42903   1.31883   
data[192       : 223       ]: -0.448973 0.923724  0.387914  -0.833365 0.276397  0.725369  1.29378   2.10258   1.93087   -1.29462  0.484173  0.711339  0.639858  1.18757   1.13932   1.24033   1.67951   2.62166   0.181128  0.41732   1.21447   0.234408  0.0870166 0.499244  0.700715  1.84569   1.99042   0.187854  0.555565  0.964958  -0.203811 0.381602  
data[224       : 255       ]: 0.862112  1.98897   1.57981   2.14463   -0.279311 0.384043  0.807299  0.915262  1.06488   1.32699   0.992301  2.33825   2.37551   -0.268176 0.546246  0.763722  -0.452277 1.47233   0.888465  1.01027   1.26731   2.50489   0.196701  0.477444  2.2328    -0.270514 0.585287  1.66806   1.54202   2.14992   1.89149   -0.0853915
data[256       : 287       ]: 1.34894   1.14833   -0.348437 0.628087  0.75332   0.774041  1.59351   2.08572   0.616771  0.534333  1.3063    -0.315357 1.07431   0.349938  0.591393  1.85564   1.97526   0.33734   0.952875  1.53859   -0.789513 0.327271  1.08143   0.588478  1.41542   1.56606   -0.322809 1.15522   0.900125  -0.623262 1.03847   1.02497   
data[288       : 319       ]: 12.0754   11.7326   11.8423   11.9207   11.4965   11.9955   12.4499   11.6494   12.4541   11.9238   11.4649   11.482    11.8986   11.2421   12.0244   12.2447   12.2706   12.7177   10.7301   10.9339   11.6795   11.9318   11.2637   11.7997   11.5823   12.011    11.8006   11.6079   11.0348   11.4713   12.0058   11.6439   
data[320       : 351       ]: 12.0823   12.1967   11.6407   11.5987   12.8196   11.1214   12.144    12.384    12.031    12.2548   12.6531   12.0104   13.059    12.2903   11.4069   11.7764   11.4909   11.5903   11.547    12.9963   11.5548   11.8929   12.4331   11.5647   12.0779   13.026    11.8852   12.4867   12.5189   11.466    11.933    11.3912   
data[352       : 383       ]: 10.9645   12.1125   11.4845   10.8183   12.0855   12.4996   11.3392   12.7277   12.0282   10.7407   11.7155   11.8443   11.5421   12.3046   12.8477   11.4347   12.9789   11.8073   11.5898   11.7461   12.668    11.4812   12.1888   12.6573   11.6187   12.3983   11.8808   10.6845   11.7943   12.4353   10.995    12.1834   
data[384       : 415       ]: 12.0787   10.7007   12.5356   11.8127   11.8472   10.9028   11.9556   11.0424   11.8592   12.6106   11.9893   12.2209   11.6641   11.4018   11.54     12.5563   11.3686   11.7579   12.5642   11.8481   11.9621   11.8986   11.9934   11.8249   11.9682   12.0623   12.3426   12.7428   11.9275   11.9484   11.6117   10.5311   
data[416       : 447       ]: 11.9391   11.4308   11.5025   11.5846   12.3269   11.4323   12.1934   12.2661   11.1108   11.8068   12.2636   11.6678   12.0927   12.04     11.7893   11.91     -0.783782 0.549866  -0.546664 -1.07507  0.19725   -0.915609 -0.734442 0.550043  -0.670788 -0.577052 0.268878  -0.280899 -0.918233 0.623882  -0.920878 -0.761462 
data[448       : 479       ]: 0.432475  -0.685331 -1.45449  0.174369  -0.665607 -0.671608 0.623936  -0.804536 -1.06563  0.618852  -1.08917  -0.61786  0.202615  -0.71528  -1.24654  0.229813  -0.562357 -0.733023 0.342189  -1.16181  -0.838288 0.257432  -0.812121 -0.630947 0.551573  -0.810819 -0.958986 0.341423  -0.569262 -0.871131 0.798559  -0.94275  
data[480       : 511       ]: -1.02664  0.536095  -1.01069  -0.760489 0.328714  -0.677932 -0.707648 0.449952  -0.938012 -0.84085  0.55304   -0.273957 -1.06694  0.509638  -0.629872 -1.09369  0.487655  -0.705681 -1.16779  0.219812  -0.740525 -1.02366  0.827057  -0.724096 -1.05282  0.290884  -0.496945 -0.916703 0.315334  -0.809443 -1.1776   0.276209  
data[512       : 543       ]: -0.588526 -0.755474 0.361377  -0.594145 -0.583899 0.527507  -0.916498 -1.1268   0.583101  -0.688653 -0.860216 0.610462  -0.33033  -0.872903 0.236315  -0.758716 -1.10903  0.913072  -0.677024 -0.495822 0.475559  -0.917208 -1.06158  0.53855   -0.866785 -0.8975   0.421581  -0.797263 -0.50646  0.55218   -0.808877 -0.645673 
data[544       : 575       ]: 0.637927  -0.97126  -0.558341 0.670501  -0.558917 -0.83974  0.484773  -0.675937 -1.14072  0.443331  -0.573369 -0.454806 0.332495  -0.855397 -1.07622  0.197717  -0.628659 -1.01419  0.336102  -0.556714 -1.01983  0.341923  -0.732256 -0.732525 0.392048  -0.750922 -0.865914 0.644612  -1.00523  -1.12436  0.563429  -0.811932 
data[576       : 607       ]: -1.96078  -1.89804  -2.00977  -3.36319  -3.09963  -2.61363  -2.96395  -2.87862  -2.76119  -3.10065  -2.905    -2.68923  -2.68316  -2.56915  -2.55271  -3.43038  -3.03015  -2.8126   -3.1994   -3.14066  -2.60001  -2.87143  -2.93836  -2.9      -2.87597  -3.55003  -2.68986  -3.01682  -1.91077  -2.05728  -2.96236  -2.80572  
data[608       : 639       ]: -2.95937  -3.05233  -2.9313   -3.08423  -3.32837  -2.41981  -2.94182  -2.7543   -3.06936  -2.56685  -3.52104  -2.985    -3.5368   -2.28867  -2.80087  -2.27879  -3.3796   -3.53614  -2.86026  -2.21801  -2.35476  -2.57878  -2.77423  -2.5308   -2.5243   -2.33829  -3.14703  -2.30783  -3.22635  -3.12189  -3.13097  -2.28203  
data[640       : 671       ]: -3.01576  -1.81328  -3.43285  -2.96038  -3.45702  -2.80707  -2.96009  -2.45018  -2.82482  -2.55552  -2.08258  -3.31143  -2.93947  -3.136    -2.90363  -2.27448  -2.27641  -2.98403  -2.54414  -2.22891  -3.03165  -3.56668  -2.63046  -3.23628  -2.92237  -2.86034  -2.26864  -2.41792  -2.05774  -3.44834  -3.24298  -3.32797  
data[672       : 703       ]: -2.84959  -2.74589  -2.80542  -3.16731  -2.94096  -2.96555  -2.52183  -3.08132  -2.54209  -3.71293  -2.92948  -3.29626  -2.44839  -2.1694   -1.96497  -3.18117  -3.07437  -2.85566  -2.99204  -2.72541  -2.87111  -2.17359  -2.17617  -2.28625  -3.55652  -3.1698   -3.20365  -3.13778  -2.69249  -2.88194  -3.07955  -3.08705  
data[704       : 735       ]: -2.79036  -3.27157  -2.77139  -3.58292  -3.51133  -3.09141  -2.50885  -2.60136  -2.55276  -2.49024  -2.78065  -2.77453  -3.38217  -3.01495  -3.49754  -2.6149   1.54194   -0.06524961.91908   1.15829   -0.61886  1.84585   1.18198   -0.517006 1.81458   1.12169   -0.348249 2.28472   1.28137   -0.549798 1.67159   0.97995   
data[736       : 767       ]: -0.601179 1.93086   1.54964   -0.476381 1.6695    1.31971   -0.566525 1.8029    1.56176   -0.682751 1.8441    1.28046   -0.414172 2.15852   1.28119   -0.512202 1.85909   1.21075   -0.621754 1.4729    1.52345   -0.314493 1.82498   1.0767    -0.63805  2.02962   0.987328  -0.447446 1.65376   1.14396   -0.544629 1.87703   
data[768       : 799       ]: 1.1514    -0.457849 1.78812   1.03616   -0.539    1.35      1.10227   -0.519555 1.9536    1.14661   -0.618753 1.95114   1.12169   -0.437452 2.02773   1.29305   -0.310083 1.94338   1.13481   -0.346662 2.04697   1.1612    -0.355397 1.7383    1.4287    -0.427025 2.02052   1.43844   -0.721278 1.96153   1.25371   -0.64416  
data[800       : 831       ]: 1.96317   1.57331   -0.535544 2.06087   1.07276   -0.809603 2.00089   1.31212   -0.819221 1.70704   1.58285   -0.481937 1.94161   1.43033   -0.333309 1.98456   1.25047   -0.613632 1.80689   1.4641    -0.284455 1.61103   1.22374   -0.526319 1.60332   1.19259   -0.352074 1.50625   1.23823   -0.377289 2.20868   1.11381   
data[832       : 863       ]: -0.498845 1.48066   1.46877   -0.220503 2.02245   1.43872   -0.708368 2.12745   1.40808   -0.611911 1.71316   1.25766   -0.440518 1.82443   1.36026   -0.431442 1.71803   1.31247   -0.487497 1.79151   1.02801   -0.599375 1.87152   1.31135   -0.385144 1.65749   1.40216   -0.559219 1.57149   1.34098   -0.415972 1.78517   
data[864       : 895       ]: -3.29345  -3.10473  -2.53639  -2.9099   -2.19229  -3.08117  -3.35118  -2.7621   -3.42237  -3.01194  -2.80864  -2.46757  -2.02563  -2.46694  -2.30496  -2.666    -2.86299  -2.72162  -2.77059  -2.46248  -2.65978  -3.1724   -2.06846  -2.74245  -2.8003   -3.11249  -2.68002  -2.96252  -3.06528  -2.16007  -3.31776  -2.52912  
data[896       : 927       ]: -2.52505  -3.19008  -1.83643  -3.15295  -3.04396  -2.54899  -2.60328  -2.36278  -2.84332  -2.69301  -3.1215   -2.27996  -2.56399  -2.81927  -2.94071  -2.36866  -2.88172  -2.58104  -2.51887  -2.94366  -2.22318  -3.16074  -2.99677  -3.09688  -2.63012  -2.83597  -1.92326  -2.65467  -2.7592   -2.32993  -2.48461  -2.37994  
data[928       : 959       ]: -2.73639  -2.06291  -2.41667  -2.56158  -2.72738  -2.62269  -2.55089  -2.86598  -3.35091  -1.73801  -3.39574  -2.57751  -2.7541   -2.4399   -3.49495  -2.77496  -2.7574   -3.06371  -3.0279   -2.4475   -3.54574  -2.04321  -3.3046   -3.21969  -2.76904  -3.04207  -2.74027  -2.38228  -2.49967  -3.11349  -2.24124  -2.79231  
data[960       : 991       ]: -2.71728  -2.90707  -2.8694   -3.11021  -2.65869  -3.07889  -2.72736  -2.61434  -2.2211   -3.50682  -2.50878  -3.27922  -3.4557   -2.60142  -2.5619   -2.71148  -2.17758  -2.32057  -3.14584  -2.84488  -2.85492  -3.64126  -2.43998  -3.59459  -2.93515  -2.50163  -3.00657  -3.20836  -2.50801  -2.67498  -2.8082   -2.46354  
data[992       : 1023      ]: -2.92657  -3.05962  -2.71946  -3.09072  -2.81205  -2.49324  -2.80243  -2.85952  -2.51287  -3.02345  -2.85198  -2.62843  -3.28093  -3.45548  -2.33779  -2.70123  -0.235914 0.387881  0.238412  -0.107536 0.241977  0.226712  0.0103632 0.228215  0.169951  -0.02583990.424311  0.210711  -0.0907714-0.118848 0.443416  -0.0676654
data[1024      : 1055      ]: 0.143135  0.338452  -0.170919 0.0223742 0.348076  -0.221321 0.188902  0.227207  0.002343830.114651  0.0281246 -0.01204790.233773  0.490584  -0.241936 0.105975  0.331044  0.0615941 0.141881  0.360799  0.0377138 0.324742  0.310294  -0.110881 0.106406  0.389316  -0.09647870.257885  0.45184   -0.01875410.0973767 0.37353   
data[1056      : 1087      ]: 0.124359  0.0577554 0.462353  0.0636684 0.12576   0.19271   0.0319624 0.0621465 0.489624  0.114972  0.0747028 0.222407  0.114568  0.199971  0.351039  0.0364975 0.095849  0.242213  -0.165532 0.334214  0.28152   0.266989  -0.01978160.262696  -0.06250360.0358452 0.451221  0.0100219 0.0946291 0.239931  0.0338564 0.0484095 
data[1088      : 1119      ]: 0.329407  -0.107456 0.250709  0.33828   0.0797795 0.062033  0.446022  -0.05670350.372668  0.252007  -0.103793 0.0563271 0.280989  0.0598714 -0.153639 0.330635  -0.231321 -0.08338980.386456  -0.08546390.163319  0.285607  -0.07035170.206058  0.533994  -0.0976705-0.03862050.293186  0.0255451 0.208619  0.356168  0.0882395 
data[1120      : 1151      ]: 0.282194  0.163841  -0.08091890.178212  0.63293   -0.129891 0.216147  0.31995   -0.161397 0.176091  0.341896  -0.03276160.183173  0.283151  0.131757  0.304634  0.542358  -0.02426730.31243   0.346741  0.263201  0.218961  0.276394  -0.157951 0.249084  0.54429   -0.146796 -0.07126370.511352  0.11169   0.147982  0.507827  
data[1152      : 1183      ]: -4.42885  -3.51304  -5.01936  -3.78007  -3.44976  -4.08576  -3.85055  -4.14758  -5.09202  -4.68757  -3.76551  -4.78806  -3.68295  -3.4606   -4.31557  -3.88352  -3.28104  -4.43316  -4.43694  -3.69189  -5.42995  -3.92058  -4.11244  -4.60789  -3.87275  -3.5203   -5.11533  -5.08829  -4.8326   -5.17862  -3.71967  -3.83578  
data[1184      : 1215      ]: -4.65131  -4.51602  -4.44229  -5.40082  -3.99679  -4.44812  -4.76456  -4.13366  -3.72523  -4.48419  -3.71245  -3.84905  -5.01681  -4.2617   -4.09745  -4.41884  -4.28334  -4.01665  -4.677    -3.95495  -4.07518  -4.76158  -4.57658  -3.75244  -5.40315  -3.79411  -4.34662  -4.57892  -4.23022  -3.55542  -4.75094  -4.07696  
data[1216      : 1247      ]: -4.33082  -4.59288  -3.82422  -2.89148  -4.81132  -4.13451  -4.19964  -4.75566  -4.52638  -3.83446  -4.87669  -4.18791  -3.7621   -5.10498  -4.14316  -3.81453  -4.8839   -5.09272  -3.75364  -4.82859  -4.53392  -3.54775  -5.1075   -4.39012  -2.96879  -4.80654  -4.63058  -3.72645  -4.8064   -4.08967  -3.7355   -4.61684  
data[1248      : 1279      ]: -3.90302  -3.8825   -4.4236   -5.12136  -3.91878  -5.59226  -4.22166  -3.78208  -5.03592  -4.60039  -3.54924  -5.47043  -4.50047  -4.04003  -4.32676  -4.00994  -3.83723  -4.71322  -3.92471  -3.71038  -4.33743  -5.05399  -2.98834  -5.44384  -3.39324  -2.95842  -4.60758  -4.76523  -2.84027  -4.43832  -4.03302  -5.03423  
data[1280      : 1311      ]: -5.48637  -4.65448  -3.55309  -4.97253  -3.79009  -4.24523  -5.15831  -4.49657  -3.92254  -5.1676   -3.80149  -3.69964  -4.92891  -4.17091  -4.19401  -5.16552  -19.5459  -16.1332  -20.7429  -19.8923  -17.0387  -21.3105  -19.9528  -16.6892  -20.2983  -19.8188  -17.4889  -21.0564  -20.1253  -16.0338  -21.4002  -19.653   
data[1312      : 1343      ]: -16.5827  -21.0764  -20.5398  -17.4014  -21.1226  -20.0871  -16.8935  -21.7024  -19.9256  -16.6202  -20.8654  -20.1896  -17.2256  -22.0519  -20.1817  -16.5898  -20.8965  -19.8057  -17.0966  -21.2425  -19.5225  -16.7578  -20.3964  -19.9906  -17.2189  -20.6371  -19.9382  -16.2731  -20.9505  -19.8686  -15.8954  -21.3063  
data[1344      : 1375      ]: -20.4911  -16.2013  -20.3218  -20.0487  -15.6183  -20.9033  -20.6371  -17.2376  -21.0691  -20.6825  -16.3434  -20.5946  -20.4054  -16.1643  -21.6067  -18.8591  -16.8157  -20.3139  -20.2728  -17.0203  -21.2357  -19.3257  -15.757   -20.8772  -20.9338  -16.563   -21.1231  -19.4625  -16.5875  -21.0953  -20.2275  -17.2607  
data[1376      : 1407      ]: -21.2504  -21.0734  -17.4856  -21.0978  -19.75    -17.1529  -20.8924  -19.9729  -17.189   -21.4523  -19.6399  -16.7552  -21.374   -20.4386  -16.6759  -21.1653  -19.6815  -16.766   -21.5542  -20.1542  -17.1553  -21.6373  -19.9399  -16.6986  -21.0492  -19.0959  -16.1166  -19.8864  -18.8953  -16.8692  -21.546   -20.236   
data[1408      : 1439      ]: -16.614   -20.7898  -19.4329  -16.5249  -20.3528  -19.817   -16.6533  -21.2066  -19.6012  -16.7657  -20.1716  -19.6092  -17.1715  -20.8606  -19.9595  -17.2074  -21.3395  -19.7594  -17.1837  -21.3578  -19.2671  -15.5155  -20.8332  -20.2794  -16.5321  -21.2012  -19.6847  -15.9502  -21.3625  -19.9247  -16.2906  -20.6362  
data[1440      : 1471      ]: -1.82424  -2.32343  -1.88775  -1.83177  -1.76024  -1.83953  -2.01074  -2.19784  -1.79577  -1.80685  -2.29434  -1.85719  -2.54931  -1.93083  -1.65254  -2.14213  -2.3641   -1.63867  -1.95712  -1.75172  -1.73094  -2.01067  -1.70026  -1.33602  -2.20683  -2.43983  -1.90881  -2.16524  -2.21501  -1.46325  -2.87982  -2.52298  
data[1472      : 1503      ]: -1.63018  -2.47826  -2.66791  -1.68709  -2.54372  -2.88369  -2.52026  -2.01376  -2.32459  -1.6397   -2.93369  -2.44362  -2.35232  -2.29573  -2.23291  -1.73964  -1.48232  -1.77162  -1.52634  -2.27436  -2.34834  -1.76881  -2.76035  -2.008    -2.26083  -3.17066  -1.98646  -1.82262  -2.54867  -2.06772  -2.35628  -2.63097  
data[1504      : 1535      ]: -1.90343  -2.2578   -2.22618  -1.38256  -1.53473  -2.80657  -2.57123  -2.1887   -1.79283  -1.60155  -1.75386  -2.22033  -1.80429  -1.44121  -2.01135  -1.4407   -1.59658  -2.03035  -2.35687  -2.13841  -2.52514  -2.22065  -1.73746  -2.09114  -1.70843  -1.88058  -2.82752  -2.52302  -1.95358  -1.71511  -1.85445  -1.84287  
data[1536      : 1567      ]: -2.79392  -2.17842  -2.20079  -1.90357  -2.04049  -0.904026 -1.86665  -1.82202  -1.57365  -2.01943  -1.72801  -1.56584  -2.5298   -2.5251   -2.01099  -1.91202  -1.68332  -1.40823  -2.36272  -2.13933  -2.16595  -1.89012  -2.11302  -1.66029  -1.93119  -1.49732  -1.51277  -1.81996  -2.3582   -1.35447  -2.01019  -1.51757  
data[1568      : 1599      ]: -1.38385  -1.90227  -1.7758   -1.62589  -2.00149  -2.12445  -1.38948  -2.39518  -2.63664  -1.83387  -2.10451  -2.29591  -1.54106  -2.24773  -3.06756  -1.90696  -12.6512  -13.2054  -13.1623  -12.5518  -13.1669  -13.7862  -13.6014  -14.3099  -13.112   -13.5202  -13.6448  -14.0994  -13.4192  -13.5459  -13.6925  -12.8325  
data[1600      : 1631      ]: -12.8879  -13.1689  -12.9671  -12.7993  -13.8015  -13.0596  -13.9761  -13.1972  -12.606   -13.4975  -13.1427  -13.5145  -12.9025  -13.2051  -12.7442  -14.456   -12.8032  -13.3951  -13.2448  -13.8113  -12.8552  -12.5692  -13.5481  -13.5262  -13.4545  -12.994   -13.9323  -12.813   -13.4142  -12.2981  -13.6002  -12.448   
data[1632      : 1663      ]: -13.6868  -12.9134  -12.6999  -12.7358  -13.4108  -12.7846  -13.0861  -12.8303  -12.6275  -13.7836  -13.9233  -13.3402  -13.2691  -13.0976  -13.6933  -13.078   -13.116   -13.4645  -12.3306  -13.7257  -13.4485  -13.0398  -13.5989  -13.2551  -14.0156  -12.8891  -12.9112  -13.4755  -13.4553  -13.2248  -13.9832  -13.3324  
data[1664      : 1695      ]: -13.3143  -12.9116  -13.7594  -12.2311  -14.6095  -13.0793  -13.0895  -13.1672  -13.9848  -13.127   -13.6199  -12.8225  -12.9333  -13.5311  -14.0649  -12.7349  -13.1349  -13.0128  -13.0717  -13.176   -13.822   -13.2353  -13.8319  -13.9802  -14.0217  -12.8115  -13.3539  -12.9047  -13.6305  -12.7929  -12.9867  -13.5893  
data[1696      : 1727      ]: -13.5771  -13.7288  -13.7339  -14.0064  -12.9959  -13.3708  -12.114   -12.4057  -14.0457  -14.163   -12.9349  -13.4729  -13.1574  -12.8135  -14.3895  -13.1078  -13.0195  -12.7828  -14.1041  -13.7184  -13.721   -13.9108  -12.8537  -13.0643  -13.3125  -13.0454  -12.8938  -14.0434  -13.9164  -12.9513  -13.9447  -13.0942  
data[1728      : 1759      ]: -0.236167 0.501452  -0.413918 0.158447  0.468211  0.0689859 -0.336968 0.478806  -0.129858 -0.484346 -0.0442804-0.276308 -0.435525 0.622613  -0.377746 -1.19128  0.230096  -0.857141 -0.957771 0.734349  -0.466757 -0.388953 0.280094  -0.0549396-0.775831 0.0878843 -0.98674  -0.47902  0.111593  -0.326283 -0.320696 0.633205  
data[1760      : 1791      ]: -0.61696  -0.426299 0.491745  -0.307096 -0.337408 0.281416  -0.307804 -0.06710450.541603  -0.308501 -0.02745560.531508  -0.199885 -0.288276 0.309485  -0.508702 -0.211897 0.216696  -0.136955 -0.277532 0.171946  -0.255921 -0.511757 0.855282  -0.226204 -0.046812 0.705639  -0.259509 -0.236317 0.363062  -0.580849 -0.57513  
data[1792      : 1823      ]: 0.283449  -0.151707 -0.415989 0.329433  -0.483213 -0.697565 0.257767  -0.248328 -0.141519 0.694647  -0.511525 -0.122695 0.834673  0.0333143 -0.517805 0.270122  -0.508324 -0.344491 0.414415  -0.947064 -0.303846 0.367717  -0.108278 -0.88679  0.332171  -0.835588 -0.72036  0.392977  -0.390416 -0.650466 0.47084   -0.50105  
data[1824      : 1855      ]: -0.864492 0.589477  -0.565625 -0.08384010.870203  -0.943476 -0.755796 0.335313  0.104667  -0.462417 0.575871  -0.49206  -0.327087 0.559954  -0.401841 -0.50722  0.380469  -0.306359 -0.492673 0.335266  -0.61183  -0.297771 0.74209   -0.649427 -0.210927 0.505404  -0.205891 0.112158  0.0827703 -0.928842 -0.124142 0.483926  
data[1856      : 1887      ]: 0.0867764 -0.627931 0.450058  -0.431486 -0.08303170.572769  -0.124073 -0.564851 0.549907  -0.124874 -0.468523 0.528554  -0.225858 -0.647616 0.25532   -0.217826 -34.8023  -38.8289  -37.0204  -35.7814  -40.495   -37.681   -35.9073  -39.1627  -37.5134  -34.8431  -38.7292  -37.2156  -35.9633  -40.5203  -37.488   -35.7435  
data[1888      : 1919      ]: -39.9728  -37.22    -35.3354  -39.2452  -37.4226  -35.187   -40.2892  -38.0544  -35.4615  -40.3071  -37.7926  -35.1086  -39.9693  -36.7262  -36.8692  -40.0216  -38.2943  -35.51    -40.3929  -37.4597  -35.0327  -39.381   -37.3453  -35.8104  -39.7346  -37.689   -36.0519  -40.3035  -37.6043  -34.7019  -38.5541  -35.9083  
data[1920      : 1951      ]: -35.0528  -39.4957  -37.5368  -35.5255  -38.849   -37.578   -34.1772  -38.5784  -36.2446  -35.3981  -39.5337  -37.6678  -34.563   -39.798   -37.1092  -34.3061  -38.6841  -36.347   -35.6203  -40.4086  -37.5566  -35.142   -39.7944  -37.1633  -34.9896  -38.0967  -36.935   -35.6729  -40.1619  -37.6895  -35.3325  -38.3747  
data[1952      : 1983      ]: -37.1866  -35.647   -39.067   -36.728   -36.0048  -40.4992  -37.7041  -35.7726  -39.8362  -38.4407  -34.598   -38.1947  -36.6561  -35.7453  -41.1344  -37.9017  -35.6825  -39.38    -37.858   -34.6764  -38.7582  -37.4648  -35.638   -39.9807  -37.681   -35.5262  -39.1278  -37.858   -34.1865  -39.8821  -36.2555  -36.1606  
data[1984      : 2015      ]: -39.9567  -38.3603  -35.852   -40.2433  -37.1861  -34.8981  -38.1625  -36.3252  -35.684   -40.1094  -37.1817  -35.8716  -39.6795  -37.3459  -34.1073  -39.0729  -36.6032  -35.6251  -39.7708  -37.5177  -34.6379  -40.2069  -36.9241  -35.2989  -38.9629  -37.0609  -35.4726  -39.432   -37.5721  -35.644   -39.478   -37.6289  
data[2016      : 2047      ]: 4.20239   4.76203   5.09345   4.06507   4.50343   5.08363   4.34677   5.16755   5.45774   4.38863   4.96685   5.41866   4.1514    5.35915   5.07921   4.61415   4.47512   5.18446   4.24656   4.71253   5.03125   3.90053   5.27163   4.54508   5.12629   5.13829   5.95767   4.51869   5.53785   5.83341   3.74487   3.68749   
data[2048      : 2079      ]: 5.1584    4.39311   5.69816   6.09854   3.77457   4.69307   4.68459   4.12152   4.38317   5.82009   3.60357   5.46231   5.53191   4.23084   5.49966   4.95014   4.57221   4.76792   5.19298   4.32176   5.34879   5.4706    4.36415   4.61295   5.64569   3.93742   4.84574   4.87951   4.68645   5.60338   6.11165   3.85105   
data[2080      : 2111      ]: 4.43226   5.39849   3.54845   5.31656   4.91058   4.24088   5.14105   5.55378   4.52528   4.79988   5.43483   4.16824   4.63004   4.36513   4.73568   5.32594   4.70458   5.43252   5.11816   5.69972   3.43899   4.70366   5.69918   5.08844   5.32368   5.98311   4.32849   4.05191   4.93273   4.03967   4.70246   4.80776   
data[2112      : 2143      ]: 5.13493   5.12357   5.12518   4.70838   4.96592   5.42492   5.02452   4.11775   5.52141   4.76172   5.15649   5.86596   3.98181   3.83092   5.24447   4.14931   4.94348   4.87482   4.66424   4.78933   5.79825   4.34002   4.22594   5.88963   4.54916   4.04087   5.49557   4.6831    5.1814    5.16948   4.47784   4.39652   
data[2144      : 2175      ]: 5.35696   4.04194   4.98082   4.29813   4.44115   4.27248   5.8246    4.32004   4.7092    4.98972   4.56663   5.19063   4.90682   4.27761   5.37094   5.75834   1.18035   1.45068   -0.577755 1.39526   1.64405   -0.552572 1.37605   1.53374   -0.456321 1.41772   1.5848    -0.760554 1.12008   1.7599    -0.643355 1.35922   
data[2176      : 2207      ]: 1.81687   -0.844224 1.2765    1.87843   -0.504588 1.57883   1.39903   -0.539232 1.31889   1.5814    -0.611475 1.05498   1.6181    -0.856961 1.40634   1.78269   -0.568694 1.07481   1.65355   -0.779852 1.4209    1.68567   -0.578489 1.28826   1.50713   -0.70645  1.37008   1.71569   -0.782969 1.18189   1.5064    -0.748803 
data[2208      : 2239      ]: 1.39257   1.58695   -0.54927  1.18639   1.34118   -0.630791 1.16033   1.69391   -0.63567  1.17034   1.50774   -0.650564 1.42787   1.72521   -0.447751 1.40664   1.78976   -0.703883 1.35753   1.50459   -0.865526 1.20162   1.77193   -0.618556 1.34996   1.5129    -0.529892 1.34173   1.28631   -0.542919 1.42236   1.73524   
data[2240      : 2271      ]: -0.803937 1.29232   1.37028   -0.525673 1.49908   1.50393   -0.406047 1.36102   1.43991   -0.649202 1.4296    1.43085   -0.746964 1.40492   1.5898    -0.776073 1.18085   1.53602   -0.809048 1.17232   1.48018   -0.615927 1.23668   1.48908   -0.427811 1.24924   1.46313   -0.73144  1.4045    1.69001   -0.708124 1.1001    
data[2272      : 2303      ]: 1.3086    -0.589376 1.57647   1.38396   -0.955806 1.37955   1.73726   -0.734328 1.37416   1.78361   -0.754647 1.11924   1.47686   -0.800243 1.37871   1.56134   -0.834158 1.23892   1.42362   -0.498937 1.61628   1.45703   -0.64705  1.3292    1.5161    -0.488338 1.51545   1.45464   -0.662901 1.46172   1.66487   -0.50846  
Time 12981580 ns: producer080000001 finish sending data!
