Time 12037850 ns: ack for producer080000003's req!
Time 12037880 ns: producer080000003 is sending data!
data[0         : 31        ]: 0.196437  0.287885  0.469571  0.112646  0.31937   0.314793  0.163852  0.246426  0.215971  0.515257  0.433188  0.550033  0.409192  0.366887  0.429176  0.231403  0.32823   0.268164  1.18207   0.595959  0.439701  0.539095  0.479531  0.556383  1.006     0.308622  0.378258  0.157465  0.317121  0.101455  0.124026  0.219526  
data[32        : 63        ]: 0.125766  0.125976  0.0146002 0.0744441 0.648142  0.346059  0.328977  0.394393  0.341771  0.585219  0.265591  0.372969  0.259829  0.114815  0.292559  0.0684086 0.224915  0.252373  0.180931  0.160911  0.335976  0.161792  0.188386  0.0959276 0.237634  0.237974  0.283568  0.141221  0.241799  0.202579  0.009575860.0255561 
data[64        : 95        ]: 0.179893  0.0243214 0.0243946 0.154777  0.0946944 0.0507726 0.0831443 0.0381761 0.880619  0.532927  0.363662  0.750957  0.637606  0.44194   0.488139  0.506875  0.656572  0.341518  1.03347   0.399307  0.553625  0.769846  0.429443  0.377753  0.75133   0.497689  1.04804   0.709998  0.435892  0.958592  0.444644  0.640294  
data[96        : 127       ]: 0.782187  0.493528  0.620968  0.317117  0.396899  0.413493  0.439604  0.302258  0.317619  0.458967  0.410842  0.420642  0.0681782 0.0460231 0.211899  0.0613426 -0.02809730.164295  0.160502  0.112378  0.117885  1.34163   1.42953   1.22899   1.1704    1.19176   1.15216   1.25409   1.04369   1.00086   0.286822  0.328801  
data[128       : 159       ]: 0.684043  0.311437  0.295092  0.56815   0.218871  0.403497  0.672618  0.0466096 0.0706785 0.0221469 0.0169866 0.0223163 0.0364896 0.0320225 0.0376406 0.0352257 0.302896  0.0751895 0.0624202 0.231606  0.0737888 0.0160658 0.219396  0.0624525 0.0800047 0.500187  0.199476  0.12525   0.438321  0.193995  0.259264  0.507674  
data[160       : 191       ]: 0.302314  0.004696910.329543  1.14133   0.161948  0.230587  0.982268  0.299569  0.362069  1.08711   0.210078  0.0457038 0.0153183 0.408123  0.0485783 0.0437501 0.302146  0.0610808 0.009270120.432006  0.377908  0.317966  0.176199  0.37525   0.181801  0.17509   0.270453  0.444852  0.168942  0.0246906 -0.03285360.472753  
data[192       : 223       ]: 0.0179032 0.0371211 0.655481  -0.000323336-0.06496530.587104  0.0964838 0.114591  0.1117    0.19025   0.147254  0.192116  0.146277  0.175646  0.05942   -0.00821752-0.06731280.24073   -0.00163055-0.03350360.224123  -0.01131550.0073203 0.1803    0.520037  0.321474  0.295534  0.565885  0.296417  0.291904  0.606036  0.222145  
data[224       : 255       ]: 0.426457  0.434095  -0.05020931.068     0.423059  -0.095566 0.991521  0.352011  0.0123957 1.11044   0.591668  0.931134  0.0934493 0.488561  1.05781   0.0606304 0.505158  0.970624  0.124885  0.319357  0.185901  0.210568  0.24517   0.174252  0.255393  0.237658  0.214825  0.183203  0.0857682 -0.005565370.110854  0.11006   
data[256       : 287       ]: -0.002278070.0937124 0.112812  -0.01504930.0506198 1.29321   0.478966  0.255976  1.20122   0.622782  0.26131   1.36554   0.487028  0.277478  0.293244  0.0784141 0.040465  0.2788    0.0358726 0.0863086 0.30374   0.0592557 -0.00045320.0009307670.106864  0.0003503120.008922810.129321  0.0199482 0.0393927 0.148944  0.00591156
data[288       : 319       ]: -0.01315610.0208079 0.0394246 0.387434  0.274964  0.275013  0.217924  0.173009  0.1538    0.0726981 0.204901  0.16125   0.281125  0.437795  0.321373  0.51304   0.269188  0.393931  -0.007457090.261232  -0.03205090.236578  0.432656  0.142861  0.213876  0.640307  0.371798  0.0175231 -0.02697710.0313944 0.0279907 -0.0390027
data[320       : 351       ]: 0.239803  0.0214419 0.002706890.137291  0.0226348 0.0860121 -0.009148420.189477  0.259463  0.193628  0.295248  0.289806  0.218125  0.00385308-0.04419170.0934508 0.1014    0.022935  0.264898  -0.007067060.0377289 0.256812  0.005047230.002862  0.03686   0.220115  0.244656  0.246089  0.128188  0.124304  0.112514  0.00533819
data[352       : 383       ]: -0.02550810.0679204 0.001417340.0114734 0.0527368 -0.0003868470.020862  0.0464284 0.160525  0.103514  0.109532  0.48153   0.375997  0.517765  0.432128  0.329922  0.411804  0.131822  -0.005354820.269352  0.236456  0.173225  0.490986  0.226031  0.0730704 0.550514  0.0227164 0.240804  -0.006094360.467687  0.661628  0.389256  
data[384       : 415       ]: 0.391408  0.596     0.299092  -0.0219508-0.03146680.0701237 0.253986  0.288749  0.307521  0.208312  0.256569  0.328824  0.0405269 0.02103   -0.04574210.0630327 0.001275990.0809674 0.0833107 0.0478899 0.0646461 0.363842  0.281792  0.188684  0.795291  0.464698  0.47938   1.07977   0.777458  0.615198  0.0832463 0.0422532 
data[416       : 447       ]: 0.0271609 0.15346   0.15472   0.0521937 0.184722  0.152062  0.137007  0.0002268140.012027  -0.016616 0.008314720.0143169 -0.00828704-0.004411190.0222165 0.007787261.97135   2.28305   1.88292   1.09874   1.16382   0.982228  1.4326    1.90162   1.56072   4.47631   4.42257   4.34869   3.52295   3.38387   4.0082    3.26575   
data[448       : 479       ]: 3.57904   3.71657   3.07837   3.14345   4.13624   2.54169   2.40219   3.51699   2.43698   1.90842   3.01579   0.446825  0.0223717 0.0453178 0.363938  0.0440413 0.15388   0.313751  -0.0548436-0.06512772.30652   2.64276   3.05776   1.58712   2.08387   2.02878   1.5663    1.70107   2.29787   1.06881   -0.148635 0.00805611
data[480       : 511       ]: 0.4522    -0.40997  -0.437217 0.883411  -0.455655 -0.193466 1.5615    1.0999    1.53155   1.07818   0.708911  0.906372  1.23454   0.927517  1.40833   0.495477  0.110166  -0.118238 0.504753  -0.00601678-0.176365 0.29034   0.196467  -0.304883 4.55783   5.05688   6.03443   3.49284   3.87991   4.61795   3.77204   3.5469    
data[512       : 543       ]: 5.43056   3.73824   2.93339   3.20642   3.17316   1.97972   2.54715   2.70672   2.34526   2.39361   3.48539   4.28417   4.85902   1.83915   2.17329   3.42026   2.65857   3.18868   3.84613   2.04909   2.2501    2.40587   1.81475   2.11938   1.92197   1.74889   1.44968   1.71338   1.39118   0.972784  0.682368  1.09099   
data[544       : 575       ]: 0.936369  0.683955  0.811844  0.794726  0.325894  9.70684   12.078    11.6827   8.3374    10.6028   10.8171   7.79471   9.66623   10.0886   2.96105   3.61579   2.65907   2.77056   3.25483   2.43534   2.34715   3.08097   1.63391   0.0361407 -0.04408540.0373631 -0.0407232-0.113792 0.0559653 0.00374121-0.05923460.0505021 
data[576       : 607       ]: 5.33669   4.94208   5.27209   4.945     6.00655   5.68207   5.74308   5.70998   6.52732   10.9971   10.7706   10.8148   11.1532   11.674    11.1259   11.0262   11.1054   11.5662   11.4317   9.99884   9.80921   11.929    10.4379   9.53009   11.983    10.5035   10.4791   1.21239   1.77413   1.28725   1.66427   2.02217   
data[608       : 639       ]: 1.2873    1.39453   1.84931   1.35245   7.71041   6.88389   7.23168   8.18555   7.2174    7.08335   7.44293   7.48823   7.07811   1.29588   2.52783   1.38227   1.69237   2.76654   1.45263   1.30644   2.49278   1.34368   4.02978   3.51369   3.59789   4.13111   4.49592   3.98798   4.08951   3.96645   4.02995   0.488108  
data[640       : 671       ]: 0.836155  0.936628  0.357808  1.15173   0.929499  0.599142  0.768179  0.868718  12.0751   12.6805   11.9568   13.0315   12.6051   12.867    12.7514   13.5917   11.94     9.16002   9.8063    8.75368   9.22445   10.8215   8.85532   9.64706   10.1899   8.85014   13.455    12.1904   11.1607   14.0929   12.1272   12.154    
data[672       : 703       ]: 13.76     11.8256   11.9478   6.56928   6.7564    6.38544   7.24265   7.07811   7.05283   6.52281   7.4085    7.2183    2.39847   2.58375   3.15074   2.26151   2.6334    3.00167   2.58819   2.76671   3.19141   27.5739   25.7041   27.8841   28.5239   27.2155   28.1429   29.0668   27.4566   29.4878   6.88853   6.52848   
data[704       : 735       ]: 8.25672   6.49645   6.15664   8.00348   6.79763   7.09323   8.20366   0.361915  0.246521  0.240442  0.535574  0.267875  0.286021  0.47059   0.299105  0.366873  -1.90603  -1.73385  -1.4568   -2.31302  -2.0089   -1.36261  -1.65629  -1.60012  -1.50752  -4.62158  -3.7072   -3.57311  -3.82813  -3.91896  -3.42589  -3.78465  
data[736       : 767       ]: -3.97234  -3.32855  -2.43223  -3.12047  -4.7568   -3.17969  -3.15279  -5.11984  -3.06313  -3.15205  -4.74935  -0.300183 -0.378013 -0.20237  -0.245325 -0.281942 -0.11172  -0.64587  -0.368609 -0.429825 -2.61381  -2.75887  -2.94508  -2.44423  -2.32999  -2.81329  -2.54464  -2.47276  -2.82589  -0.615224 -0.215478 -0.611728 
data[768       : 799       ]: -0.330479 -0.285702 -0.338501 -0.621913 -0.372203 -0.573202 -0.751157 -1.1555   -1.13143  -1.61137  -0.966614 -1.41086  -0.847759 -1.20533  -1.25815  -0.239163 -0.0819128-0.249764 -0.160024 -0.155867 -0.171618 -0.163124 -0.29034  -0.113912 -4.32243  -4.4617   -4.04662  -4.11047  -4.55347  -3.70982  -4.07987  -4.45741  
data[800       : 831       ]: -3.37495  -3.60624  -3.03913  -2.21471  -2.76735  -2.68148  -2.46937  -2.80025  -2.70509  -1.80212  -3.93937  -4.6774   -5.35434  -3.68665  -3.57163  -5.43819  -3.7673   -4.0775   -5.04457  -2.23106  -2.09547  -2.26055  -1.93668  -1.9142   -2.39476  -1.81371  -2.24522  -2.23909  -0.989303 -0.715303 -0.471092 -0.952019 
data[832       : 863       ]: -0.817434 -0.318494 -1.00437  -1.0292   -0.549088 -10.1241  -10.5691  -8.6462   -10.0844  -10.0943  -8.071    -9.36386  -9.52138  -8.15498  -2.92856  -2.25013  -1.83027  -2.63104  -2.27819  -1.66051  -2.69148  -2.44181  -1.5343   -0.0867684-0.10825  -0.149253 0.0109434 -0.10898  -0.160576 -0.0375675-0.0811274-0.173342 
data[864       : 895       ]: 9.40632   10.1136   9.99221   10.2624   10.7529   11.4423   9.77343   10.4516   10.2835   18.924    19.8718   19.1613   19.8973   20.7804   20.7004   19.6057   20.4397   20.0973   19.463    16.7349   18.7181   20.3186   16.9775   19.6358   19.8454   17.3692   19.3841   2.27505   3.34733   1.62221   2.32368   3.38316   
data[896       : 927       ]: 1.8318    2.47477   3.62572   2.0986    13.0859   12.4508   13.3023   13.6114   13.8375   13.8836   13.9179   13.0753   13.9313   2.65297   4.42437   1.59163   2.764     4.70895   1.86705   2.635     4.47963   1.58884   6.23447   6.58166   6.4719    7.33634   6.89894   7.3586    6.71712   6.96711   6.81983   1.30067   
data[928       : 959       ]: 1.83994   1.35976   1.55725   1.89125   1.44845   1.23319   1.9669    1.37258   22.4102   23.3819   23.2867   23.4907   24.3124   24.2975   23.2588   24.1238   24.0454   15.2447   18.9794   14.1851   15.7795   19.8818   14.719    15.4079   20.1265   14.5885   22.1779   20.5624   22.3491   23.4821   21.0241   23.2525   
data[960       : 991       ]: 23.272    21.3148   23.1968   11.6152   12.1334   12.0584   12.3949   12.7075   12.4631   12.119    12.6286   12.1106   4.41537   4.94842   4.93982   4.49995   5.04458   4.98366   4.83185   5.29997   5.14688   47.547    50.9667   51.6329   49.1577   51.764    53.1205   49.1699   53.3032   53.6415   12.578    13.4773   
data[992       : 1023      ]: 14.8635   12.8269   13.6934   15.0421   13.0821   14.1307   15.3175   0.801483  0.451249  0.703399  0.848785  0.300152  0.681086  0.854256  0.402584  0.748247  1.88665   2.35854   2.2864    2.21732   2.49298   2.10618   2.54974   2.52963   2.41209   5.5174    5.12253   5.48322   4.69427   4.77206   5.23273   5.64808   
data[1024      : 1055      ]: 5.13313   5.95311   4.4268    3.98734   5.59124   4.50285   4.37614   5.20711   4.66782   4.31333   6.56089   0.654566  0.21227   0.44656   0.804345  0.205871  0.553051  0.550483  -0.09732820.27897   3.15364   2.53725   4.03333   3.11208   3.16732   3.50682   3.27913   2.49072   3.97697   0.954768  0.156139  0.281049  
data[1056      : 1087      ]: 0.782206  0.259376  0.39004   0.939274  0.0985907 0.447794  1.93743   1.37174   1.82829   2.14163   2.07722   2.25578   2.15726   1.53076   2.18129   0.241923  0.216717  -0.07717840.147137  0.323025  -0.01757820.420136  0.250695  0.0261449 6.21564   6.1162    6.76096   5.78031   6.08127   5.6794    5.73928   5.99805   
data[1088      : 1119      ]: 6.73064   4.7824    3.67363   3.68914   4.56675   3.37679   3.5505    4.61183   3.41999   3.76746   4.54047   5.4149    6.31183   4.54406   4.74267   6.27283   4.8394    5.47393   6.08849   2.92504   3.38459   3.00535   3.21294   3.14885   3.08735   2.72951   2.84936   2.95135   1.04835   1.30605   0.537467  0.904744  
data[1120      : 1151      ]: 1.50563   0.699557  0.90922   1.16811   0.80959   12.9672   12.995    13.5757   12.3565   14.0007   13.1362   13.0602   13.1256   14.0719   3.60159   3.43799   3.16715   3.04004   3.8288    3.04747   3.41103   3.99965   2.79556   0.0226462 0.0778676 0.182521  -0.04128460.0881471 0.064183  0.001178150.0481487 0.0962832 
data[1152      : 1183      ]: -1.84359  -2.84196  -2.68017  -3.37998  -3.46028  -3.80808  -2.86325  -3.47704  -3.28954  -4.96842  -5.57068  -5.59074  -6.30545  -6.41992  -6.70495  -6.13903  -6.51152  -6.42846  -5.12519  -5.43624  -4.70812  -6.21527  -6.32939  -5.91482  -6.16658  -6.10375  -5.7743   -1.01104  -0.445831 -0.859917 -1.05642  -0.546344 
data[1184      : 1215      ]: -0.983839 -0.991103 -0.604461 -0.545953 -3.73652  -3.82666  -4.11926  -3.71144  -4.33273  -3.35447  -3.93367  -4.12305  -4.42584  -1.21095  -0.532799 -0.670522 -1.11335  -0.985529 -1.12179  -1.26779  -0.594134 -0.832499 -1.79646  -2.36619  -1.95897  -2.83721  -1.97544  -2.52951  -2.62957  -2.56984  -2.56264  -0.211413 
data[1216      : 1247      ]: -0.754663 -0.353462 -0.300112 -0.47816  -0.290424 -0.271592 -0.723865 -0.446497 -7.56844  -6.05556  -7.45888  -8.27042  -7.17356  -7.97501  -8.36826  -7.47904  -8.21642  -6.32816  -4.64228  -5.72136  -6.04509  -4.82984  -6.22398  -6.66376  -5.53668  -6.44935  -6.68532  -6.20484  -6.64741  -7.06978  -6.68482  -6.87747  
data[1248      : 1279      ]: -8.14462  -7.40029  -7.84329  -3.80642  -3.39872  -3.60662  -4.25551  -4.14875  -4.74985  -4.39329  -3.99764  -4.00607  -0.975204 -1.36676  -1.20475  -1.2103   -1.4134   -1.668    -1.30725  -1.31094  -1.49866  -13.9059  -15.0409  -14.7345  -15.7406  -16.5655  -15.5623  -16.2461  -16.6428  -16.2904  -3.15305  -4.95272  
data[1280      : 1311      ]: -3.86876  -3.08612  -4.82206  -4.14168  -3.64022  -5.60246  -4.33927  -0.113735 -0.138403 -0.186449 -0.129194 -0.120306 -0.294478 -0.0759334-0.154499 -0.289102 -0.783256 -0.539421 -0.722624 -1.50685  -0.585985 -1.50088  -1.00234  -1.04846  -0.541415 -2.01691  -1.59816  -1.96394  -2.86734  -1.46433  -2.11346  -3.28662  
data[1312      : 1343      ]: -2.35433  -2.63688  -2.3964   -1.53421  -0.6633   -2.20414  -2.59757  -1.19688  -3.02371  -2.49428  -1.18948  -0.212585 0.336427  -0.502078 0.0470339 -0.0137962-0.207567 -0.113978 0.338385  -0.464399 -1.49613  -1.57082  -0.884243 -2.64817  -2.05253  -2.31266  -2.50848  -2.02865  -1.52568  -0.200698 0.208245  -0.511935 
data[1344      : 1375      ]: -0.607187 0.0140412 -0.967674 -0.133702 0.144987  -0.75368  -0.849226 -0.274161 -0.780009 -0.805684 -0.744386 -0.611653 -0.919691 -0.468876 -1.00942  0.208829  0.0713949 -0.137408 0.0762629 0.0578687 -0.08149910.0656735 0.0504289 -0.208976 -3.11034  -1.5047   -2.40185  -3.69567  -3.21395  -2.98537  -4.07065  -2.80556  
data[1376      : 1407      ]: -3.53625  -1.98756  -0.739551 -2.69752  -2.67705  -0.463701 -4.06532  -2.84028  -1.29636  -3.74527  -1.7936   -2.61714  -0.294185 -3.19369  -4.10578  -1.71739  -3.53963  -3.83569  -1.40206  -1.22384  -0.232041 -0.917536 -1.7796   -1.8848   -1.18465  -1.77793  -0.464198 -1.59277  0.148055  -0.117772 -0.241536 -0.345724 
data[1408      : 1439      ]: -0.137953 -0.312193 0.207587  -0.069846 -0.517881 -5.67295  -3.4473   -4.47628  -7.51163  -4.59305  -5.9152   -8.25083  -5.91282  -6.54078  -0.744725 0.097213  -0.773087 -1.33383  -0.776335 -1.1806   -1.45586  -0.422317 -1.07585  0.0434185 -0.0421611-0.04531610.112987  -0.04609630.113559  0.0867465 -0.110724 -0.0566104
data[1440      : 1471      ]: -0.02615020.0880861 0.058099  0.009484210.0843069 0.0216546 0.176478  -0.0352592-0.04224740.204153  0.335486  0.22226   0.144844  0.159277  -0.071503 0.142865  0.0608498 0.0756197 0.179797  0.283114  0.63714   0.204953  0.1084    0.33522   0.169991  0.223867  0.416525  0.0216031 0.0373249 -0.0421135-0.00899140.0252516 
data[1472      : 1503      ]: 0.0129746 -0.0215444-0.0350363-0.02446760.239792  0.127079  0.282097  -0.01781080.0631882 0.108696  0.0978    0.100496  0.0166368 0.009618990.006615950.00726635-0.102354 -0.07766810.00906019-0.0470079-0.0262493-0.0005285790.008657370.1467    0.0854781 0.0658544 0.0252761 0.086051  0.0601116 0.0006587170.0828019 0.0257144 
data[1504      : 1535      ]: 0.0122992 0.0367596 0.0168397 -0.0318553-0.00701314-0.000508816-0.01583260.0226446 0.241636  0.360272  0.147563  0.11005   0.165752  0.0781043 0.133904  0.345575  -0.03608660.149573  0.289863  0.156679  -0.07188570.0726268 -0.0661917-0.145864 0.178933  0.065314  0.157094  0.357563  0.573691  0.0179087 0.0612697 0.28092   
data[1536      : 1567      ]: 0.167878  0.353253  0.357049  0.0691755 0.292915  0.113253  -0.004127 0.137715  0.0934989 0.0265508 0.190445  -0.04367360.0877959 0.0390663 0.0337273 0.0010738 -0.00684287-0.04082310.111155  0.0360522 -0.002465720.604032  0.796122  0.314306  0.428986  0.375858  0.126211  0.288961  0.396332  0.0885916 0.224609  0.155686  
data[1568      : 1599      ]: 0.0605248 0.150479  0.107123  0.008145960.102233  0.141898  0.00527809-0.00735729-0.0507183-0.004843570.0230945 0.0447271 0.0375863 -0.0135834-0.04733870.0421857 0.0936109 0.0281361 0.038817  0.0891985 0.0260524 0.0677331 0.106901  0.0681002 0.0501242 0.238294  0.101436  0.152381  0.221591  0.0651118 0.101055  0.235257  
data[1600      : 1631      ]: 0.0299613 0.250524  0.329874  0.278454  0.303801  0.208703  0.507274  0.0176255 0.280797  0.438826  0.233124  0.0900109 0.0169601 0.104262  0.169534  0.0278493 0.126774  0.0905078 -0.002241890.171703  0.27172   0.0644702 0.0790164 0.184918  0.0489773 0.197104  0.179745  0.222064  -0.09931120.200707  0.028762  0.209647  
data[1632      : 1663      ]: 0.203183  0.0190589 0.220087  0.160104  0.0109264 0.167832  0.141037  -0.02624750.08683   0.0737845 0.052534  -0.005391240.17869   0.0132042 -0.006449280.0256168 0.0653106 0.0391773 -0.02341120.0305492 0.0824832 0.0489135 0.0976693 0.0606994 0.379356  0.171989  0.211772  0.306934  0.07489   0.164331  0.326487  0.204192  
data[1664      : 1695      ]: 0.232134  0.488719  0.0780478 0.385355  0.473139  0.0026494 0.417218  0.609556  0.0283575 0.312899  0.26723   0.385654  0.057199  0.325828  0.356628  0.123669  0.241225  0.340159  0.138244  0.158187  0.217393  0.215107  0.288642  0.115082  -0.000231110.0796189 0.0608572 0.193774  -0.03903220.0437829 -0.013124 0.0458092 
data[1696      : 1727      ]: 0.0284145 0.03765   0.129582  0.0412807 0.009851710.689699  0.163127  0.290282  0.641828  0.127392  0.174475  0.538153  0.266393  0.294947  0.0751433 0.162041  0.102113  0.0128586 0.183419  0.0832242 0.0677033 0.150951  0.170866  0.0150783 0.0882857 -0.000887759-0.01890240.006409210.0026142 0.004545130.0509289 0.0253587 
data[1728      : 1759      ]: 11.4658   12.1778   12.1933   13.6256   13.4319   13.8332   12.2635   12.3588   11.6829   23.0482   24.9458   25.5932   24.1157   25.9478   26.4204   24.6357   26.0396   26.4498   20.6429   21.3615   24.4117   22.2875   21.8965   26.2935   22.4643   22.4397   25.5586   2.60922   2.52742   2.83398   2.43865   2.67253   
data[1760      : 1791      ]: 2.30739   3.13672   2.79557   2.82109   14.9264   16.3291   17.194    16.6295   17.0853   18.8592   16.1569   17.2561   18.2338   2.65501   2.76548   2.16978   3.094     3.276     2.81605   2.88398   2.98461   2.63993   8.27256   8.66171   8.77534   8.55941   8.35035   8.99097   8.53913   8.93519   9.18047   1.72022   
data[1792      : 1823      ]: 1.53031   1.22603   1.94764   1.25342   1.20172   1.75785   1.5366    1.18162   27.4973   29.343    29.4298   28.2228   31.2886   30.9279   28.5881   30.4826   31.1043   18.3512   20.6653   19.3148   19.6141   20.736    20.6859   19.2848   21.4966   20.3677   24.8328   26.2556   28.5759   26.2699   27.5288   30.5923   
data[1824      : 1855      ]: 26.9499   27.4462   29.5885   14.4546   14.4889   15.7615   14.1011   15.753    16.3469   14.7707   14.9532   16.4281   5.63435   5.96721   5.20803   5.93728   5.88425   5.14019   6.01389   6.6761    5.71845   59.0457   65.0026   64.5185   62.8857   66.8038   67.1153   62.7117   68.0096   67.297    17.7684   16.7654   
data[1856      : 1887      ]: 16.7357   17.6268   17.2743   16.887    18.2008   17.3241   16.7452   0.447125  0.532783  0.638409  0.616919  0.449464  1.00604   0.528264  0.434644  0.640623  1.07774   0.893434  0.829971  1.19411   0.65616   1.09292   0.705468  1.23017   1.10265   1.17402   1.34838   1.00484   2.08178   1.75399   2.37533   1.26299   
data[1888      : 1919      ]: 2.15717   0.918764  1.27139   1.46579   1.39315   1.66759   1.88823   1.27586   1.47711   2.09044   1.28308   0.448878  0.0456926 0.171929  0.32583   0.166002  0.11952   0.460684  0.210389  0.264113  0.605417  1.26517   0.915229  1.26897   1.27547   1.14698   0.891884  1.39181   1.14727   0.471247  0.115906  0.060059  
data[1920      : 1951      ]: 0.785345  0.105465  0.206046  0.522031  0.0932627 0.124008  0.531567  0.345681  0.630242  0.707714  0.500452  0.879151  0.917139  0.45962   0.504586  0.301301  0.176883  -0.09837160.440378  0.160873  0.0777459 0.386937  0.12223   -0.009506321.83843   1.72568   1.98397   2.17014   1.92673   2.33025   2.51137   2.11104   
data[1952      : 1983      ]: 2.29708   1.76711   0.631928  1.31426   1.62713   1.36823   1.58016   2.36476   1.27044   1.59947   0.972116  2.00125   2.0407    1.76225   2.34769   2.24696   1.78808   1.97479   1.94243   0.833726  0.819666  0.828163  0.768721  1.33378   1.31006   1.3454    1.13117   1.28291   0.644638  -0.04805160.287532  1.12575   
data[1984      : 2015      ]: 0.521669  0.222909  0.637699  0.183582  0.361062  3.45992   4.80069   4.30001   4.23598   4.79756   4.61461   4.32788   5.4158    4.94739   1.35399   1.23283   1.03252   1.29191   1.15912   0.91771   1.54062   1.69284   1.35118   0.0416592 -0.0269837-0.01178970.003932130.002820470.0412812 -0.009345950.0012222 0.0570218 
data[2016      : 2047      ]: -4.84508  -4.07372  -4.11547  -4.2291   -3.56947  -3.28041  -3.78888  -3.38302  -3.80171  -7.3955   -8.03116  -6.47771  -8.44848  -8.0441   -6.62549  -6.71993  -6.99389  -5.29444  -8.13919  -7.9821   -8.31583  -7.82381  -7.36709  -7.8286   -7.10365  -6.91101  -7.1044   -0.431108 -1.53564  -0.70643  -0.633865 -1.25989  
data[2048      : 2079      ]: -0.778209 -0.908423 -1.76698  -1.09338  -5.15034  -5.4209   -4.70491  -4.67187  -4.87598  -4.88875  -5.23138  -5.42753  -4.80648  0.181443  -1.59526  -0.727194 0.169613  -1.50489  -0.572766 0.217454  -1.59031  -0.77618  -2.52152  -2.63245  -2.60963  -2.13003  -2.7492   -2.27096  -2.40552  -2.2946   -2.09235  -0.0763933
data[2080      : 2111      ]: -0.315904 -0.479938 -0.165605 -0.54586  -0.638791 -0.037802 -0.358499 -0.393937 -9.45898  -9.6268   -7.68501  -9.69069  -8.5847   -8.10492  -8.2772   -8.75371  -6.58009  -4.07081  -8.44647  -4.38781  -3.99202  -8.25869  -3.91976  -3.81139  -7.65576  -3.98232  -9.84039  -9.13793  -8.92053  -9.67963  -8.34079  -9.42742  
data[2112      : 2143      ]: -8.60248  -8.48635  -8.30297  -4.35761  -5.41412  -4.11386  -4.67132  -5.21936  -4.98923  -4.41863  -5.19254  -4.29074  -1.63525  -1.29841  -1.75364  -1.75531  -1.48332  -1.57016  -2.10877  -1.33309  -1.95539  -21.1959  -20.0023  -17.1877  -20.0956  -19.6263  -16.4787  -18.819   -18.9964  -15.3754  -5.43024  -4.09787  
data[2144      : 2175      ]: -3.74947  -5.04976  -3.70653  -4.3849   -4.54656  -4.03148  -4.49616  -0.328352 -0.17083  -0.44594  -0.392723 -0.198624 -0.38274  -0.347602 -0.135489 -0.552892 -0.116531 0.104496  -0.151887 -0.431614 -0.543122 -0.46209  -0.193518 -0.00174403-0.277416 -0.199655 -0.0519879-0.398148 -0.776997 -0.42863  -0.572742 -0.629559 
data[2176      : 2207      ]: -0.686497 -0.430026 -0.138007 -0.44314  0.709541  -0.465352 -0.736822 0.404276  -0.553692 -0.902085 0.376691  -0.03568390.0212624 -0.04503750.0286119 -0.0359511-0.162488 -0.14167  -0.0251442-0.189362 -0.165754 -0.04461160.0710781 -0.470127 -0.189826 -0.459869 -0.709974 -0.521496 -0.169634 0.00826319-0.040189 -0.361881 
data[2208      : 2239      ]: -0.159278 -0.197492 -0.544119 -0.0102874-0.0286199-0.49375  -0.151513 0.0881205 -0.0212291-0.323848 -0.388363 -0.105989 -0.0738631-0.0558202-0.170895 -0.001738790.0169014 -0.00323354-0.02546820.000118956-0.131785 0.0173872 -0.00797482-0.0923274-0.451698 0.106961  0.0488496 -0.626014 -0.545205 -0.761365 -1.07332  -0.406444 
data[2240      : 2271      ]: -0.433201 -0.243517 0.225073  -0.842748 -0.766104 -0.0293824-1.02428  -0.548816 -0.161531 -1.24957  -0.25966  0.0289781 0.59918   -1.19727  -1.44763  -0.288645 -0.771596 -0.891524 0.213573  -0.167538 -0.324323 0.0088399 -0.154238 -0.530281 -0.4996   -0.575104 -0.578529 -0.457803 -0.01475430.0561994 -0.040159 -0.134069 
data[2272      : 2303      ]: 0.0348277 -0.0343061-0.07195  0.0344459 -0.188945 -0.516708 0.493418  -0.419057 -1.44993  -0.694531 -0.689012 -1.84245  -0.763912 -1.40043  -0.08506810.409613  -0.00601155-0.219172 -0.0279409-0.453074 -0.265961 -0.089658 -0.441965 -0.00938613-0.04767790.108654  -0.00334466-0.06829420.121458  0.005076660.0717367 -0.00509935
Time 12038610 ns: producer080000003 finish sending data!
