Time 12163310 ns: ack for producer080000004's req!
Time 12163340 ns: producer080000004 is sending data!
data[0         : 31        ]: -0.622036 -0.417454 -0.544359 -0.414725 -0.279925 -0.651418 -0.645908 -0.519659 -0.858763 -0.495461 -0.692585 -0.882794 -0.574922 -1.08703  -1.02249  -0.471902 -0.783006 -0.902328 -0.484992 -0.165178 -0.658393 -0.420859 -0.52981  -0.613483 -0.809135 -0.249053 -0.770731 0.0136291 -0.161538 0.107103  -0.0272874-0.44169  
data[32        : 63        ]: 0.106075  0.0672631 -0.155568 0.0749245 -0.126212 -0.084029 -0.39911  -0.353026 -0.577015 -0.364944 -0.340428 -0.364275 -0.511511 -0.0393139-0.534965 0.284653  -0.0643426-0.517107 0.0857931 -0.03379  -0.681398 0.0750091 -0.00482293-0.116264 -0.349414 -0.144128 -0.19772  -0.156538 -0.278458 -0.471535 -0.349936 -0.164676 
data[64        : 95        ]: -0.111483 -0.0615449-0.324906 -0.0657932-0.190313 -0.245971 -0.242272 0.00659281-0.177586 -0.888154 -0.630555 -0.453374 -1.16578  -0.874845 -0.288446 -1.03279  -1.2263   -0.0128472-0.960556 -0.0370306-0.00882281-1.48411  -0.36545  -0.0114158-1.25865  -0.226941 -0.375564 -0.323025 -0.839807 -0.658401 -0.663639 -0.87541  
data[96        : 127       ]: -0.797187 -0.484549 -1.06963  -0.115439 -0.343551 -0.152398 -0.335801 -0.549012 -0.259894 -0.298739 -0.470076 -0.301726 -0.405914 -0.206806 -0.382122 -0.506191 -0.205124 -0.364583 -0.287715 -0.226367 -0.343599 -0.807448 -1.5892   -2.25049  -1.10499  -1.83913  -2.3729   -1.21807  -2.10779  -2.81502  -1.06994  -0.236024 
data[128       : 159       ]: -1.14156  -1.1842   -0.305747 -0.999522 -1.361    -0.266154 -1.27014  -0.06709280.036602  -0.0131531-0.0700784-0.004549640.0225392 -0.09436890.0344065 -0.0213404-0.724558 -0.932856 -0.863565 -0.207396 -0.422206 -0.418442 -0.459749 -0.641078 -0.424891 -1.26504  -1.21676  -1.67113  -0.927477 -1.19755  -1.44439  -1.06781  
data[160       : 191       ]: -0.55628  -1.52178  -1.55237  -1.0423   -1.3394   -1.16046  -1.03041  -1.38505  -1.7015   -0.411235 -1.25912  -0.555067 -0.307941 -0.169723 -0.497589 -0.271895 -0.175732 -0.512693 -0.311137 -0.333076 -0.738774 -0.856802 -1.12562  -0.609567 -0.757566 -0.822827 -0.652553 -0.532018 -1.11341  -0.746442 -0.488966 -0.190617 
data[192       : 223       ]: -0.837259 -0.242994 -0.251849 -0.774864 -0.433036 -0.158624 -0.554336 -0.503525 -0.677833 -0.563846 -0.483172 -0.306767 -0.446667 -0.470942 -0.414387 -0.236854 -0.274838 -0.18802  -0.334969 -0.289906 -0.127738 -0.343223 -0.28239  -0.220793 -1.54804  -1.24789  -1.69344  -1.72791  -1.4782   -1.52991  -1.1358   -1.1076   
data[224       : 255       ]: -1.36028  -1.9418   -1.45986  -1.29927  -1.87323  -0.786731 -1.09168  -1.76232  -1.17508  -1.22187  -1.26583  -1.07132  -1.46221  -1.51199  -0.983666 -1.45997  -1.1839   -1.08347  -0.994257 -0.87067  -0.485798 -1.02179  -0.729203 -1.02738  -0.803893 -0.84434  -0.316614 -0.87556  -0.336988 -0.552299 -0.362987 -0.341752 
data[256       : 287       ]: -0.528698 -0.355996 -0.387984 -0.593847 -0.431295 -3.0339   -3.47026  -3.55723  -2.75802  -2.63741  -3.7199   -2.11918  -2.94873  -3.2247   -0.389479 -1.24734  -1.29102  -0.56247  -1.7071   -1.1892   -0.46629  -1.32616  -0.992604 -0.12153  -0.0615766-0.0221921-0.084835 0.00505744-0.0746657-0.130985 -0.04888  -0.0434776
data[288       : 319       ]: -0.0159201-0.0486529-0.0372284-0.0198663-0.006496730.0481748 -0.0222081-0.00371695-0.0199573-0.0057757-0.0767191-0.0525705-0.0241449-0.102388 -0.04987720.00113848-0.0363353-0.0264214-0.02499260.00912734-0.063022 -0.0811284-0.03631790.0161575 -0.03461470.0325348 -0.045699 -0.00270636-0.00451222-0.0009329810.0171944 -0.0168211
data[320       : 351       ]: -0.001405350.0100792 -0.01807160.0184309 -0.00997795-0.0430463-0.022136 -0.010492 -0.0203269-0.0287624-0.0074826-0.0654917-0.0193563-0.0171449-0.0248373-0.0103237-0.00176031-0.00274090.004215  0.0172836 -0.0019804-0.037222 0.0040774 -0.06095450.00498607-0.01268150.0173181 -0.0219825-0.0459197-0.0242714-0.0133619-0.00971002
data[352       : 383       ]: -0.00753930.001929140.00723656-0.01729260.0145854 0.006731530.002826160.0123443 -0.04118640.00241015-0.09996880.00255534-0.0955835-0.0490787-0.034154 -0.0525524-0.02451320.0108178 -0.095865 -0.07193810.0324493 -0.0345839-0.042565 0.0533141 -0.047915 -0.0962106-0.0252787-0.0650835-0.05352910.00785318-0.05061490.0641712 
data[384       : 415       ]: -0.10067  -0.0382   0.0368853 0.0301549 -0.0649199-0.0788201-0.02233320.0264707 -0.0114122-0.0366692-0.074111 -0.079324 -0.0225301-0.00122645-0.00884622.23534e-050.00337832-0.05899070.0167875 -0.0344066-0.0172992-0.0332473-0.137726 -0.210144 -0.0551697-0.0986754-0.135673 -0.00690302-0.0641205-0.143139 -0.0317754-0.100243 
data[416       : 447       ]: -0.033873 0.0296953 -0.0471019-0.013506 0.0220357 -0.0331219-0.07380150.00314869-0.024473 -3.12743e-050.00726595-0.0308115-0.00945191-0.00283363-0.0327934-0.009548235.16815   5.70435   5.44109   5.83044   6.36585   6.24719   5.14779   6.40659   5.62309   9.13022   10.8607   10.8417   9.45794   10.7946   11.0689   9.09631   
data[448       : 479       ]: 11.3792   11.669    7.8047    7.43214   11.133    7.43635   8.40885   10.4459   7.20095   8.81088   11.7301   1.21507   0.782428  0.777082  1.27168   0.560804  0.705562  1.35819   0.950533  0.963327  5.6419    7.38996   8.01819   6.12167   6.90362   8.13391   6.17628   7.74608   8.27005   1.72668   0.669032  0.352353  
data[480       : 511       ]: 2.06566   0.555801  0.486168  1.78159   0.560331  0.579729  3.57779   3.92802   4.09066   3.36191   3.75397   3.86096   3.21617   3.08177   3.66859   1.1379    0.709207  0.0963786 1.45645   0.543387  0.155016  1.15482   0.53051   0.102514  11.1667   12.8211   13.8236   11.114    13.0266   14.2022   10.6412   13.0928   
data[512       : 543       ]: 12.7814   7.48515   7.63072   7.37482   9.08946   7.6162    7.90643   8.63022   7.19539   8.21527   8.75773   10.9046   13.0871   9.36836   11.0904   14.056    8.8392    11.2485   13.0953   5.66338   6.16327   7.26631   5.2589    7.07802   6.43344   5.97902   6.54589   7.69286   2.93627   2.63639   1.84998   2.98436   
data[544       : 575       ]: 2.6235    1.83707   2.77517   2.87804   2.10438   24.9641   29.9893   30.0682   26.294    30.4191   30.8175   25.137    31.1335   30.3761   7.83726   8.18479   6.67674   8.16357   8.99836   6.44512   8.69801   9.17904   6.77462   0.138493  0.116997  0.13181   0.0651462 0.0815965 0.213356  0.115976  0.0907819 0.213494  
data[576       : 607       ]: -0.192561 -0.448608 -0.218962 -0.104723 -0.36613  -0.290492 -0.175789 -0.527633 -0.260809 -0.52903  -0.505198 -0.400507 -0.383207 -0.506398 -0.545455 -0.540353 -0.328689 -0.575751 -0.394749 -0.31351  -0.777636 -0.402744 -0.208921 -0.767237 -0.653883 -0.11575  -0.885634 -0.494017 -0.0234215-0.150908 -0.583027 0.00964389
data[608       : 639       ]: -0.0547654-0.591524 -0.00572203-0.0344616-0.214554 -0.312331 -0.434034 -0.266261 -0.191898 -0.51236  -0.307447 -0.14264  -0.517782 -0.859162 -0.0259528-0.118544 -0.838563 -0.0376843-0.16826  -0.964318 -0.0205011-0.0754985-0.250853 -0.08195  -0.13617  -0.281484 -0.152625 -0.237039 -0.0712745-0.126379 -0.367703 -0.315919 
data[640       : 671       ]: -0.244184 -0.0867183-0.322989 -0.304379 -0.0418217-0.285897 -0.258017 0.00997657-0.598315 -0.383531 -0.642192 -0.825411 -0.295099 -0.669273 -0.584956 -0.189121 -0.648769 -1.67037  -0.144813 -0.585688 -1.68458  -0.119513 -0.704587 -1.63081  -0.0719779-0.481508 -0.321711 -0.311064 -0.795768 -0.254996 -0.230723 -1.00915  
data[672       : 703       ]: -0.149731 -0.339222 -0.916646 -0.297549 -0.281904 -0.412316 -0.305833 -0.267516 -0.454567 -0.421997 -0.100249 -0.548346 -0.161985 -0.438627 -0.133423 -0.147415 -0.423027 -0.128898 -0.217173 -0.503409 -0.0893492-0.771157 -1.2956   -1.41577  -0.752268 -1.39461  -1.47552  -0.936721 -1.20785  -1.33397  -0.145213 -1.16326  
data[704       : 735       ]: -0.265847 -0.107816 -1.11727  -0.0974066-0.130009 -1.07208  -0.205467 -0.0105168-0.0818607-0.065986 -0.0057759-0.0440836-0.06074010.000429097-0.0550324-0.0268136-2.18275  -2.03088  -2.70981  -2.69937  -2.94913  -3.16543  -2.80381  -2.66808  -2.46603  -4.34827  -4.54625  -4.88958  -4.92402  -4.83853  -5.15294  -5.14565  
data[736       : 767       ]: -5.60661  -5.75313  -4.23828  -3.95889  -4.38103  -4.74758  -4.0819   -5.75844  -4.51812  -5.04018  -5.79252  -0.672648 -0.485259 -0.394094 -0.76129  -0.582451 -0.47385  -0.931048 -0.793797 -0.61199  -3.1255   -2.9716   -3.46203  -3.28555  -2.92941  -3.9467   -3.6682   -3.82802  -4.00468  -1.12795  -0.74363  -0.528483 
data[768       : 799       ]: -1.17589  -0.951373 -0.332735 -1.13673  -0.774105 -0.394676 -1.48531  -1.51851  -1.44647  -1.73887  -1.94183  -2.14619  -1.9217   -1.89592  -1.66665  -0.673969 -0.376897 -0.301597 -0.401703 -0.262123 -0.184594 -0.71305  -0.401754 -0.334489 -5.06336  -5.79288  -5.19511  -5.83786  -6.28192  -6.04634  -5.74075  -6.52369  
data[800       : 831       ]: -6.7653   -3.94631  -3.77902  -3.31144  -5.08358  -4.21555  -3.79858  -4.14466  -4.0836   -4.31559  -4.80534  -4.93092  -5.72776  -5.45475  -6.01193  -6.46694  -5.50966  -5.18186  -6.48936  -2.88472  -2.97131  -3.66358  -2.93677  -2.90668  -3.03389  -3.76399  -2.80055  -3.1739   -1.30108  -1.33194  -1.20636  -0.974894 
data[832       : 863       ]: -1.39943  -1.14968  -1.67797  -1.64266  -1.48653  -10.9127  -12.1127  -11.9054  -12.1508  -13.5765  -13.3964  -12.6466  -13.6373  -14.2363  -3.09756  -3.50119  -3.4835   -3.45887  -3.79471  -3.75147  -3.51371  -3.26319  -3.41697  -0.00575327-0.0559776-0.161636 -0.135162 -0.0790558-0.300425 -0.0145699-0.0899052-0.0531228
data[864       : 895       ]: 0.167303  1.0105    0.679325  1.43949   1.5479    1.73817   1.16356   1.37885   1.0943    2.4239    2.02832   1.83824   3.34502   2.65737   2.74655   3.91816   3.28169   2.56873   1.95298   1.83371   0.486448  3.25136   1.64261   1.31746   3.10008   2.73977   1.07888   0.221899  0.325619  0.581619  -0.042158 0.456634  
data[896       : 927       ]: 0.501115  0.0365048 0.532979  0.329666  1.8761    1.39694   0.963258  2.40135   1.04104   1.05026   2.08252   1.60327   1.37645   -0.447256 0.662938  0.577615  -0.515776 0.902059  0.47097   -0.371673 0.823586  0.491566  0.151277  1.03784   0.152674  1.22459   0.776339  0.661093  0.658814  1.18936   0.723189  -0.609632 
data[928       : 959       ]: 0.072687  0.360116  -0.746482 0.0139273 0.403793  -0.733945 0.126428  0.375186  2.92412   1.83257   1.5762    2.81213   3.14643   1.98966   3.7833    2.6512    2.41928   1.96158   1.85527   2.02783   1.66145   2.59424   2.55987   2.06742   2.87909   2.54204   3.2937    2.16301   1.48343   3.96061   3.0179    1.79103   
data[960       : 991       ]: 4.7666    2.70558   2.47754   1.62279   1.20383   0.231986  2.23041   1.61491   1.70737   1.92066   1.18121   0.93675   -0.433702 0.586954  0.333696  -0.07714840.417492  0.838632  -0.445508 0.378522  0.428077  5.01194   3.27217   3.82233   6.17776   4.34099   4.9087    6.43951   5.09939   5.42838   -0.85163  -0.124196 
data[992       : 1023      ]: 1.35557   0.279517  0.513992  2.11854   -0.220453 0.0914697 2.10561   0.0274409 0.074268  -0.121573 0.233787  0.162948  -0.0953826-0.08191640.123219  -0.210795 0.0356276 -0.118842 -0.120723 -0.0495574-0.117379 -0.08865670.0234874 -0.0284987-0.104966 -0.0225041-0.142521 -0.135156 -0.011968 -0.106395 -0.106845 0.0440517 
data[1024      : 1055      ]: -0.116193 -0.231895 0.0215516 0.048835  -0.109031 -0.0338886-0.0802429-0.055032 -0.00754774-0.125105 -0.160462 0.00484875-0.0197328-0.005496140.0134527 -0.00307846-0.01012080.0155394 0.00135923-0.03667490.001463  -0.0358292-0.09247560.0100683 -0.0288342-0.140071 -0.0584521-0.0227116-0.0182438-0.01348110.00818373-0.0167566
data[1056      : 1087      ]: -0.0117006-0.00695088-0.06648280.0136836 -0.017674 -0.03559010.0151088 -0.0429137-0.09077340.0128556 -0.0411555-0.09216450.0194216 0.00487336-0.13582  0.00156745-0.0123204-0.004674850.00100317-0.00763625-0.00833137-0.0203634-0.0145102-0.01616530.0867367 -0.0992821-0.231326 -0.0124306-0.050699 -0.08548770.0577252 -0.0547966
data[1088      : 1119      ]: -0.134577 0.0167933 -0.0511682-0.117306 0.0233157 -0.0898534-0.157378 -0.00710829-0.0929596-0.20421  0.00374176-0.188471 -0.160178 -0.00547487-0.0235963-0.052542 0.0410943 -0.0293971-0.129536 0.0883551 -0.0219188-0.0810688-0.028603 -0.0624172-0.06890450.0296511 0.0360844 -0.049925 -0.000581248-0.0346974-0.0380765-0.0335494
data[1120      : 1151      ]: -0.0897502-0.06430170.0259303 -0.0643688-0.0284552-0.049524 -0.291229 -0.342427 -0.0248095-0.231297 -0.413997 0.0218582 -0.304418 -0.452294 -0.0773983-0.172337 -0.0500508-0.0338533-0.189761 -0.05201090.0649466 -0.192281 -0.0663742-0.00913828-0.0128475-0.000142517-0.00865873-0.0147298-0.00811307-0.00469768-0.0126066-0.00427574
data[1152      : 1183      ]: 1.8593    1.76972   2.1328    2.80733   2.78745   3.00022   2.08956   1.84661   2.16293   3.22742   4.46311   3.97277   4.02897   4.52259   4.21093   3.23098   4.57087   4.64547   2.28366   3.40893   4.15129   2.93225   3.51032   4.5659    3.16528   3.65478   4.74723   0.27529   0.604556  0.371832  0.131652  0.68239   
data[1184      : 1215      ]: 0.328189  0.243109  0.741181  0.397989  1.70277   2.65577   2.29903   2.52299   2.94125   3.45939   2.27788   2.62243   3.32778   0.0636288 0.672595  0.37197   0.275098  0.969284  0.502104  0.173247  0.637341  0.370017  0.91239   1.22143   1.0629    1.30575   1.58626   1.65053   1.54247   1.70092   1.52071   0.666208  
data[1216      : 1247      ]: 0.180862  0.313595  0.692684  0.0216739 0.361363  0.700174  0.284443  0.266641  3.43987   4.61279   4.55056   3.76026   5.46459   5.3986    4.31725   5.6046    5.24288   1.92227   3.63387   3.0003    2.23552   4.23549   3.25765   1.8814    4.02891   3.22437   2.86139   4.40203   5.18855   3.9529    5.00095   5.3477    
data[1248      : 1279      ]: 3.7091    4.51461   6.18829   2.00759   2.89989   2.49558   1.78186   2.89923   2.62158   2.16861   2.95905   2.95374   1.11467   0.722449  0.794798  1.29847   0.801834  1.07043   1.54214   1.38574   1.1467    8.55589   10.7705   10.0428   10.094    11.4385   11.3892   9.76985   11.4475   11.6339   4.18044   2.58822   
data[1280      : 1311      ]: 3.16516   4.12896   2.40875   2.48914   4.58379   3.07061   3.90909   0.0886813 0.135506  0.18116   0.222052  0.143785  0.293979  0.0779873 0.200336  0.120576  -0.2688   -0.271295 -0.533332 -0.354204 -0.347613 -0.592327 -0.243448 -0.277486 -0.799115 -0.512712 -0.473984 -0.406727 -0.627834 -0.496158 -0.374758 -0.488425 
data[1312      : 1343      ]: -0.620034 -0.701059 -1.52518  -0.443046 -0.491274 -1.75979  -0.394444 -0.428469 -1.7876   -0.565671 -0.462974 -0.121387 -0.660183 -0.066987 -0.116277 -0.548679 -0.0296249-0.0558444-0.607725 -0.0717509-0.725989 -0.295205 -0.300441 -0.65508  -0.420974 -0.190584 -0.869546 -0.435507 -0.379004 -0.0669109-0.714413 -0.179299 
data[1344      : 1375      ]: -0.110438 -1.22587  -0.240636 -0.126034 -1.08727  -0.080075 -0.285207 -0.225645 -0.169681 -0.430339 -0.421881 -0.422692 -0.637247 -0.237771 -0.199877 -0.0421514-0.409086 -0.356421 -0.0398772-0.23913  -0.317681 -0.0292222-0.375536 -0.383933 -0.385052 -0.803762 -0.568087 -0.687774 -0.7739   -0.49916  -0.53163  -1.00076  
data[1376      : 1407      ]: -0.614489 -0.282883 -1.90682  -0.205267 -0.525541 -1.83565  -0.173461 -0.292923 -1.91938  -0.203637 -1.50421  -0.536799 -0.414761 -1.63917  -0.483657 -0.468619 -1.54363  -0.486089 -0.507007 -0.447115 -0.213687 -0.228297 -0.550438 -0.640792 -0.339474 -0.562419 -0.787737 -0.288817 -0.100639 -0.296969 -0.534776 -0.0724491
data[1408      : 1439      ]: -0.238761 -0.523106 -0.126021 -0.381549 -0.615059 -1.48613  -0.777359 -1.23119  -1.32295  -0.723095 -1.68873  -1.47124  -0.68682  -1.63519  -0.161489 -0.165235 -1.37417  -0.213612 -0.324139 -1.38027  -0.216416 -0.245743 -1.62305  -0.153086 -0.0474297-0.0151093-0.289922 -0.0294885-0.0753406-0.206649 -0.0196081-0.061762 
data[1440      : 1471      ]: -3.92806  -3.45379  -3.54835  -5.4028   -4.36699  -4.78472  -4.22497  -3.98158  -4.07561  -8.99768  -8.84022  -8.31885  -8.93723  -9.06645  -8.72927  -10.0583  -9.52983  -9.60613  -7.36064  -8.1872   -9.41227  -7.21816  -8.50316  -10.5582  -7.6402   -9.38437  -10.736   -0.820515 -0.742946 -0.950184 -0.701551 -0.625657 
data[1472      : 1503      ]: -0.662033 -0.756355 -0.819292 -0.995491 -5.95533  -5.6706   -6.60833  -6.04854  -6.45324  -6.38667  -6.78378  -6.64062  -7.23274  -0.547528 -0.499068 -0.547626 -0.885915 -0.878163 -0.78542  -0.543418 -0.500299 -0.572704 -2.57956  -2.93081  -2.63957  -3.28126  -3.00015  -3.15722  -3.22862  -3.41912  -3.44636  -0.506644 
data[1504      : 1535      ]: -0.134545 -0.182926 -0.311583 -0.0799965-0.176795 -0.439313 -0.207409 -0.249474 -10.0145  -10.4441  -9.94883  -10.3044  -11.065   -9.9714   -11.0543  -12.0383  -10.9121  -6.59132  -5.75864  -5.90693  -6.76012  -6.72392  -6.39479  -7.58369  -6.69715  -7.01764  -8.95765  -9.22168  -10.6685  -9.34156  -10.2424  -11.8718  
data[1536      : 1567      ]: -9.94273  -10.5026  -12.2126  -5.06833  -5.39877  -5.20837  -5.85592  -5.64451  -5.281    -5.50171  -5.70769  -5.10504  -1.89796  -1.79169  -1.17187  -1.87388  -1.9147   -1.60725  -2.05844  -2.0265   -1.38972  -22.3088  -21.5826  -20.4148  -23.0581  -23.9243  -21.3538  -24.4589  -24.7781  -22.5381  -6.42465  -4.36841  
data[1568      : 1599      ]: -4.46944  -6.89496  -5.37331  -5.3883   -7.23646  -4.55821  -4.86609  -0.007780140.0751592 -0.384192 -0.0758915-0.0569461-0.599985 0.0289925 0.102785  -0.520131 9.09798   9.08641   9.04784   9.00759   9.94539   9.74035   8.96003   9.07774   9.21541   18.2034   18.3181   18.757    18.1307   18.4219   17.9453   18.2042   
data[1600      : 1631      ]: 18.1972   19.2316   17.6824   17.0579   18.0935   18.0819   17.6459   18.5107   17.5866   17.0634   18.7189   2.21886   2.08491   2.3272    2.25036   2.54128   2.32288   2.5213    2.29452   2.75279   12.3994   13.0483   13.1295   12.8656   13.1885   13.7591   12.4079   13.5043   13.1643   2.58644   2.53355   2.89161   
data[1632      : 1663      ]: 2.73971   2.89103   3.20788   2.8381    2.60155   3.02648   6.65446   6.28356   6.38383   6.47946   6.25673   7.06077   6.56779   6.08821   6.33871   1.21164   1.40402   1.20007   1.10844   1.22936   1.33051   1.18272   1.32043   1.31344   21.7789   21.7358   21.9085   22.408    21.7438   22.3845   22.1145   22.3253   
data[1664      : 1695      ]: 22.1855   14.9523   15.5449   15.5739   15.6872   15.1903   16.212    15.1701   15.6517   15.5432   20.4699   20.732    21.2988   20.6522   20.3771   21.8948   20.3273   20.9802   21.7162   10.9947   10.5098   11.4179   11.6457   12.0826   12.0807   11.403    11.5362   11.9455   4.09115   4.22487   4.02098   3.83009   
data[1696      : 1727      ]: 4.38492   4.01026   4.36702   4.84248   4.64539   46.1311   47.829    47.1429   46.9096   48.3422   47.7735   46.5535   48.9632   47.6517   11.5137   12.4173   12.2109   11.8498   12.7921   11.9964   12.233    13.0297   12.6632   0.583917  0.540377  0.578364  0.396482  0.536264  0.46801   0.471396  0.555082  0.560372  
data[1728      : 1759      ]: 9.45344   8.56765   9.35276   9.83376   9.41073   10.2256   9.46243   8.65914   9.5841    18.3057   18.3602   17.6788   18.0333   18.8543   17.8351   18.4267   19.568    18.5823   18.0503   16.3291   17.8257   18.7524   16.107    18.851    18.8316   17.0515   19.247    1.59771   3.04859   1.75137   1.47479   2.97816   
data[1760      : 1791      ]: 1.6413    1.5446    2.81306   1.72076   12.5445   11.9787   12.2608   13.2624   12.746    13.3264   12.6946   12.6325   12.8247   1.6234    3.9053    1.70579   1.78659   4.27687   1.85438   1.75902   3.9063    1.76921   6.41507   6.11337   6.13175   6.76637   7.19261   6.3991    6.42476   6.52653   6.54374   1.22617   
data[1792      : 1823      ]: 1.19574   1.46392   1.19504   1.21837   1.34947   1.28167   1.28911   1.31539   20.1305   21.915    20.0476   20.474    22.8263   20.7594   21.27     22.9203   21.6843   12.7255   17.6171   12.6077   13.7581   18.3086   13.0451   13.3577   18.3768   12.9174   21.1065   19.4069   20.8066   21.9768   20.3652   21.9909   
data[1824      : 1855      ]: 22.2644   19.8349   22.0133   10.6961   11.5386   10.7519   11.3454   12.0918   11.2371   11.2585   12.3706   11.4752   4.41777   4.12882   4.51403   4.10779   3.78004   4.41079   4.48301   4.5374    4.68151   46.1825   46.2185   44.8821   46.7625   47.8978   46.5518   47.825    48.0596   47.7835   12.5362   10.2583   
data[1856      : 1887      ]: 13.0822   12.7875   10.7364   13.5308   13.2504   11.3997   13.4609   0.582354  0.250583  0.603375  0.712079  0.305472  0.673916  0.553429  0.24616   0.692359  0.323158  0.165704  0.0663888 0.365564  0.269505  0.0988215 0.424149  0.187803  0.0690044 0.674315  0.354189  0.253399  0.773513  0.355839  0.200118  0.594048  
data[1888      : 1919      ]: 0.376706  0.313617  0.768655  1.54584   0.436334  0.689658  1.45491   0.477263  0.706623  1.57874   0.606922  0.0830485 0.0600491 0.634828  0.0289855 0.0547977 0.479878  0.0432744 0.0408296 0.508551  0.539645  0.680761  0.23191   0.529731  0.559284  0.228562  0.529389  0.636187  0.211342  0.0488557 0.0724939 0.776094  
data[1920      : 1951      ]: 0.0119442 0.0221119 0.801882  0.030014  0.0479913 0.957961  0.287849  0.238162  0.29995   0.148053  0.282467  0.255802  0.305271  0.243903  0.273373  0.001924150.002270810.284615  0.003556290.0483991 0.291841  0.003639590.0077084 0.225196  0.841093  0.524601  0.600674  0.909698  0.352495  0.562196  0.977796  0.521136  
data[1952      : 1983      ]: 0.54607   0.493128  0.194281  1.54695   0.532627  0.210344  1.45609   0.47593   0.152409  1.39818   0.743521  1.43482   0.29642   0.956536  1.36987   0.279673  0.885309  1.32401   0.336285  0.508654  0.539059  0.384701  0.545642  0.443854  0.371437  0.333191  0.4778    0.394022  0.162902  0.0320866 0.158685  0.118315  
data[1984      : 2015      ]: 0.0181546 0.127902  0.134453  0.054026  0.120368  2.06644   0.819248  0.332646  2.01093   0.70822   0.332361  1.85236   0.828398  0.300919  0.36963   0.100214  0.0818612 0.515422  0.199607  0.125077  0.37381   0.0932543 0.120521  0.0130017 0.177732  0.0928724 -0.008050890.175489  0.0545622 0.004652310.222379  0.0474692 
data[2016      : 2047      ]: -4.12463  -4.18846  -4.23214  -5.16297  -3.62861  -4.76151  -4.81173  -4.67567  -4.79918  -9.31233  -10.0549  -9.46483  -9.82235  -9.28147  -9.41088  -9.9388   -9.87255  -10.1243  -8.60289  -8.99887  -8.79141  -8.73888  -8.48757  -8.94982  -8.38776  -8.71199  -9.04884  -0.914196 -0.60286  -0.816277 -0.679627 -0.764982 
data[2048      : 2079      ]: -0.668929 -0.62482  -0.411995 -0.561424 -6.244    -6.85873  -6.66084  -6.21963  -6.37704  -6.80894  -6.25859  -6.2539   -6.29152  -0.831408 -0.652544 -0.659495 -0.68601  -0.737159 -0.459396 -0.924953 -0.558925 -0.576488 -3.46185  -3.05403  -3.09354  -2.91057  -3.15409  -2.90039  -3.92431  -3.22762  -3.91008  -0.484484 
data[2080      : 2111      ]: -0.275038 -0.284228 -0.814745 -0.392872 -0.413562 -0.50415  -0.274351 -0.256978 -11.4628  -11.7915  -10.9991  -10.8541  -11.3441  -10.9169  -11.4922  -12.1922  -11.7218  -6.67802  -8.00973  -7.47596  -7.63328  -7.50594  -7.16174  -7.03794  -7.98935  -7.27232  -10.1192  -10.4883  -10.6059  -9.74612  -9.68764  -10.3379  
data[2112      : 2143      ]: -10.3778  -10.9844  -11.142   -5.38125  -5.50434  -5.44025  -5.06743  -6.00616  -6.1567   -5.46811  -5.61264  -5.03295  -2.15134  -1.78798  -1.42995  -2.10371  -1.95163  -2.03504  -1.88473  -1.52868  -1.16485  -24.7151  -25.1895  -24.5804  -24.8306  -24.6038  -24.3572  -24.9156  -25.8478  -24.9183  -7.13708  -5.16117  
data[2144      : 2175      ]: -5.60878  -7.12807  -4.8895   -5.83254  -7.06011  -5.26663  -5.90828  -0.188564 -0.0922844-0.250344 -0.209595 0.00612763-0.397297 -0.135306 -0.0547202-0.299087 -0.665395 -1.033    -0.79843  -0.413707 -0.811054 -0.704827 -0.470898 -1.18158  -0.771001 -1.21864  -1.43627  -1.64972  -1.83519  -1.26086  -1.54322  -1.58879  
data[2176      : 2207      ]: -1.38729  -1.80375  -1.34464  -1.18493  -1.25568  -1.58662  -1.66475  -1.48871  -1.70446  -1.24659  -1.89738  -0.567101 -0.0814137-0.345947 -0.58524  0.00352218-0.239804 -0.686542 0.0069766 -0.206725 -1.22243  -0.809385 -1.4898   -1.00602  -0.992744 -1.24867  -1.35438  -0.729875 -1.05652  -0.927494 -0.0311058-0.472729 
data[2208      : 2239      ]: -1.23626  -0.0721675-0.715675 -1.05541  -0.0716256-0.471816 -0.734643 -0.407663 -0.778758 -0.641656 -0.618184 -0.725224 -0.678679 -0.541262 -0.882225 -0.333647 -0.201161 -0.159668 -0.398929 -0.359961 -0.102458 -0.356172 -0.196293 -0.169667 -1.70762  -1.55771  -1.34276  -2.05884  -1.53353  -2.22695  -2.09299  -1.49886  
data[2240      : 2271      ]: -2.04306  -2.6632   -0.377629 -2.03216  -2.58878  -0.370559 -1.67419  -2.85117  -0.483586 -1.77473  -1.29883  -1.84524  -1.84513  -1.24227  -1.56623  -1.42948  -1.50361  -1.68025  -2.1413   -0.931722 -1.0755   -1.14273  -0.975145 -0.704743 -1.12799  -1.00615  -0.49507  -0.70662  -0.193485 -0.561373 -0.28566  -0.274237 
data[2272      : 2303      ]: -0.679408 -0.240228 -0.294737 -0.616186 -0.254481 -3.56752  -3.52307  -3.70294  -3.59149  -3.58217  -3.76702  -3.86001  -4.3538   -4.46107  -0.612437 -1.57251  -0.968726 -0.572167 -1.70686  -0.829925 -0.422004 -1.47383  -1.19024  -0.0161797-0.079735 0.0198211 0.009127410.0260946 0.0201317 -0.00752957-0.0585225-0.00726835
Time 12164070 ns: producer080000004 finish sending data!
