Time 10407630 ns: ack for producer080000005's req!
Time 10407660 ns: producer080000005 is sending data!
data[0         : 31        ]: -0.00890484-0.0246195-0.06929510.0185659 -0.0135316-0.03285170.0250717 -0.0267838-0.0228629-0.0764439-0.096675 -0.0494105-0.0940551-0.0776897-0.0674269-0.0383849-0.0770181-0.04237520.0194267 -0.02385990.0257299 0.0218639 -0.01172730.00829387-0.0213936-0.0160211-0.0326564-1.39339  -3.26194  -4.37964  -0.449026 -2.92112  
data[32        : 63        ]: -3.99135  -0.663577 -2.53365  -3.78232  -0.386239 -1.49812  -2.34797  -0.23779  -1.12517  -1.94218  -0.256188 -1.25834  -2.16849  -0.43901  -1.74996  -2.05578  -0.32531  -1.49915  -2.05747  -0.503905 -1.77264  -2.07763  -0.782659 -2.70555  -3.99475  -0.440811 -2.32277  -3.68102  -0.675051 -2.51308  -3.78491  -0.520367 
data[64        : 95        ]: -1.35599  -1.91087  -0.338874 -1.27815  -1.70737  -0.344183 -1.03043  -1.46911  -0.817962 -1.7488   -2.53938  -0.431874 -1.61544  -2.28239  -0.351182 -1.68545  -2.16778  -0.51339  -1.72208  -2.14051  -0.0131531-1.31575  -1.42334  -0.272901 -1.67755  -1.47975  -0.00911192-0.027551 -0.0276126-0.027713 -0.05335830.0190706 
data[96        : 127       ]: -0.0370286-0.0350054-0.00390649-0.152762 -0.181969 -0.0420251-0.14988  -0.150193 -0.00624298-0.150516 -0.147507 0.00465818-0.592983 -1.91639  -2.94184  -0.129325 -1.78343  -2.39997  -0.146002 -1.60873  -1.98363  -0.153648 -0.74559  -1.17046  0.123537  -0.638867 -0.986104 -0.0163454-0.598377 -0.834722 -0.654978 -1.64589  
data[128       : 159       ]: -2.31282  -0.47181  -1.45827  -2.24908  -0.43862  -1.21279  -1.64441  -0.167757 -0.228597 0.03881   -0.0787459-0.235789 0.063844  -0.120514 -0.2357   -0.00930240.0289636 -0.324984 -0.158893 -0.0842969-0.176331 -0.160805 -0.0628029-0.248126 -0.222585 -0.0810783-0.141565 -0.133159 0.0293434 -0.105449 -0.0534762-0.145597 
data[160       : 191       ]: -0.199164 -0.14868  -0.0845068-0.0679581-0.0103906-0.0572995-0.06266490.00229927-0.0843863-0.081652 -0.0140621-0.909765 -1.78526  -1.23571  -0.74938  -1.45334  -0.961764 -0.815867 -1.56838  -1.03636  -0.0234578-0.0587764-0.09996040.0161569 -0.0301103-0.03672490.0126071 -0.0535036-0.0682682-0.519143 -1.06335  -1.1966   
data[192       : 223       ]: -0.214115 -0.987877 -0.965826 -0.528065 -1.1316   -1.27066  -0.093393 -1.18198  -1.97724  0.158628  -0.847439 -1.88029  0.0116103 -0.960619 -1.78815  -0.0457545-0.04858980.0124169 -0.0421791-0.04717660.00146621-0.0274426-0.04273270.00669022-0.375754 -1.02087  -1.01037  -0.361183 -0.929124 -0.807471 -0.24451  -0.767601 
data[224       : 255       ]: -0.671689 0.0296123 -0.0017965-0.006458370.0402158 0.0173925 -0.03480160.0179437 -0.00223198-0.00346648-0.205964 -1.16377  -1.67769  -0.311805 -1.04349  -1.46991  -0.459064 -1.05691  -1.47649  -1.79619  -5.14564  -6.61362  -0.951085 -4.65692  -5.93016  -1.01167  -4.53849  -5.60283  -0.37414  -2.57107  -4.81524  0.255034  
data[256       : 287       ]: -2.44086  -4.28893  0.303536  -2.13623  -3.77576  -0.0952966-0.0596023-0.0234919-0.0555111-0.0769459-0.027559 -0.0506709-0.0754432-0.007014 -0.324981 -1.38767  -2.24721  -0.215323 -1.16876  -1.83769  0.0132247 -1.16162  -1.85823  -0.4886   -0.738796 -0.39333  -0.338945 -0.611879 -0.316617 -0.566096 -0.646811 -0.429965 
data[288       : 319       ]: 0.103423  0.127351  0.137506  0.094731  0.130313  0.140198  0.0955026 0.113799  0.109781  0.0831645 0.0892418 0.100008  0.0850356 0.0921096 0.103452  0.0743261 0.0834815 0.0713759 0.0520253 0.0678999 0.0623748 0.0418376 0.0565759 0.0517002 0.0772294 0.0621263 0.0725323 10.4568   9.86086   9.37077   10.2758   9.66329   
data[320       : 351       ]: 9.26952   10.7076   9.95144   9.58556   5.02994   4.74573   4.49119   4.86088   4.64266   4.4359    5.04365   4.712     4.45966   4.96335   4.63669   4.59539   4.91186   4.62258   4.61696   4.98439   4.71334   4.70941   9.99232   9.12433   8.67984   9.9114    9.07839   8.62561   10.3191   9.49504   8.91573   4.79607   
data[352       : 383       ]: 4.42749   4.37904   4.52999   4.27134   4.2464    4.59044   4.34117   4.23942   6.14308   5.8009    5.62871   5.82535   5.60846   5.68856   6.02259   5.67155   5.72787   5.57892   5.13706   5.48354   5.37266   5.18432   5.31569   5.37816   5.12252   5.28664   0.0872215 0.0555093 0.0655375 0.0916111 0.065384  0.0726247 
data[384       : 415       ]: 0.0782537 0.0609466 0.064964  0.113252  0.10279   0.10674   0.139942  0.156036  0.13177   0.120851  0.138156  0.112906  7.50673   6.97555   7.05207   7.2791    6.90004   6.96248   7.2663    7.00208   7.02903   3.34505   3.20933   3.29046   3.20623   3.10012   3.16468   3.27062   3.2097    3.23271   5.75075   5.39647   
data[416       : 447       ]: 5.1464    5.64285   5.40718   5.36485   5.52615   5.32553   5.30756   0.62863   0.503035  0.50358   0.538321  0.517847  0.507335  0.519039  0.382241  0.45262   0.152506  0.234804  0.275587  0.164511  0.263663  0.319192  0.252912  0.310989  0.328222  0.317929  0.377254  0.478113  0.287978  0.335094  0.464228  0.36619   
data[448       : 479       ]: 0.378451  0.428048  0.0611173 0.0316256 0.0321832 0.0854694 0.0620038 0.0512012 0.0881138 0.0681541 0.0474118 2.1178    2.11743   2.26232   2.02894   2.13417   2.28013   2.16194   2.20126   2.3341    0.138914  0.158152  0.128113  0.112666  0.135105  0.0922087 0.140138  0.127789  0.0805629 2.77634   2.70493   2.63651   
data[480       : 511       ]: 2.70612   2.72327   2.577     2.85846   2.72624   2.61838   6.37714   5.8868    5.73601   6.14938   5.7956    5.65459   6.45006   6.06814   5.91254   0.0257229 0.0296343 0.0355726 0.0308362 0.0256466 0.0286476 0.0250454 0.031218  0.0341229 1.68229   1.59429   1.86023   1.41335   1.46117   1.68359   1.478     1.59732   
data[512       : 543       ]: 1.8205    0.053996  0.0658673 0.0683    0.0561185 0.0527741 0.0589004 0.0573282 0.0331919 0.0287611 4.57218   4.31372   4.31617   4.45304   4.22335   4.24022   4.73261   4.51472   4.40692   16.4291   15.7586   15.329    15.956    15.3505   15.275    16.4392   15.8011   15.6078   12.3609   11.6132   11.0251   12.0491   
data[544       : 575       ]: 11.3484   10.9351   11.9993   11.3191   10.8937   0.114281  0.106742  0.117082  0.0925017 0.0856209 0.112707  0.0805769 0.0907733 0.123639  5.66039   5.30963   5.00602   5.36443   5.2417    4.97382   5.13034   4.94708   4.56281   0.525852  0.54194   0.657911  0.534657  0.539545  0.603869  0.49335   0.515592  0.606466  
data[576       : 607       ]: 0.190896  0.108924  0.18267   0.148046  0.108406  0.18071   0.102171  0.0440757 0.124016  0.0402987 0.0996596 0.0582738 -0.00563130.101957  0.0450075 0.0264084 0.123329  0.088145  0.0616427 0.133429  0.0814106 0.0565156 0.120721  0.0712904 0.0395475 0.0986309 0.0576059 8.93063   8.18001   7.8418    9.09192   8.12664   
data[608       : 639       ]: 8.01084   7.66939   7.00117   6.7445    3.90962   2.93366   3.32153   3.61808   2.84414   3.10932   2.88509   2.28062   2.61084   4.00565   3.76364   3.79063   4.12517   3.99891   3.81854   3.33873   3.43132   3.16573   8.20072   7.64347   7.00004   8.08411   7.64938   6.66423   6.73312   6.1851    5.55756   3.36821   
data[640       : 671       ]: 3.41673   2.9495    3.65509   3.52536   3.15408   3.27142   3.19622   2.65174   5.10138   4.87083   4.49489   4.98592   4.94757   4.338     4.21292   4.19953   3.6422    5.09833   6.04613   4.57013   4.89464   5.77346   4.28736   4.05475   4.65932   3.54474   0.0307202 0.0873138 0.04404   0.0616703 0.0824127 0.0563915 
data[672       : 703       ]: 0.0387951 0.0934434 0.0619091 0.0407353 0.115516  0.111505  0.0999018 0.157947  0.127498  0.0842885 0.151995  0.116493  6.83312   7.12695   6.08904   7.06405   7.32244   6.11932   5.84945   5.99768   5.28252   2.93093   3.44338   2.45095   2.69926   3.44628   2.57873   2.43956   2.7446    2.22165   4.65291   4.9933    
data[704       : 735       ]: 4.31681   4.76847   4.6068    4.1781    4.2097    4.04208   3.62023   0.413365  0.910641  0.595887  0.393767  0.85397   0.517687  0.338457  0.787589  0.481483  0.581238  0.397606  0.557531  0.591847  0.426366  0.65721   0.458168  0.327238  0.540855  0.539011  0.353504  0.620173  0.504197  0.420093  0.607458  0.384634  
data[736       : 767       ]: 0.316754  0.451097  0.0185201 0.0487959 0.0146744 0.0195974 0.0294643 0.0127587 -0.010392 0.0169007 -0.0005598622.06563   1.85239   1.66027   2.01611   1.67835   1.70646   1.74875   1.36386   1.34629   0.188953  0.0859924 0.199273  0.219884  0.118206  0.22833   0.185457  0.101798  0.213107  2.55365   2.44606   2.50336   
data[768       : 799       ]: 2.60928   2.20602   2.47684   2.2881    1.92139   2.13115   5.50627   6.10319   4.97153   5.43259   5.95882   4.54115   4.5309    4.8504    3.79638   0.0317945 0.0456647 0.0327004 0.0114918 0.0314971 0.0263743 0.0335808 0.0423358 0.0105373 2.23548   2.28779   1.96588   2.3152    2.46204   2.11029   1.64226   1.89977   
data[800       : 831       ]: 1.65125   0.0396285 -0.001221650.0304525 0.0292148 0.0260852 0.0224479 0.0617871 0.004092560.0365537 3.69191   3.87496   3.29326   3.31402   3.70761   2.87223   2.86555   2.96902   2.37585   14.8877   14.3081   13.4237   14.9043   14.0423   13.15     12.6601   11.9754   11.2063   10.3793   10.0818   9.25911   10.282    
data[832       : 863       ]: 10.0425   9.00403   8.89641   8.47825   7.80469   0.096786  0.140374  0.0926871 0.0627229 0.142318  0.0588634 0.0325016 0.126351  0.0696449 4.58588   4.62246   3.53693   4.58481   4.66061   3.7796    4.00394   4.04574   3.03269   0.524552  0.561543  0.538408  0.591785  0.566062  0.612203  0.5402    0.506726  0.545604  
data[864       : 895       ]: 0.0550075 0.0104637 0.0149406 0.0510732 0.00355034-0.007419530.025167  -0.01309610.003268090.0578626 0.00540663-0.01312290.0321138 -0.0125976-0.01102970.0140125 -0.00829647-0.031608 0.005245950.00234051-0.001055840.008551620.0654235 0.001685220.0337255 0.013606  0.006474541.72741   1.91165   2.42102   1.94074   1.85256   
data[896       : 927       ]: 2.58251   0.671282  1.00826   1.47001   0.937729  0.598292  1.02382   0.552895  0.536725  0.671895  0.495537  0.21352   0.516327  0.787479  1.25793   1.33197   0.874226  0.883509  1.17843   0.391014  0.64473   0.689321  1.59021   1.70454   2.22129   1.49979   1.59353   2.11936   0.960079  1.06099   0.946584  0.603969  
data[928       : 959       ]: 0.691518  0.940306  0.560361  0.891353  0.870529  0.635735  0.441468  0.458188  1.07354   1.26017   1.56942   0.799159  1.05772   1.30898   0.655089  0.566837  0.782626  1.05247   1.39133   1.28887   1.00893   1.28999   1.15929   0.531952  0.490559  0.927646  0.0283062 0.0430726 0.0204936 0.0429518 0.0270968 -0.0128097
data[960       : 991       ]: 0.0152994 0.0209845 -0.01664920.0305948 0.0271812 0.0290159 -0.01112640.0534764 0.0353421 0.024093  0.0564537 -0.01280891.35982   1.6646    2.03135   1.35238   1.86473   2.08691   0.587217  0.84067   1.08402   0.721593  0.793471  0.644062  0.723695  0.625662  0.714369  0.33585   0.453155  0.383287  0.977186  1.21915   
data[992       : 1023      ]: 1.40875   1.01897   1.10005   0.995137  0.525116  0.615623  0.560364  0.202122  0.148726  0.0636837 0.184109  0.0548539 0.0398179 0.0904757 0.0505539 0.0285244 0.224666  0.154376  0.0208544 0.185151  0.170855  0.0733279 0.188156  0.0795292 -0.08874120.131841  0.0787108 0.0257079 0.143046  0.112411  0.112751  0.0913353 
data[1024      : 1055      ]: 0.0661925 -0.07047640.0180863 0.0342747 -0.005243610.006049610.0203075 -0.01416780.0008423680.0178682 -0.01067370.401773  0.588655  0.626431  0.383948  0.395281  0.657892  0.219866  0.408019  0.406901  0.0208453 0.0458761 0.0201099 0.0385502 0.0451296 0.0385707 0.0440054 0.005657450.0199518 0.509744  0.475713  0.598636  
data[1056      : 1087      ]: 0.695001  0.601162  0.739029  0.215967  0.431637  0.330618  1.28591   1.12562   1.07695   1.14146   1.12241   1.27978   0.783624  0.59898   0.612078  0.00436212-0.00326882-0.0191919-0.004303680.00167299-0.0100522-0.001078540.00855785-0.009592680.640249  0.628855  0.617528  0.637477  0.946382  0.712137  0.409265  0.362522  
data[1088      : 1119      ]: 0.29351   0.0246857 0.0145602 -0.00425790.0470809 -0.00399792-0.01866770.0346837 0.0073459 -0.010855 0.689576  1.04001   1.1736    0.657845  0.787879  1.0276    0.392376  0.571339  0.703555  2.92874   3.39578   4.06808   2.87829   3.3447    3.799     1.52742   1.54274   2.26864   1.78896   2.03657   2.73753   1.67534   
data[1120      : 1151      ]: 1.79599   2.70474   1.11621   1.11536   1.5703    0.0558735 0.0404869 7.40732e-050.0664202 0.050723  0.0110315 0.0517234 -0.00641587-0.00169140.64839   0.891587  1.27552   0.966209  0.929211  1.17289   0.549208  0.761593  0.751725  0.200738  0.268939  0.233866  0.238091  0.355421  0.271804  0.108919  0.131838  0.182822  
data[1152      : 1183      ]: -0.0264631-0.0597794-0.0577754-0.0275878-0.0460077-0.118672 -0.0326733-0.0350353-0.08847990.00210515-0.0688482-0.0643593-0.00857657-0.0432819-0.0222359-0.00404099-0.0568109-0.04013180.00537473-0.0136534-0.03215420.00365573-0.0261913-0.01883250.00510047-0.0305573-0.0120435-2.163    -1.45462  -1.33351  -1.83504  -1.12794  
data[1184      : 1215      ]: -1.30485  -2.35607  -1.55853  -1.91839  -0.724163 -0.403098 -0.80622  -0.952998 -0.539889 -0.888216 -1.2141   -0.600404 -0.959921 -0.605708 -0.781477 -0.84243  -0.648243 -0.58794  -0.74163  -0.748213 -1.02115  -0.937202 -1.82545  -1.39152  -0.919317 -1.88224  -1.43516  -1.14309  -2.30368  -1.87072  -1.58106  -1.09911  
data[1216      : 1247      ]: -0.664439 -0.48886  -0.718139 -0.611026 -0.535264 -0.964515 -0.80266  -0.564649 -1.20294  -0.964018 -0.667312 -0.989711 -0.941685 -0.691943 -1.36258  -1.02461  -0.939381 -1.44955  -1.33909  -0.234917 -1.61021  -1.646    -0.501168 -1.92412  -1.77311  -0.416899 -0.011238 -0.0331927-0.008868220.00224493-0.0403735-0.0113617
data[1248      : 1279      ]: -0.0333223-0.0598545-0.00667554-0.014604 -0.0623736-0.03499210.0121726 -0.0484003-0.0281826-0.0142943-0.0432053-0.0385031-1.57429  -1.57533  -0.725542 -1.69708  -1.73413  -0.582936 -1.89272  -1.71341  -0.999201 -0.536587 -1.03606  -0.411147 -0.592774 -1.03741  -0.43768  -0.671443 -1.00312  -0.500228 -1.26398  -1.15157  
data[1280      : 1311      ]: -0.678998 -1.09236  -1.2536   -0.843807 -1.34995  -1.53017  -0.957085 -0.105735 -0.436632 -0.104373 -0.0604459-0.455976 -0.0719785-0.0783868-0.436949 -0.0881476-0.093204 -0.0893512-0.466299 -0.0351408-0.148938 -0.437811 -0.0833382-0.17269  -0.507169 -0.0580045-0.105143 -0.261051 -0.081863 -0.112844 -0.234259 -0.0250853
data[1312      : 1343      ]: -0.109551 -0.275633 0.004774250.00940174-0.00237602-0.002635050.000434803-0.00563443-0.000526606-0.0210185-0.00805285-0.596764 -0.320558 -0.290716 -0.341071 -0.245446 -0.369444 -0.390966 -0.312908 -0.355568 -0.0146101-0.0401285-0.0680109-0.0237285-0.00734979-0.0913783-0.0219254-0.0127867-0.0027457-0.531763 -0.490952 -0.392635 
data[1344      : 1375      ]: -0.498786 -0.458721 -0.611389 -0.767466 -0.510187 -0.640786 -1.39813  -1.56197  -0.618404 -1.55688  -1.65108  -0.737792 -1.5503   -1.87289  -0.870178 -0.00281921-0.00237906-0.000621202-0.000987977-0.01131750.000247495-0.00253752-0.00017489-0.00137247-0.488663 -0.466338 -0.39464  -0.388348 -0.509663 -0.345509 -0.401675 -0.51979  
data[1376      : 1407      ]: -0.440307 -0.00651921-0.0361504-0.0259181-0.00375808-0.0157666-0.0681431-0.00693651-0.018803 -0.0304487-0.756204 -0.854774 -0.543616 -0.819518 -0.826557 -0.538496 -1.02354  -1.08773  -0.725848 -3.28006  -2.57468  -2.49759  -3.07559  -2.47983  -2.28345  -3.70344  -3.22763  -3.05157  -2.42217  -1.69635  -1.07659  -2.34213  
data[1408      : 1439      ]: -1.65924  -0.970276 -2.98444  -2.14077  -1.63653  -0.00852196-0.0646579-0.0496046-0.0126136-0.0604691-0.0351331-0.0140995-0.0946803-0.0410622-1.36135  -1.06671  -0.305752 -1.10781  -0.677924 -0.233768 -1.53348  -0.861954 -0.534548 -0.0819212-0.0435778-0.0933696-0.0645304-0.157696 -0.163354 -0.111061 -0.098368 -0.136169 
data[1440      : 1471      ]: 0.447278  0.485492  0.395631  0.50817   0.542886  0.45713   0.476189  0.505602  0.413382  0.295711  0.280225  0.359803  0.308738  0.256984  0.346737  0.330703  0.277221  0.353912  0.310315  0.297684  0.324838  0.273835  0.220443  0.297722  0.228389  0.229167  0.248918  38.6708   39.7165   38.2436   39.948    41.4643   
data[1472      : 1503      ]: 39.537    38.7347   39.9921   38.1953   17.5644   18.1117   17.4141   17.6006   18.0021   17.3726   17.088    17.4049   16.4779   17.7227   17.8207   17.0225   18.5736   18.9895   18.1316   18.6086   18.3023   17.462    36.1656   37.2209   36.6756   36.4715   37.4674   37.0647   35.1241   35.9539   35.6581   16.047    
data[1504      : 1535      ]: 16.5297   16.0492   16.6256   17.309    16.7704   15.6255   16.3153   15.836    24.3139   25.0471   24.1135   24.8378   25.6942   24.9298   24.1924   24.5188   23.5804   25.222    26.1087   25.3121   25.0803   26.0984   24.8622   23.8741   24.9807   24.115    0.294419  0.278835  0.326525  0.295773  0.289954  0.331392  
data[1536      : 1567      ]: 0.301661  0.277096  0.31206   0.391822  0.350812  0.307346  0.451027  0.412338  0.354811  0.443445  0.388841  0.35796   29.2494   30.4675   29.3055   30.7504   31.9747   30.7425   30.0816   30.8127   29.6906   12.59     12.7779   12.9008   12.7631   12.8332   12.8498   12.3785   12.0485   12.5478   21.1972   21.448    
data[1568      : 1599      ]: 21.1575   21.7724   22.3761   22.0055   20.9776   21.91     21.2112   2.42184   2.21078   2.49944   2.30406   2.17884   2.38823   2.20913   2.06894   2.23461   2.38796   2.60582   2.5567    2.46026   2.62274   2.64783   2.40296   2.65564   2.57811   2.60504   2.66895   2.37427   2.34037   2.40603   2.14456   2.14018   
data[1600      : 1631      ]: 2.19404   1.96662   0.188369  0.105123  0.11708   0.174315  0.0710434 0.090473  0.122779  0.0687439 0.0803718 9.89844   9.95994   9.15013   9.99076   9.97685   9.23271   9.60384   9.68258   9.03124   0.731492  0.723074  0.58993   0.664377  0.650144  0.491771  0.561201  0.561307  0.476523  11.532    11.7219   10.6646   
data[1632      : 1663      ]: 11.4464   11.7698   10.6781   10.8154   11.1928   10.2552   25.3925   26.1857   26.1668   25.5312   26.5585   26.1281   24.6084   25.3604   25.6534   0.112686  0.105518  0.0830522 0.116601  0.126457  0.0889991 0.111529  0.119314  0.0953314 9.98806   10.1775   9.53246   10.2864   10.3762   10.0492   9.96492   9.96433   
data[1664      : 1695      ]: 9.58874   0.296603  0.339364  0.321788  0.284641  0.314992  0.292793  0.249207  0.266343  0.249178  16.7554   17.0384   16.8629   17.0479   17.1339   16.5914   16.5891   16.4727   16.3448   63.61     65.492    63.1677   65.0228   67.2029   64.6487   63.0615   65.3052   62.0394   43.2949   45.4741   43.7353   45.1955   
data[1696      : 1727      ]: 47.1959   45.6831   43.8219   45.6655   43.7461   0.292114  0.262768  0.325437  0.289895  0.257226  0.33603   0.28384   0.242275  0.316263  19.8981   20.9811   20.4925   21.1174   22.0628   21.5968   20.4661   21.4809   20.8189   3.00548   2.62752   2.30741   3.10588   2.75741   2.46742   3.08889   2.72611   2.49456   
data[1728      : 1759      ]: -0.117591 -0.0828576-0.0482245-0.0974368-0.142044 -0.0757029-0.147957 -0.0956521-0.0569774-0.0948658-0.055535 -0.0262966-0.0695168-0.0181424-0.0221229-0.0796865-0.0370449-0.0176753-0.0745144-0.0322537-0.0312236-0.038879 -0.0392626-0.0137622-0.0548934-0.0420198-0.0251301-7.71587  -8.98922  -7.93525  -8.9422   -9.69691  
data[1760      : 1791      ]: -8.74391  -7.61158  -7.25128  -6.88629  -3.01113  -4.28102  -3.66232  -2.87905  -3.95172  -3.21549  -2.8206   -3.36057  -3.2488   -3.8564   -3.82087  -3.07665  -4.51721  -4.38633  -3.50199  -4.02234  -3.85024  -2.97293  -6.63525  -8.44839  -7.70266  -6.85433  -7.67436  -7.07685  -6.44314  -6.39636  -6.04035  -3.0848   
data[1792      : 1823      ]: -3.35231  -3.89684  -3.10309  -3.88571  -4.20977  -2.74003  -3.14586  -3.01023  -4.65277  -5.74346  -5.55702  -4.64189  -5.51374  -5.12912  -4.391    -4.02386  -4.97402  -4.54977  -5.13084  -4.67593  -4.90627  -5.35883  -4.58941  -4.14855  -4.8968   -4.05632  -0.0508259-0.0523124-0.05117  -0.0586662-0.04359  -0.0307805
data[1824      : 1855      ]: -0.0691655-0.063033 -0.0110793-0.128732 -0.0854673-0.0587744-0.14839  -0.119056 -0.0743602-0.141005 -0.0994444-0.0513142-5.75421  -6.26459  -6.0844   -6.5603   -6.4138   -6.64137  -5.71196  -6.33351  -4.88451  -2.82258  -2.22463  -2.23356  -2.69117  -2.66402  -2.32385  -2.76071  -2.3362   -1.89251  -4.17666  -4.59519  
data[1856      : 1887      ]: -4.76327  -4.16116  -5.38683  -4.81282  -3.9503   -4.45785  -3.36232  -0.505872 -0.323965 -0.211451 -0.445844 -0.398936 -0.189324 -0.481158 -0.338355 -0.162223 -0.493805 -0.559142 -0.263611 -0.399174 -0.516111 -0.381958 -0.36094  -0.444293 -0.33451  -0.610369 -0.551445 -0.313728 -0.661797 -0.620596 -0.443725 -0.504134 
data[1888      : 1919      ]: -0.464499 -0.326196 -0.0413877-0.017466 -0.0201159-0.0125542-0.0326106-0.00620574-0.00797387-0.0130689-0.00580918-2.5665   -1.68101  -2.20092  -2.61529  -2.12409  -1.91126  -2.15807  -1.85506  -2.04108  -0.259337 -0.118638 -0.0627309-0.270632 -0.0956387-0.0514394-0.183233 -0.0964088-0.0426505-2.87394  -2.82361  -1.87513  
data[1920      : 1951      ]: -2.91233  -2.38278  -1.90539  -2.53178  -2.23393  -2.0907   -5.10591  -5.41864  -5.1641   -5.61021  -6.40029  -4.38528  -4.68852  -4.46662  -3.75095  -0.0207445-0.024129 -0.0126294-0.00823594-0.0194402-0.0193316-0.044851 -0.0174441-0.0136605-2.37118  -2.10707  -1.8193   -2.43662  -2.40059  -1.95173  -1.98417  -2.0226   
data[1952      : 1983      ]: -1.8549   -0.0621456-0.060439 -0.0635041-0.0704655-0.0773424-0.0603296-0.0719927-0.11568  -0.0418861-3.88041  -3.66143  -3.50465  -3.98695  -3.47558  -3.11161  -3.2068   -2.70236  -2.63774  -13.4482  -13.9457  -13.2588  -14.4311  -14.2831  -13.9133  -12.1125  -12.1336  -11.3802  -8.32802  -10.4471  -9.44845  -9.51911  
data[1984      : 2015      ]: -10.7549  -10.4204  -8.32424  -8.22175  -8.01216  -0.0690517-0.024587 -0.00823691-0.0924764-0.0408407-0.0152128-0.0627483-0.0176352-0.00641118-3.81239  -4.45911  -5.00741  -3.75626  -4.86882  -5.25159  -3.63825  -3.87731  -4.03357  -0.853279 -0.469965 -0.447242 -0.760264 -0.530491 -0.470188 -0.73679  -0.622987 -0.5455   
data[2016      : 2047      ]: 0.0009198660.0011948 -0.0001969380.001620790.001109230.003836980.006756250.015413  -0.01221130.0008362090.00910464-0.000509212-0.000163064-0.0146295-0.00513873-0.005559630.002071040.002698170.0136324 -0.005908810.002412750.00614495-0.009292390.0144251 -0.00306480.0057912 -0.004071640.22713   0.118716  -0.04028250.277411  0.149768  
data[2048      : 2079      ]: -0.122899 0.197335  0.0482276 -0.144703 0.126696  0.0150797 -0.05725080.100392  0.0240201 -0.144588 0.0770231 0.0708282 -0.1104   0.0436873 0.0824393 -0.006045310.116258  0.066447  -0.03889320.115617  -0.009586 -0.07451910.18249   0.143563  -0.02364  0.175724  0.118875  -0.120002 0.159526  0.0573543 -0.075936 0.0648002 
data[2080      : 2111      ]: 0.1201    -0.003098680.149674  0.0641119 -0.06506330.137874  0.0747513 -0.01802680.128819  0.0769426 -0.074742 0.155136  0.0810094 -0.07712  0.123398  0.0841508 -0.02636730.104769  0.146002  -0.02101140.131354  0.168469  -0.146817 0.188404  0.191689  -0.118053 0.001283150.00149043-0.002079050.001045760.005434740.00208927
data[2112      : 2143      ]: 0.003085760.00543654-0.001984610.001700790.0006645810.00466879-0.000417405-0.0003656360.00372558-0.000756717-0.00916492-0.01394770.0862292 0.150007  0.020044  0.164742  0.155181  -0.04182090.240702  0.134944  -0.147988 0.0403078 0.0535929 -0.008862030.0894666 0.0506389 -0.01526670.111003  0.0377765 0.001350580.14618   0.12257   
data[2144      : 2175      ]: -0.02591150.112142  0.085597  -0.05146480.106878  0.0738086 -0.06475670.0154672 0.0139016 -0.02345490.031025  -0.007258470.006123130.005479420.00898784-0.009676260.016335  0.031417  -0.009594340.0267267 0.0190909 -0.007747680.006558830.0277114 0.002169660.0098168 0.0126033 -0.02857780.0110993 0.0283049 -0.01371730.0248172 
data[2176      : 2207      ]: 0.00231037-0.0168776-0.0100138-0.01253370.000281006-0.0153621-0.0183573-0.0110632-0.00710894-0.00915446-0.00172537-0.02007810.0454699 -0.009248170.0765154 0.000299885-0.04788250.087628  -0.0470677-0.0495569-0.004865940.001072490.0006484890.0100171 -0.0220793-0.04302610.0154471 -0.002670930.0042596 0.0880949 0.0433788 -0.0370213
data[2208      : 2239      ]: 0.110844  0.0484435 -0.110589 0.0972362 0.082963  -0.09306560.145422  0.15465   -0.04727840.214546  0.160246  -0.06084640.184055  0.117492  -0.08509260.002229740.000537778-0.00122524-0.00185035-0.00115049-0.00240115-0.0002862260.00331689-0.0001510860.0257627 0.0842414 -0.00704420.0359061 0.0441599 -0.01754230.0867908 0.0812181 
data[2240      : 2271      ]: -0.01648090.006666660.0148886 -0.01512630.000190160.0280973 0.010271  0.004853740.008811740.004606180.0650752 0.0627083 0.002415510.0990576 0.100395  -0.035539 0.0981516 0.0158962 -0.09471140.355272  0.264951  -0.08620580.348353  0.190623  -0.216861 0.324289  0.177235  -0.205103 0.253027  0.238622  -0.02356360.250339  
data[2272      : 2303      ]: 0.266147  -0.156501 0.247326  0.202739  -0.174419 -0.000489551-6.78912e-050.000164745-0.000856016-0.0002187660.0008925630.003622590.001349834.84329e-050.158496  0.164016  0.0194526 0.126074  0.143592  -0.05175860.0960029 0.101981  -0.08322320.00321255-0.0175885-0.02975990.0252445 -0.00831445-0.00585301-0.00340078-0.0311033-0.00977209
data[2304      : 2335      ]: 0.0333367 0.006939330.0898319 0.0280137 -0.01004050.0780772 -0.00164807-0.024756 0.0775468 -0.0464339-0.0660536-0.0845695-0.0164116-0.0750516-0.0900066-0.0359106-0.0873887-0.07490630.0329524 0.0367309 0.0310584 0.033618  0.0383749 0.0194905 -0.00139340.0168943 0.0193231 3.6348    5.52428   7.72856   4.54522   6.55552   
data[2336      : 2367      ]: 8.64729   6.71594   8.81823   10.7167   1.83406   2.49099   3.94881   2.64813   3.42173   4.70837   3.5239    4.29469   5.51391   1.04656   1.97869   3.26709   1.26034   2.12331   3.30088   2.14814   3.01144   4.09771   3.29907   5.11794   7.04095   4.88412   6.73358   8.4968    7.07535   8.82176   10.3618   1.49448   
data[2368      : 2399      ]: 2.38894   3.4951    2.01163   2.80904   3.78698   3.2664    4.10436   4.94583   1.85204   3.23591   4.60434   2.53135   4.02802   5.22218   3.7071    5.22307   6.41942   2.44025   3.13      4.27582   3.3636    4.18534   5.4451    4.33936   5.22526   6.48141   0.0232109 0.0263245 0.0102919 0.0315184 0.0506065 0.0386415 
data[2400      : 2431      ]: 0.0171557 0.0375866 0.0275727 -0.00814919-0.0234148-0.0258332-0.0197855-0.0468753-0.059405 -0.00540371-0.0411577-0.05871352.11735   3.41291   4.99983   2.89234   4.17718   5.84995   4.51946   5.91292   7.60768   0.522028  1.39017   1.94304   0.931441  1.85915   2.32724   1.31124   2.16896   2.76523   1.47767   2.37866   
data[2432      : 2463      ]: 3.57577   2.20389   3.28884   4.4676    3.94687   4.94535   5.93603   0.0762991 0.214     0.213969  0.159891  0.324221  0.259769  0.0434183 0.164717  0.198113  0.0464479 0.002915950.396114  0.0691668 0.0351909 0.421842  0.136453  0.0914004 0.503113  0.466357  0.563599  0.580384  0.558046  0.617566  0.691243  0.318324  
data[2464      : 2495      ]: 0.346372  0.479352  0.0797901 0.0614821 0.0374884 0.0823212 0.0637891 0.0267526 0.0578309 0.0431751 0.0319068 1.81322   2.30725   1.86588   2.12521   2.59635   2.2162    2.63242   3.06559   2.56348   0.0139066 0.0739669 0.122454  -0.02114030.0512298 0.0846201 -0.05128640.0135778 0.0483072 1.55758   2.00635   2.56364   
data[2496      : 2527      ]: 2.11469   2.66494   3.25843   2.68049   3.14015   3.73021   1.47267   2.59725   4.30173   2.4394    3.71103   5.42498   3.71428   5.02023   6.59262   0.009038830.00465152-0.02026430.009249130.00777248-0.01569380.0273199 0.0362288 0.001028450.822571  1.30767   1.61219   0.979018  1.47521   1.77545   1.38342   1.92847   
data[2528      : 2559      ]: 2.14996   0.0300067 0.009187620.0306227 0.0341325 0.0179977 0.0320314 -0.00287321-0.0217372-0.004738941.15857   2.24585   2.90521   2.01289   2.99242   3.686     2.96462   3.9396    4.65522   5.24615   8.12367   11.8353   6.8937    9.79039   13.4322   10.2127   13.0984   16.4938   2.97225   4.87711   8.39987   4.19164   
data[2560      : 2591      ]: 6.07427   9.60891   6.97724   9.03472   12.3394   -0.0382187-0.0516526-0.083416 -0.0419003-0.0454286-0.0876598-0.000260192-0.0252414-0.05831381.64911   2.81643   4.32576   2.0152    3.18901   4.50019   3.56193   4.84712   6.11891   0.458011  0.636926  0.47234   0.483598  0.643016  0.442986  0.535841  0.669039  0.416899  
data[2592      : 2623      ]: -0.0911668-0.108039 -0.0844682-0.0505331-0.0537225-0.0425925-0.0607415-0.0809886-0.0597448-0.108223 -0.050285 -0.15051  -0.106481 -0.0523937-0.154894 -0.066641 -0.0351767-0.125517 -0.0118555-0.0330392-0.0316303-0.0520593-0.0440396-0.0399433-0.0294547-0.0423439-0.0535174-8.12253  -7.83132  -6.28386  -8.05011  -7.22602  
data[2624      : 2655      ]: -6.24607  -7.2693   -6.74591  -5.16788  -3.36639  -3.07278  -2.69647  -3.00353  -2.82833  -2.2952   -2.84752  -2.7321   -2.34697  -3.46892  -3.10852  -2.40821  -3.84917  -3.57474  -2.58913  -3.45168  -3.12141  -2.28956  -7.00297  -6.67426  -6.06503  -6.79026  -6.44773  -5.47197  -6.38809  -5.96337  -4.63592  -3.06739  
data[2656      : 2687      ]: -3.25384  -2.52469  -3.01784  -3.09293  -2.39472  -3.00889  -3.06637  -2.09076  -4.57635  -4.88575  -3.84412  -4.58617  -4.50315  -3.8348   -3.95969  -4.21131  -3.38675  -4.42825  -5.66912  -3.67418  -4.15499  -4.92819  -3.51335  -3.71844  -4.56449  -3.23723  -0.0297356-0.0352917-0.021006 -0.0354976-0.0457305-0.00995763
data[2688      : 2719      ]: -0.0212705-0.0507279-0.0176808-0.0774505-0.116439 -0.0853942-0.148254 -0.121323 -0.0775902-0.0660037-0.137869 -0.0644238-5.59191  -6.40557  -4.51353  -5.60093  -5.94577  -4.27946  -4.96337  -5.90913  -4.14196  -2.15769  -2.25157  -2.18497  -2.36109  -2.16426  -2.13171  -2.09585  -2.24099  -2.00386  -4.29472  -4.65809  
data[2720      : 2751      ]: -3.75565  -4.39115  -3.602    -3.21974  -3.60353  -3.35655  -3.1738   -0.348383 -0.3808   -0.315532 -0.266493 -0.339312 -0.25718  -0.37586  -0.25494  -0.324795 -0.250689 -0.284133 -0.399291 -0.387356 -0.225356 -0.436864 -0.246765 -0.249372 -0.432859 -0.253312 -0.196708 -0.166347 -0.269305 -0.270867 -0.260418 -0.184715 
data[2752      : 2783      ]: -0.324821 -0.218751 -0.0238511-0.00485483-0.0126189-0.02197660.00208697-0.0327599-0.0129854-0.00188922-0.0282066-1.65983  -1.71114  -1.36195  -1.83519  -1.8684   -1.2934   -1.68042  -1.65502  -1.23039  -0.170591 -0.142633 -0.0367161-0.100138 -0.131213 -0.00297701-0.0846134-0.131175 -0.0109243-2.04322  -2.29433  -1.26635  
data[2784      : 2815      ]: -2.18225  -2.08984  -1.52026  -2.05615  -1.81079  -1.31218  -5.26907  -5.40248  -4.0268   -4.72248  -4.85588  -4.20695  -4.25098  -4.43751  -3.82711  -0.00823668-0.0321972-0.0202736-0.0346593-0.0346308-0.028336 -0.00925579-0.0317447-0.0148039-1.33429  -1.76908  -1.17376  -1.52787  -1.9755   -1.50531  -1.36006  -1.71379  
data[2816      : 2847      ]: -1.21953  -0.0418013-0.0233075-0.0372131-0.0660986-0.0513345-0.0370669-0.0188664-0.0467622-0.0390392-3.69993  -3.0995   -2.86528  -3.48415  -3.17623  -2.90798  -3.00881  -2.63968  -2.49944  -12.9272  -12.7431  -10.1175  -12.7606  -12.4448  -9.90717  -11.3664  -11.4336  -8.93347  -9.06225  -9.66585  -7.215    -8.6545   
data[2848      : 2879      ]: -9.35902  -6.59246  -7.94071  -8.37431  -5.73165  -0.103911 -0.0419575-0.107337 -0.076581 -0.0259547-0.107381 -0.0808338-0.0152272-0.10218  -3.68814  -4.17575  -3.27929  -3.89878  -4.49253  -2.92572  -3.26493  -3.62277  -2.47876  -0.389768 -0.358953 -0.350643 -0.566967 -0.513304 -0.484165 -0.52984  -0.428749 -0.475296 
data[2880      : 2911      ]: 0.128571  0.156818  0.113252  0.172269  0.183776  0.126077  0.189085  0.210185  0.169454  0.118422  0.145381  0.109828  0.135345  0.118572  0.0947222 0.150488  0.115022  0.158292  0.0679582 0.0974506 0.0952618 0.08923   0.121702  0.155451  0.108855  0.0689874 0.0925502 10.5475   11.2949   12.5481   11.7269   13.1514   
data[2912      : 2943      ]: 14.3268   13.5511   14.8064   16.0213   4.87995   5.52032   5.83866   5.83312   6.77433   7.33096   6.00226   7.02697   7.81681   4.35673   5.07201   5.32757   4.92396   5.38587   6.36932   5.6274    6.38293   7.19288   10.4217   10.8299   12.3857   12.0612   12.9056   14.2633   13.1139   14.378    15.8318   4.4629    
data[2944      : 2975      ]: 4.41286   5.06136   5.10954   5.2834    5.7811    5.97258   6.38565   6.8779    7.27769   7.07678   7.7482    7.98735   8.08432   8.91328   8.99798   9.00823   9.89723   7.57365   6.83931   7.89839   9.11904   8.23944   9.2068    9.26507   8.51013   9.41912   0.0986855 0.103947  0.13159   0.127706  0.0971681 0.127822  
data[2976      : 3007      ]: 0.0969046 0.0833287 0.0848872 0.140795  0.149875  0.12819   0.136483  0.141212  0.123387  0.177104  0.143322  0.144652  8.18932   7.76696   9.09067   9.06195   8.75226   10.0677   10.457    9.97748   11.6221   3.69122   3.47699   4.08025   3.98441   3.96321   4.42568   4.41165   4.17984   4.98528   5.77229   6.0015    
data[3008      : 3039      ]: 6.32113   6.44071   6.89442   7.61916   7.83763   8.04415   8.70632   0.683248  0.499386  0.693916  0.746926  0.595818  0.752941  0.729178  0.53284   0.600457  0.601921  0.704455  0.521798  0.694992  0.729315  0.614763  0.593035  0.72206   0.601087  0.6967    0.854309  0.856474  0.940748  0.986825  1.04466   0.58798   
data[3040      : 3071      ]: 0.679448  0.62853   0.0891658 0.0827628 0.109697  0.119126  0.130835  0.128475  0.0446149 0.0368008 0.0366933 2.88852   2.95165   3.23527   3.39726   3.6154    3.8815    3.4363    3.6712    3.87712   0.155442  0.224266  0.250349  0.158886  0.254683  0.269753  0.0871978 0.135236  0.144774  3.19978   3.48338   3.74557   
data[3072      : 3103      ]: 3.82523   3.99116   4.07733   3.72395   4.07559   4.20508   7.64585   7.20125   8.39748   8.95649   8.21011   9.66689   9.2854    9.09742   9.91813   0.0406943 0.0328873 0.0334773 0.0146409 0.0320478 0.0318322 0.0222692 0.0158334 0.0409419 2.90491   2.32071   2.90174   3.10593   2.58997   3.11463   3.45697   3.18381   
data[3104      : 3135      ]: 3.7734    0.109949  0.105193  0.108632  0.128657  0.112774  0.0924792 0.106754  0.103168  0.0965426 4.91175   5.16184   5.967     6.14048   6.29992   7.04977   6.54609   6.69735   7.54446   17.7641   19.0368   20.4779   19.9923   21.701    23.3856   22.9602   24.1442   26.1435   12.3392   12.5647   13.9927   13.5365   
data[3136      : 3167      ]: 14.3353   15.7732   15.7946   16.6527   18.2076   0.0973194 0.104773  0.113942  0.129287  0.115665  0.137762  0.166389  0.164843  0.148636  6.04326   5.50452   6.67826   6.45883   6.22438   7.15105   7.82091   7.70019   8.64072   0.998741  1.05204   1.07468   1.04006   1.15564   1.16738   1.04642   1.18873   1.28601   
data[3168      : 3199      ]: 0.112722  0.243871  0.102652  0.121664  0.218879  0.153551  0.189199  0.298571  0.148638  0.0977491 0.0983227 0.197392  0.107548  0.100605  0.24886   0.0497023 0.0962782 0.235157  0.123237  0.125134  0.196882  0.178928  0.201705  0.237004  0.0943941 0.148496  0.172851  17.4049   17.6493   15.2514   18.1062   18.7694   
data[3200      : 3231      ]: 15.9272   19.0381   19.0842   17.1246   7.16178   8.91265   6.23067   7.37702   8.92603   6.7855    6.97146   9.28459   6.28986   7.51908   7.15183   6.42676   7.94145   7.80259   7.18123   8.65273   8.66286   7.93507   16.769    16.301    15.2485   17.3428   16.8847   15.9094   17.7551   17.0577   15.8157   8.0198    
data[3232      : 3263      ]: 8.03653   7.1073    7.81604   7.41426   7.24922   8.66135   7.98287   7.08197   11.5885   10.888    10.3732   12.6056   10.7422   11.2482   12.2787   11.2209   11.1212   12.8464   10.6357   10.9273   14.2206   11.033    10.8187   14.3624   10.9275   10.9566   0.135697  0.0919101 0.159319  0.13491   0.105996  0.176401  
data[3264      : 3295      ]: 0.193871  0.114843  0.159329  0.220819  0.13791   0.191061  0.200924  0.105849  0.235311  0.204029  0.142659  0.221319  15.5697   12.6214   12.3759   15.4352   12.9142   13.0345   17.3249   13.6949   14.0704   6.65728   4.15183   5.75171   6.95241   4.53526   6.36194   6.69448   4.98768   6.27161   9.93249   9.4936    
data[3296      : 3327      ]: 9.20699   10.0842   10.1069   9.18765   10.3955   10.0882   9.97476   1.14014   0.756574  1.12747   1.31669   0.97241   1.36427   1.13818   0.76026   1.21646   0.410368  1.6205    1.01946   0.539459  1.78644   0.948302  0.493944  1.75935   1.06941   0.691456  1.13773   0.817011  0.932253  1.47422   0.965048  0.622292  
data[3328      : 3359      ]: 1.2551    0.755247  -0.006011490.0243649 0.049902  0.0484325 0.0346034 0.0963355 0.0108716 0.0188118 0.0427632 4.1089    3.31577   4.10352   4.97466   3.45549   4.47119   5.03048   3.51503   4.43694   0.28603   0.22513   0.179499  0.360755  0.231579  0.201593  0.30892   0.140989  0.194936  4.82444   5.14174   3.99376   
data[3360      : 3391      ]: 5.20127   5.61441   4.39138   5.23428   5.24397   4.37629   12.8107   11.0231   11.8409   13.8095   12.5989   11.8785   13.4947   12.4829   11.8497   0.0480689 0.020861  0.0607491 0.040301  0.0228796 0.0591403 0.0497659 0.0315223 0.0747837 5.01602   3.87921   4.93162   5.33587   3.74714   5.12164   5.83778   4.01923   
data[3392      : 3423      ]: 4.95017   0.0526703 0.198338  0.0930678 0.0722065 0.216312  0.153506  0.0500033 0.195086  0.0776123 8.06706   6.52751   7.73887   8.51833   6.91103   7.78936   8.42864   7.38534   7.87373   28.3962   28.6963   25.9858   30.5187   29.2902   27.4002   31.0113   30.3579   28.3595   22.1222   20.336    18.1199   22.3514   
data[3424      : 3455      ]: 20.6194   19.0705   23.5778   21.8803   19.3624   0.0577754 0.0485283 0.226373  0.0746065 0.0458759 0.23191   0.0558657 0.0897043 0.222863  11.6483   9.23986   9.39065   11.7589   9.26212   10.206    12.2807   9.66218   10.465    1.09479   0.913379  1.12718   0.94242   0.659786  1.1757    1.05666   0.749731  1.27661   
data[3456      : 3487      ]: -0.00583903-0.0154532-0.0330504-0.0195034-0.05638350.0113988 -0.0273748-0.0214823-0.0151794-0.0603569-0.0163857-0.0396088-0.0686284-0.0786351-0.101438 -0.123114 -0.055418 -0.0825611-0.100182 -0.01939930.00443887-0.0563065-0.016016 -0.00345901-0.0523207-0.00249735-0.00119764-1.56326  -1.57936  -1.58183  -1.53894  -1.39554  
data[3488      : 3519      ]: -1.5162   -1.64509  -1.79434  -1.70569  -0.416683 -0.573237 -0.621506 -0.543556 -0.731006 -0.750981 -0.754525 -0.957611 -0.869619 -1.19345  -0.674714 -0.478772 -1.2564   -0.660543 -0.211433 -1.20835  -0.878427 -0.608311 -1.79161  -1.32676  -1.36054  -1.66009  -1.35016  -1.48222  -1.7981   -1.66692  -2.15359  -0.518488 
data[3520      : 3551      ]: -0.705447 -0.612042 -0.663473 -0.535483 -0.774665 -0.548425 -0.675382 -1.10434  -1.07441  -1.07758  -1.17158  -0.901181 -1.02321  -1.02865  -1.10206  -1.48984  -1.54718  -0.850857 -0.604173 -1.20089  -1.00584  -0.457363 -1.13971  -1.22168  -0.819158 -1.03023  -0.0666265-0.0104103-0.036657 -0.0649596-0.0374094-0.0141841
data[3552      : 3583      ]: -0.0777638-0.00770158-0.0065486-0.038021 -0.02118050.0458241 0.004404130.0306303 0.080556  -0.019837 -0.00650550.0387371 -1.27284  -1.09879  -1.14747  -1.20305  -0.911133 -1.04475  -1.83035  -1.11952  -1.25667  -1.00959  -0.527979 -0.444667 -1.06266  -0.458357 -0.365679 -1.26627  -0.384601 -0.671619 -1.31145  -0.866822 
data[3584      : 3615      ]: -0.68082  -1.25281  -0.822207 -0.860469 -1.27591  -1.0527   -1.22224  -0.285556 0.0182781 -0.0739837-0.378103 0.0642375 -0.0416984-0.417483 -0.0122368-0.196397 -0.200133 -0.242325 -0.191523 -0.244581 -0.25185  -0.133926 -0.350655 -0.320699 -0.200588 -0.0882019-0.147526 -0.146345 -0.133616 -0.170919 -0.118039 -0.154356 
data[3616      : 3647      ]: -0.14333  -0.121907 0.0014946 0.001771350.022943  0.0114177 0.004714250.0247098 0.0248341 -0.00650380.0088921 -0.0795063-0.542117 -0.406541 -0.0835444-0.282676 -0.335423 -0.0463853-0.414251 -0.422103 -0.06237430.02762   0.0352469 -0.101662 -0.0215019-0.00870446-0.0468302-0.0653421-0.0234727-0.440713 -0.656381 -0.467571 
data[3648      : 3679      ]: -0.486902 -0.440729 -0.345952 -0.603124 -0.780492 -0.597455 -1.8835   -1.08905  -1.26676  -1.88454  -1.15184  -1.21845  -2.16244  -1.37841  -1.55817  -0.0287573-0.0376419-0.0200581-0.0329687-0.0328149-0.0399355-0.0359389-0.0221355-0.0487203-0.467938 -0.563006 -0.604717 -0.378015 -0.431167 -0.438    -0.605464 -0.768736 
data[3680      : 3711      ]: -0.535774 -0.0902462-0.0808175-0.0324555-0.0589799-0.0841787-0.0261331-0.0486248-0.0820536-0.0569348-0.71889  -0.338582 -0.307182 -0.619536 -0.343172 -0.22986  -0.903772 -0.692093 -0.634256 -2.77596  -2.43564  -2.58926  -2.61287  -2.37895  -2.52658  -3.37014  -3.3764   -3.08282  -1.80705  -1.56851  -1.70939  -1.56681  
data[3712      : 3743      ]: -1.59053  -1.57424  -1.83845  -2.10006  -2.31625  -0.02450940.0556373 0.0238034 -0.03910740.0400871 -0.0159688-0.0696742-0.001629 -0.0143991-0.880418 -0.849481 -0.505568 -0.853238 -0.786205 -0.962896 -0.5747   -0.753361 -1.06195  -0.162964 -0.120942 -0.114411 -0.14406  -0.102424 -0.0814222-0.128256 -0.231673 -0.13252  
data[3744      : 3775      ]: 0.0167053 -0.00816084-0.0023068-0.00110616-0.00383878-0.00169381-0.0367965-0.01708650.0100067 -0.0301377-0.02280320.0110302 -0.0427936-0.0341704-0.0249041-0.0639956-0.0514971-0.0131565-0.0292939-0.0384651-0.0263698-0.0350017-0.0316618-0.04824770.0241966 -0.000922708-0.03184990.0368294 -0.878476 -0.749601 -0.559322 -1.12116  
data[3776      : 3807      ]: -0.846705 -1.35281  -1.60057  -1.29027  -0.226128 -0.435335 -0.178689 -0.829502 -0.738951 -0.470566 -0.767067 -0.867202 -0.518496 -0.19911  -0.32677  -0.428168 -0.394217 -0.354635 -0.2385   -0.728322 -0.780467 -0.655384 -0.303726 -0.54366  -0.574984 -0.782999 -1.06712  -0.978975 -1.10145  -1.51458  -1.25678  -0.21228  
data[3808      : 3839      ]: -0.116652 -0.498933 -0.438108 -0.344051 -0.825964 -0.481284 -0.692566 -0.79605  -0.150607 -0.938073 -0.786764 -0.565681 -0.656687 -0.976463 -0.530658 -0.861047 -0.880865 -0.319046 -0.334066 -1.12179  -0.418607 -0.799484 -1.49399  -0.603039 -0.793989 -1.57933  -0.0623259-0.00682223-0.0447172-0.0314602-0.0192491-0.0225791
data[3840      : 3871      ]: -0.02439190.0147492 -0.02040460.007084240.0226704 0.0145641 0.0516853 0.0105145 0.0146521 0.0163156 0.0370436 0.0421257 -0.148654 -0.30732  -0.757649 -0.233623 -0.749337 -1.07589  -0.529334 -0.831442 -1.33391  -0.0104645-0.0241345-0.20729  -0.0129278-0.166727 -0.295518 -0.332978 -0.320604 -0.286309 -0.289646 -0.682165 
data[3872      : 3903      ]: -0.432941 -0.546991 -0.704565 -0.790872 -0.735171 -0.66677  -0.974835 -0.07192980.0398199 0.0605569 -0.147823 0.012083  0.0405815 -0.095753 0.0523212 0.0161979 0.0335959 -0.142987 0.0333804 -0.0367633-0.122805 0.0664056 -0.0434965-0.217177 0.068856  -0.0140337-0.2251   -0.0769118-0.0531525-0.151878 -0.0644042-0.0602241
data[3904      : 3935      ]: -0.147274 0.0133076 -0.0230845-0.02521720.00679372-0.0318613-0.0529884-0.0152051-0.00414806-0.04753790.013661  -0.324799 -0.367482 -0.547665 -0.218698 -0.472397 -0.452766 -0.287609 -0.54742  -0.579795 -0.118125 -0.0552984-0.0330337-0.11975  -0.0884069-0.0675348-0.0631476-0.0242531-0.0379398-0.635651 -0.490008 -0.669689 
data[3936      : 3967      ]: -0.745373 -0.719307 -0.917168 -0.779361 -0.848816 -0.864457 -0.16717  -0.264195 -0.584254 -0.301833 -0.578552 -0.927658 -0.59059  -0.6215   -1.22411  -0.0162009-0.00851399-0.016281 -0.007010190.003713520.0111873 0.004976730.005521670.006089130.0565757 -0.375795 -0.232899 0.0805586 -0.160032 -0.380054 -0.100866 -0.426102 
data[3968      : 3999      ]: -0.447115 -0.015979 -0.0204472-0.00356741-0.0219351-0.034422 0.010974  -0.0127437-0.00807970.0288302 -0.419557 -0.312135 -0.676091 -0.37062  -0.686758 -0.660155 -0.776706 -0.967315 -0.995073 -0.594364 -1.23062  -1.40512  -0.982153 -1.75206  -1.55118  -1.88569  -2.51144  -2.3335   -0.0529554-0.287813 -1.08252  -0.551483 
data[4000      : 4031      ]: -0.815281 -1.48725  -0.909787 -1.54931  -2.07158  -0.0123626-0.01742560.0500533 -0.0130503-0.01791560.0349186 -0.0145838-0.005495660.0164594 0.0401466 -0.096063 -0.782198 -0.240574 -0.326676 -1.11429  -0.554603 -0.822381 -1.22555  -0.162348 -0.153152 -0.0335904-0.229846 -0.227773 -0.0252013-0.17191  -0.30139  -0.00972743
data[4032      : 4063      ]: 0.271558  0.295207  0.287935  0.297485  0.341083  0.298335  0.26302   0.31828   0.280732  0.17351   0.159284  0.18992   0.145491  0.201979  0.204657  0.170336  0.169171  0.195985  0.220762  0.219383  0.192113  0.191742  0.156368  0.179099  0.179567  0.138441  0.131398  22.421    21.467    17.1605   23.371    22.4697   
data[4064      : 4095      ]: 18.2526   22.9449   22.1354   17.8518   9.96192   9.64372   7.37859   9.93171   9.50074   7.36776   9.78888   9.43963   7.24975   10.1196   9.86516   8.26926   10.5674   10.3903   8.73144   10.3266   10.1007   8.41382   20.7207   20.0079   16.5022   21.2642   20.619    17.07     20.7579   20.1907   16.7394   8.704     
data[4096      : 4127      ]: 8.59432   6.74527   9.48106   9.22169   7.44461   9.63729   9.38241   7.75236   13.9388   13.9277   11.3748   14.3866   14.5513   12.1453   14.1706   14.3099   12.0565   14.4646   15.7459   13.3682   14.7275   15.7617   13.654    14.2157   15.0529   13.1053   0.168943  0.153791  0.147128  0.130587  0.143525  0.16607   
data[4128      : 4159      ]: 0.109784  0.124717  0.136683  0.203436  0.236492  0.235611  0.25885   0.316307  0.284127  0.231111  0.298619  0.282755  16.7924   17.4358   14.7172   17.9775   18.6238   15.7674   17.4241   18.1957   15.4826   6.75572   6.98253   6.16438   6.95425   7.11217   6.37039   6.56021   6.75316   6.04625   11.5504   11.4861   
data[4160      : 4191      ]: 9.45436   12.4099   12.2767   10.169    12.2733   12.2496   10.3831   1.31545   1.37568   1.37125   1.18698   1.27207   1.25222   1.15002   1.13328   1.16431   1.49396   1.70966   1.51144   1.52285   1.83312   1.5454    1.47774   1.76749   1.48214   1.38806   1.4982    1.28679   1.28107   1.32989   1.14883   1.06567   
data[4192      : 4223      ]: 1.1068    0.872043  0.10206   0.0671479 0.0630035 0.10168   0.0426424 0.0528222 0.0560736 0.0275689 0.0452778 5.81803   5.4631    4.55349   5.94065   5.61859   4.673     5.61888   5.42376   4.5707    0.478843  0.420323  0.354628  0.442875  0.346298  0.36158   0.328588  0.293217  0.278387  6.36408   6.34875   5.18056   
data[4224      : 4255      ]: 6.44621   6.36072   5.28537   6.00511   5.89781   4.92265   15.0551   15.8386   13.5888   15.4946   16.3186   14.1462   14.943    15.8366   13.5991   0.0767792 0.0993507 0.0732663 0.0696146 0.08021   0.0625738 0.0601643 0.0699708 0.0574896 5.49593   5.99261   5.17879   5.76439   6.23525   5.40464   5.66212   6.05149   
data[4256      : 4287      ]: 5.42575   0.210815  0.255478  0.249927  0.19233   0.242687  0.242291  0.163172  0.224133  0.223141  9.35877   8.94151   7.59672   9.64342   9.26595   7.85283   9.33564   9.14699   7.68101   36.2718   35.9759   29.5774   38.0962   37.8612   31.0924   37.4658   37.1101   30.5791   25.2157   25.6307   20.9998   26.4738   
data[4288      : 4319      ]: 26.8835   22.2921   26.282    26.5991   21.8548   0.1404    0.158812  0.177844  0.104044  0.161723  0.150245  0.141174  0.158687  0.202869  11.8189   11.9804   9.81463   12.4283   12.7839   10.669    12.4346   12.6767   10.6345   1.33184   1.17542   1.11549   1.35825   1.24773   1.19408   1.26816   1.16488   1.13764   
data[4320      : 4351      ]: -0.110792 -0.0859461-0.021237 -0.121523 -0.0902898-0.0387721-0.147907 -0.153551 -0.0835813-0.0216144-0.054403 0.008829760.00722184-0.0466994-0.00900607-0.00619357-0.0241163-0.00632125-0.0142132-0.04599910.0128763 -0.0429958-0.06158910.0263021 -0.0553967-0.0805369-0.00777206-9.71018  -8.96943  -6.85866  -9.78342  -9.1538   
data[4352      : 4383      ]: -7.25475  -9.63595  -9.05727  -7.92272  -4.308    -3.97686  -3.32305  -3.94023  -3.84855  -3.2379   -4.05459  -3.79256  -3.29583  -4.59191  -4.2208   -3.43877  -4.51809  -3.9874   -3.59606  -4.54151  -4.0143   -3.21772  -8.31117  -8.18266  -6.54187  -8.39587  -8.46293  -6.82612  -8.30444  -7.93362  -6.78612  -3.81826  
data[4384      : 4415      ]: -3.7398   -2.99878  -4.0982   -3.96979  -2.91063  -3.87843  -3.88907  -2.9371   -6.08061  -6.00478  -4.85067  -6.08115  -5.80346  -4.96533  -5.75916  -5.8549   -4.83682  -5.9527   -6.59183  -4.54568  -6.51601  -6.62413  -4.28664  -6.29417  -6.34739  -4.79054  -0.0617049-0.0630713-0.0525249-0.0625515-0.0869688-0.0329932
data[4416      : 4447      ]: -0.0651159-0.0630265-0.0237778-0.10234  -0.117062 -0.0920144-0.10272  -0.104681 -0.105741 -0.0679576-0.135035 -0.0478828-7.6435   -7.59369  -5.38852  -7.78304  -7.62137  -5.82824  -7.71026  -7.59446  -5.65171  -2.89235  -2.7445   -2.35687  -2.56567  -2.66036  -2.38027  -2.7081   -2.46561  -2.27871  -4.96582  -4.94509  
data[4448      : 4479      ]: -3.91714  -4.99332  -5.42587  -4.01883  -5.15028  -5.46884  -4.44381  -0.423146 -0.65399  -0.17406  -0.381725 -0.544655 -0.167349 -0.383069 -0.525245 -0.13338  -0.550503 -0.761317 -0.697224 -0.501754 -0.920282 -0.651231 -0.511355 -0.830523 -0.588992 -0.550002 -0.581627 -0.461634 -0.496975 -0.540922 -0.485996 -0.487909 
data[4480      : 4511      ]: -0.580555 -0.445098 -0.0140488-0.00729847-0.0348563-0.037139 -0.0225892-0.019831 -0.0201863-0.0223872-0.0160502-2.52692  -2.13292  -2.04286  -2.64576  -2.19114  -1.93618  -2.61322  -2.0727   -2.15585  -0.214863 -0.102114 -0.0807978-0.159891 -0.111282 -0.0872977-0.191884 -0.06883270.0149555 -2.8857   -2.7992   -1.76206  
data[4512      : 4543      ]: -3.02408  -2.63969  -1.75819  -2.76431  -2.58132  -1.93614  -6.02282  -6.72041  -5.17666  -6.34819  -7.00623  -4.91996  -6.57572  -6.52068  -5.21946  -0.0201708-0.0308979-0.040158 -0.0189068-0.0173471-0.00966037-0.0178633-0.0305158-0.0071226-2.32869  -2.50504  -2.25632  -2.43285  -2.53905  -2.15728  -2.18643  -2.55726  
data[4544      : 4575      ]: -2.13689  -0.0696009-0.122949 -0.0878856-0.0255579-0.130314 -0.0986803-0.067497 -0.138975 -0.0680256-3.72916  -3.78442  -3.18269  -4.17342  -3.91687  -3.11291  -4.39562  -3.73182  -3.43009  -15.4632  -14.9341  -11.7269  -16.2155  -15.7228  -12.3238  -15.8786  -15.4992  -12.7965  -11.0396  -10.5378  -8.38239  -11.2742  
data[4576      : 4607      ]: -10.8825  -8.85387  -11.2043  -10.9299  -8.94107  0.0119217 -0.0684973-0.02316780.0169894 -0.0300212-0.0368255-0.0129597-0.0367448-0.0139204-5.03802  -4.73631  -4.21997  -4.93805  -5.1343   -4.3738   -5.29845  -5.11201  -4.39461  -0.637496 -0.414874 -0.335578 -0.403035 -0.310699 -0.352012 -0.425317 -0.35317  -0.395077 
Time 10409110 ns: producer080000005 finish sending data!
