Time 5922680 ns: ack for producer08000000a's req!
Time 5922710 ns: producer08000000a is sending data!
data[0         : 31        ]: 0.0333367 0.006939330.0898319 0.0280137 -0.01004050.0780772 -0.00164807-0.024756 0.0775468 -0.0464339-0.0660536-0.0845695-0.0164116-0.0750516-0.0900066-0.0359106-0.0873887-0.07490630.0329524 0.0367309 0.0310584 0.033618  0.0383749 0.0194905 -0.00139340.0168943 0.0193231 3.6348    5.52428   7.72856   4.54522   6.55552   
data[32        : 63        ]: 8.64729   6.71594   8.81823   10.7167   1.83406   2.49099   3.94881   2.64813   3.42173   4.70837   3.5239    4.29469   5.51391   1.04656   1.97869   3.26709   1.26034   2.12331   3.30088   2.14814   3.01144   4.09771   3.29907   5.11794   7.04095   4.88412   6.73358   8.4968    7.07535   8.82176   10.3618   1.49448   
data[64        : 95        ]: 2.38894   3.4951    2.01163   2.80904   3.78698   3.2664    4.10436   4.94583   1.85204   3.23591   4.60434   2.53135   4.02802   5.22218   3.7071    5.22307   6.41942   2.44025   3.13      4.27582   3.3636    4.18534   5.4451    4.33936   5.22526   6.48141   0.0232109 0.0263245 0.0102919 0.0315184 0.0506065 0.0386415 
data[96        : 127       ]: 0.0171557 0.0375866 0.0275727 -0.00814919-0.0234148-0.0258332-0.0197855-0.0468753-0.059405 -0.00540371-0.0411577-0.05871352.11735   3.41291   4.99983   2.89234   4.17718   5.84995   4.51946   5.91292   7.60768   0.522028  1.39017   1.94304   0.931441  1.85915   2.32724   1.31124   2.16896   2.76523   1.47767   2.37866   
data[128       : 159       ]: 3.57577   2.20389   3.28884   4.4676    3.94687   4.94535   5.93603   0.0762991 0.214     0.213969  0.159891  0.324221  0.259769  0.0434183 0.164717  0.198113  0.0464479 0.002915950.396114  0.0691668 0.0351909 0.421842  0.136453  0.0914004 0.503113  0.466357  0.563599  0.580384  0.558046  0.617566  0.691243  0.318324  
data[160       : 191       ]: 0.346372  0.479352  0.0797901 0.0614821 0.0374884 0.0823212 0.0637891 0.0267526 0.0578309 0.0431751 0.0319068 1.81322   2.30725   1.86588   2.12521   2.59635   2.2162    2.63242   3.06559   2.56348   0.0139066 0.0739669 0.122454  -0.02114030.0512298 0.0846201 -0.05128640.0135778 0.0483072 1.55758   2.00635   2.56364   
data[192       : 223       ]: 2.11469   2.66494   3.25843   2.68049   3.14015   3.73021   1.47267   2.59725   4.30173   2.4394    3.71103   5.42498   3.71428   5.02023   6.59262   0.009038830.00465152-0.02026430.009249130.00777248-0.01569380.0273199 0.0362288 0.001028450.822571  1.30767   1.61219   0.979018  1.47521   1.77545   1.38342   1.92847   
data[224       : 255       ]: 2.14996   0.0300067 0.009187620.0306227 0.0341325 0.0179977 0.0320314 -0.00287321-0.0217372-0.004738941.15857   2.24585   2.90521   2.01289   2.99242   3.686     2.96462   3.9396    4.65522   5.24615   8.12367   11.8353   6.8937    9.79039   13.4322   10.2127   13.0984   16.4938   2.97225   4.87711   8.39987   4.19164   
data[256       : 287       ]: 6.07427   9.60891   6.97724   9.03472   12.3394   -0.0382187-0.0516526-0.083416 -0.0419003-0.0454286-0.0876598-0.000260192-0.0252414-0.05831381.64911   2.81643   4.32576   2.0152    3.18901   4.50019   3.56193   4.84712   6.11891   0.458011  0.636926  0.47234   0.483598  0.643016  0.442986  0.535841  0.669039  0.416899  
data[288       : 319       ]: -0.0911668-0.108039 -0.0844682-0.0505331-0.0537225-0.0425925-0.0607415-0.0809886-0.0597448-0.108223 -0.050285 -0.15051  -0.106481 -0.0523937-0.154894 -0.066641 -0.0351767-0.125517 -0.0118555-0.0330392-0.0316303-0.0520593-0.0440396-0.0399433-0.0294547-0.0423439-0.0535174-8.12253  -7.83132  -6.28386  -8.05011  -7.22602  
data[320       : 351       ]: -6.24607  -7.2693   -6.74591  -5.16788  -3.36639  -3.07278  -2.69647  -3.00353  -2.82833  -2.2952   -2.84752  -2.7321   -2.34697  -3.46892  -3.10852  -2.40821  -3.84917  -3.57474  -2.58913  -3.45168  -3.12141  -2.28956  -7.00297  -6.67426  -6.06503  -6.79026  -6.44773  -5.47197  -6.38809  -5.96337  -4.63592  -3.06739  
data[352       : 383       ]: -3.25384  -2.52469  -3.01784  -3.09293  -2.39472  -3.00889  -3.06637  -2.09076  -4.57635  -4.88575  -3.84412  -4.58617  -4.50315  -3.8348   -3.95969  -4.21131  -3.38675  -4.42825  -5.66912  -3.67418  -4.15499  -4.92819  -3.51335  -3.71844  -4.56449  -3.23723  -0.0297356-0.0352917-0.021006 -0.0354976-0.0457305-0.00995763
data[384       : 415       ]: -0.0212705-0.0507279-0.0176808-0.0774505-0.116439 -0.0853942-0.148254 -0.121323 -0.0775902-0.0660037-0.137869 -0.0644238-5.59191  -6.40557  -4.51353  -5.60093  -5.94577  -4.27946  -4.96337  -5.90913  -4.14196  -2.15769  -2.25157  -2.18497  -2.36109  -2.16426  -2.13171  -2.09585  -2.24099  -2.00386  -4.29472  -4.65809  
data[416       : 447       ]: -3.75565  -4.39115  -3.602    -3.21974  -3.60353  -3.35655  -3.1738   -0.348383 -0.3808   -0.315532 -0.266493 -0.339312 -0.25718  -0.37586  -0.25494  -0.324795 -0.250689 -0.284133 -0.399291 -0.387356 -0.225356 -0.436864 -0.246765 -0.249372 -0.432859 -0.253312 -0.196708 -0.166347 -0.269305 -0.270867 -0.260418 -0.184715 
data[448       : 479       ]: -0.324821 -0.218751 -0.0238511-0.00485483-0.0126189-0.02197660.00208697-0.0327599-0.0129854-0.00188922-0.0282066-1.65983  -1.71114  -1.36195  -1.83519  -1.8684   -1.2934   -1.68042  -1.65502  -1.23039  -0.170591 -0.142633 -0.0367161-0.100138 -0.131213 -0.00297701-0.0846134-0.131175 -0.0109243-2.04322  -2.29433  -1.26635  
data[480       : 511       ]: -2.18225  -2.08984  -1.52026  -2.05615  -1.81079  -1.31218  -5.26907  -5.40248  -4.0268   -4.72248  -4.85588  -4.20695  -4.25098  -4.43751  -3.82711  -0.00823668-0.0321972-0.0202736-0.0346593-0.0346308-0.028336 -0.00925579-0.0317447-0.0148039-1.33429  -1.76908  -1.17376  -1.52787  -1.9755   -1.50531  -1.36006  -1.71379  
data[512       : 543       ]: -1.21953  -0.0418013-0.0233075-0.0372131-0.0660986-0.0513345-0.0370669-0.0188664-0.0467622-0.0390392-3.69993  -3.0995   -2.86528  -3.48415  -3.17623  -2.90798  -3.00881  -2.63968  -2.49944  -12.9272  -12.7431  -10.1175  -12.7606  -12.4448  -9.90717  -11.3664  -11.4336  -8.93347  -9.06225  -9.66585  -7.215    -8.6545   
data[544       : 575       ]: -9.35902  -6.59246  -7.94071  -8.37431  -5.73165  -0.103911 -0.0419575-0.107337 -0.076581 -0.0259547-0.107381 -0.0808338-0.0152272-0.10218  -3.68814  -4.17575  -3.27929  -3.89878  -4.49253  -2.92572  -3.26493  -3.62277  -2.47876  -0.389768 -0.358953 -0.350643 -0.566967 -0.513304 -0.484165 -0.52984  -0.428749 -0.475296 
data[576       : 607       ]: 0.128571  0.156818  0.113252  0.172269  0.183776  0.126077  0.189085  0.210185  0.169454  0.118422  0.145381  0.109828  0.135345  0.118572  0.0947222 0.150488  0.115022  0.158292  0.0679582 0.0974506 0.0952618 0.08923   0.121702  0.155451  0.108855  0.0689874 0.0925502 10.5475   11.2949   12.5481   11.7269   13.1514   
data[608       : 639       ]: 14.3268   13.5511   14.8064   16.0213   4.87995   5.52032   5.83866   5.83312   6.77433   7.33096   6.00226   7.02697   7.81681   4.35673   5.07201   5.32757   4.92396   5.38587   6.36932   5.6274    6.38293   7.19288   10.4217   10.8299   12.3857   12.0612   12.9056   14.2633   13.1139   14.378    15.8318   4.4629    
data[640       : 671       ]: 4.41286   5.06136   5.10954   5.2834    5.7811    5.97258   6.38565   6.8779    7.27769   7.07678   7.7482    7.98735   8.08432   8.91328   8.99798   9.00823   9.89723   7.57365   6.83931   7.89839   9.11904   8.23944   9.2068    9.26507   8.51013   9.41912   0.0986855 0.103947  0.13159   0.127706  0.0971681 0.127822  
data[672       : 703       ]: 0.0969046 0.0833287 0.0848872 0.140795  0.149875  0.12819   0.136483  0.141212  0.123387  0.177104  0.143322  0.144652  8.18932   7.76696   9.09067   9.06195   8.75226   10.0677   10.457    9.97748   11.6221   3.69122   3.47699   4.08025   3.98441   3.96321   4.42568   4.41165   4.17984   4.98528   5.77229   6.0015    
data[704       : 735       ]: 6.32113   6.44071   6.89442   7.61916   7.83763   8.04415   8.70632   0.683248  0.499386  0.693916  0.746926  0.595818  0.752941  0.729178  0.53284   0.600457  0.601921  0.704455  0.521798  0.694992  0.729315  0.614763  0.593035  0.72206   0.601087  0.6967    0.854309  0.856474  0.940748  0.986825  1.04466   0.58798   
data[736       : 767       ]: 0.679448  0.62853   0.0891658 0.0827628 0.109697  0.119126  0.130835  0.128475  0.0446149 0.0368008 0.0366933 2.88852   2.95165   3.23527   3.39726   3.6154    3.8815    3.4363    3.6712    3.87712   0.155442  0.224266  0.250349  0.158886  0.254683  0.269753  0.0871978 0.135236  0.144774  3.19978   3.48338   3.74557   
data[768       : 799       ]: 3.82523   3.99116   4.07733   3.72395   4.07559   4.20508   7.64585   7.20125   8.39748   8.95649   8.21011   9.66689   9.2854    9.09742   9.91813   0.0406943 0.0328873 0.0334773 0.0146409 0.0320478 0.0318322 0.0222692 0.0158334 0.0409419 2.90491   2.32071   2.90174   3.10593   2.58997   3.11463   3.45697   3.18381   
data[800       : 831       ]: 3.7734    0.109949  0.105193  0.108632  0.128657  0.112774  0.0924792 0.106754  0.103168  0.0965426 4.91175   5.16184   5.967     6.14048   6.29992   7.04977   6.54609   6.69735   7.54446   17.7641   19.0368   20.4779   19.9923   21.701    23.3856   22.9602   24.1442   26.1435   12.3392   12.5647   13.9927   13.5365   
data[832       : 863       ]: 14.3353   15.7732   15.7946   16.6527   18.2076   0.0973194 0.104773  0.113942  0.129287  0.115665  0.137762  0.166389  0.164843  0.148636  6.04326   5.50452   6.67826   6.45883   6.22438   7.15105   7.82091   7.70019   8.64072   0.998741  1.05204   1.07468   1.04006   1.15564   1.16738   1.04642   1.18873   1.28601   
data[864       : 895       ]: 0.112722  0.243871  0.102652  0.121664  0.218879  0.153551  0.189199  0.298571  0.148638  0.0977491 0.0983227 0.197392  0.107548  0.100605  0.24886   0.0497023 0.0962782 0.235157  0.123237  0.125134  0.196882  0.178928  0.201705  0.237004  0.0943941 0.148496  0.172851  17.4049   17.6493   15.2514   18.1062   18.7694   
data[896       : 927       ]: 15.9272   19.0381   19.0842   17.1246   7.16178   8.91265   6.23067   7.37702   8.92603   6.7855    6.97146   9.28459   6.28986   7.51908   7.15183   6.42676   7.94145   7.80259   7.18123   8.65273   8.66286   7.93507   16.769    16.301    15.2485   17.3428   16.8847   15.9094   17.7551   17.0577   15.8157   8.0198    
data[928       : 959       ]: 8.03653   7.1073    7.81604   7.41426   7.24922   8.66135   7.98287   7.08197   11.5885   10.888    10.3732   12.6056   10.7422   11.2482   12.2787   11.2209   11.1212   12.8464   10.6357   10.9273   14.2206   11.033    10.8187   14.3624   10.9275   10.9566   0.135697  0.0919101 0.159319  0.13491   0.105996  0.176401  
data[960       : 991       ]: 0.193871  0.114843  0.159329  0.220819  0.13791   0.191061  0.200924  0.105849  0.235311  0.204029  0.142659  0.221319  15.5697   12.6214   12.3759   15.4352   12.9142   13.0345   17.3249   13.6949   14.0704   6.65728   4.15183   5.75171   6.95241   4.53526   6.36194   6.69448   4.98768   6.27161   9.93249   9.4936    
data[992       : 1023      ]: 9.20699   10.0842   10.1069   9.18765   10.3955   10.0882   9.97476   1.14014   0.756574  1.12747   1.31669   0.97241   1.36427   1.13818   0.76026   1.21646   0.410368  1.6205    1.01946   0.539459  1.78644   0.948302  0.493944  1.75935   1.06941   0.691456  1.13773   0.817011  0.932253  1.47422   0.965048  0.622292  
data[1024      : 1055      ]: 1.2551    0.755247  -0.006011490.0243649 0.049902  0.0484325 0.0346034 0.0963355 0.0108716 0.0188118 0.0427632 4.1089    3.31577   4.10352   4.97466   3.45549   4.47119   5.03048   3.51503   4.43694   0.28603   0.22513   0.179499  0.360755  0.231579  0.201593  0.30892   0.140989  0.194936  4.82444   5.14174   3.99376   
data[1056      : 1087      ]: 5.20127   5.61441   4.39138   5.23428   5.24397   4.37629   12.8107   11.0231   11.8409   13.8095   12.5989   11.8785   13.4947   12.4829   11.8497   0.0480689 0.020861  0.0607491 0.040301  0.0228796 0.0591403 0.0497659 0.0315223 0.0747837 5.01602   3.87921   4.93162   5.33587   3.74714   5.12164   5.83778   4.01923   
data[1088      : 1119      ]: 4.95017   0.0526703 0.198338  0.0930678 0.0722065 0.216312  0.153506  0.0500033 0.195086  0.0776123 8.06706   6.52751   7.73887   8.51833   6.91103   7.78936   8.42864   7.38534   7.87373   28.3962   28.6963   25.9858   30.5187   29.2902   27.4002   31.0113   30.3579   28.3595   22.1222   20.336    18.1199   22.3514   
data[1120      : 1151      ]: 20.6194   19.0705   23.5778   21.8803   19.3624   0.0577754 0.0485283 0.226373  0.0746065 0.0458759 0.23191   0.0558657 0.0897043 0.222863  11.6483   9.23986   9.39065   11.7589   9.26212   10.206    12.2807   9.66218   10.465    1.09479   0.913379  1.12718   0.94242   0.659786  1.1757    1.05666   0.749731  1.27661   
data[1152      : 1183      ]: -0.00583903-0.0154532-0.0330504-0.0195034-0.05638350.0113988 -0.0273748-0.0214823-0.0151794-0.0603569-0.0163857-0.0396088-0.0686284-0.0786351-0.101438 -0.123114 -0.055418 -0.0825611-0.100182 -0.01939930.00443887-0.0563065-0.016016 -0.00345901-0.0523207-0.00249735-0.00119764-1.56326  -1.57936  -1.58183  -1.53894  -1.39554  
data[1184      : 1215      ]: -1.5162   -1.64509  -1.79434  -1.70569  -0.416683 -0.573237 -0.621506 -0.543556 -0.731006 -0.750981 -0.754525 -0.957611 -0.869619 -1.19345  -0.674714 -0.478772 -1.2564   -0.660543 -0.211433 -1.20835  -0.878427 -0.608311 -1.79161  -1.32676  -1.36054  -1.66009  -1.35016  -1.48222  -1.7981   -1.66692  -2.15359  -0.518488 
data[1216      : 1247      ]: -0.705447 -0.612042 -0.663473 -0.535483 -0.774665 -0.548425 -0.675382 -1.10434  -1.07441  -1.07758  -1.17158  -0.901181 -1.02321  -1.02865  -1.10206  -1.48984  -1.54718  -0.850857 -0.604173 -1.20089  -1.00584  -0.457363 -1.13971  -1.22168  -0.819158 -1.03023  -0.0666265-0.0104103-0.036657 -0.0649596-0.0374094-0.0141841
data[1248      : 1279      ]: -0.0777638-0.00770158-0.0065486-0.038021 -0.02118050.0458241 0.004404130.0306303 0.080556  -0.019837 -0.00650550.0387371 -1.27284  -1.09879  -1.14747  -1.20305  -0.911133 -1.04475  -1.83035  -1.11952  -1.25667  -1.00959  -0.527979 -0.444667 -1.06266  -0.458357 -0.365679 -1.26627  -0.384601 -0.671619 -1.31145  -0.866822 
data[1280      : 1311      ]: -0.68082  -1.25281  -0.822207 -0.860469 -1.27591  -1.0527   -1.22224  -0.285556 0.0182781 -0.0739837-0.378103 0.0642375 -0.0416984-0.417483 -0.0122368-0.196397 -0.200133 -0.242325 -0.191523 -0.244581 -0.25185  -0.133926 -0.350655 -0.320699 -0.200588 -0.0882019-0.147526 -0.146345 -0.133616 -0.170919 -0.118039 -0.154356 
data[1312      : 1343      ]: -0.14333  -0.121907 0.0014946 0.001771350.022943  0.0114177 0.004714250.0247098 0.0248341 -0.00650380.0088921 -0.0795063-0.542117 -0.406541 -0.0835444-0.282676 -0.335423 -0.0463853-0.414251 -0.422103 -0.06237430.02762   0.0352469 -0.101662 -0.0215019-0.00870446-0.0468302-0.0653421-0.0234727-0.440713 -0.656381 -0.467571 
data[1344      : 1375      ]: -0.486902 -0.440729 -0.345952 -0.603124 -0.780492 -0.597455 -1.8835   -1.08905  -1.26676  -1.88454  -1.15184  -1.21845  -2.16244  -1.37841  -1.55817  -0.0287573-0.0376419-0.0200581-0.0329687-0.0328149-0.0399355-0.0359389-0.0221355-0.0487203-0.467938 -0.563006 -0.604717 -0.378015 -0.431167 -0.438    -0.605464 -0.768736 
data[1376      : 1407      ]: -0.535774 -0.0902462-0.0808175-0.0324555-0.0589799-0.0841787-0.0261331-0.0486248-0.0820536-0.0569348-0.71889  -0.338582 -0.307182 -0.619536 -0.343172 -0.22986  -0.903772 -0.692093 -0.634256 -2.77596  -2.43564  -2.58926  -2.61287  -2.37895  -2.52658  -3.37014  -3.3764   -3.08282  -1.80705  -1.56851  -1.70939  -1.56681  
data[1408      : 1439      ]: -1.59053  -1.57424  -1.83845  -2.10006  -2.31625  -0.02450940.0556373 0.0238034 -0.03910740.0400871 -0.0159688-0.0696742-0.001629 -0.0143991-0.880418 -0.849481 -0.505568 -0.853238 -0.786205 -0.962896 -0.5747   -0.753361 -1.06195  -0.162964 -0.120942 -0.114411 -0.14406  -0.102424 -0.0814222-0.128256 -0.231673 -0.13252  
data[1440      : 1471      ]: 0.0167053 -0.00816084-0.0023068-0.00110616-0.00383878-0.00169381-0.0367965-0.01708650.0100067 -0.0301377-0.02280320.0110302 -0.0427936-0.0341704-0.0249041-0.0639956-0.0514971-0.0131565-0.0292939-0.0384651-0.0263698-0.0350017-0.0316618-0.04824770.0241966 -0.000922708-0.03184990.0368294 -0.878476 -0.749601 -0.559322 -1.12116  
data[1472      : 1503      ]: -0.846705 -1.35281  -1.60057  -1.29027  -0.226128 -0.435335 -0.178689 -0.829502 -0.738951 -0.470566 -0.767067 -0.867202 -0.518496 -0.19911  -0.32677  -0.428168 -0.394217 -0.354635 -0.2385   -0.728322 -0.780467 -0.655384 -0.303726 -0.54366  -0.574984 -0.782999 -1.06712  -0.978975 -1.10145  -1.51458  -1.25678  -0.21228  
data[1504      : 1535      ]: -0.116652 -0.498933 -0.438108 -0.344051 -0.825964 -0.481284 -0.692566 -0.79605  -0.150607 -0.938073 -0.786764 -0.565681 -0.656687 -0.976463 -0.530658 -0.861047 -0.880865 -0.319046 -0.334066 -1.12179  -0.418607 -0.799484 -1.49399  -0.603039 -0.793989 -1.57933  -0.0623259-0.00682223-0.0447172-0.0314602-0.0192491-0.0225791
data[1536      : 1567      ]: -0.02439190.0147492 -0.02040460.007084240.0226704 0.0145641 0.0516853 0.0105145 0.0146521 0.0163156 0.0370436 0.0421257 -0.148654 -0.30732  -0.757649 -0.233623 -0.749337 -1.07589  -0.529334 -0.831442 -1.33391  -0.0104645-0.0241345-0.20729  -0.0129278-0.166727 -0.295518 -0.332978 -0.320604 -0.286309 -0.289646 -0.682165 
data[1568      : 1599      ]: -0.432941 -0.546991 -0.704565 -0.790872 -0.735171 -0.66677  -0.974835 -0.07192980.0398199 0.0605569 -0.147823 0.012083  0.0405815 -0.095753 0.0523212 0.0161979 0.0335959 -0.142987 0.0333804 -0.0367633-0.122805 0.0664056 -0.0434965-0.217177 0.068856  -0.0140337-0.2251   -0.0769118-0.0531525-0.151878 -0.0644042-0.0602241
data[1600      : 1631      ]: -0.147274 0.0133076 -0.0230845-0.02521720.00679372-0.0318613-0.0529884-0.0152051-0.00414806-0.04753790.013661  -0.324799 -0.367482 -0.547665 -0.218698 -0.472397 -0.452766 -0.287609 -0.54742  -0.579795 -0.118125 -0.0552984-0.0330337-0.11975  -0.0884069-0.0675348-0.0631476-0.0242531-0.0379398-0.635651 -0.490008 -0.669689 
data[1632      : 1663      ]: -0.745373 -0.719307 -0.917168 -0.779361 -0.848816 -0.864457 -0.16717  -0.264195 -0.584254 -0.301833 -0.578552 -0.927658 -0.59059  -0.6215   -1.22411  -0.0162009-0.00851399-0.016281 -0.007010190.003713520.0111873 0.004976730.005521670.006089130.0565757 -0.375795 -0.232899 0.0805586 -0.160032 -0.380054 -0.100866 -0.426102 
data[1664      : 1695      ]: -0.447115 -0.015979 -0.0204472-0.00356741-0.0219351-0.034422 0.010974  -0.0127437-0.00807970.0288302 -0.419557 -0.312135 -0.676091 -0.37062  -0.686758 -0.660155 -0.776706 -0.967315 -0.995073 -0.594364 -1.23062  -1.40512  -0.982153 -1.75206  -1.55118  -1.88569  -2.51144  -2.3335   -0.0529554-0.287813 -1.08252  -0.551483 
data[1696      : 1727      ]: -0.815281 -1.48725  -0.909787 -1.54931  -2.07158  -0.0123626-0.01742560.0500533 -0.0130503-0.01791560.0349186 -0.0145838-0.005495660.0164594 0.0401466 -0.096063 -0.782198 -0.240574 -0.326676 -1.11429  -0.554603 -0.822381 -1.22555  -0.162348 -0.153152 -0.0335904-0.229846 -0.227773 -0.0252013-0.17191  -0.30139  -0.00972743
data[1728      : 1759      ]: 0.271558  0.295207  0.287935  0.297485  0.341083  0.298335  0.26302   0.31828   0.280732  0.17351   0.159284  0.18992   0.145491  0.201979  0.204657  0.170336  0.169171  0.195985  0.220762  0.219383  0.192113  0.191742  0.156368  0.179099  0.179567  0.138441  0.131398  22.421    21.467    17.1605   23.371    22.4697   
data[1760      : 1791      ]: 18.2526   22.9449   22.1354   17.8518   9.96192   9.64372   7.37859   9.93171   9.50074   7.36776   9.78888   9.43963   7.24975   10.1196   9.86516   8.26926   10.5674   10.3903   8.73144   10.3266   10.1007   8.41382   20.7207   20.0079   16.5022   21.2642   20.619    17.07     20.7579   20.1907   16.7394   8.704     
data[1792      : 1823      ]: 8.59432   6.74527   9.48106   9.22169   7.44461   9.63729   9.38241   7.75236   13.9388   13.9277   11.3748   14.3866   14.5513   12.1453   14.1706   14.3099   12.0565   14.4646   15.7459   13.3682   14.7275   15.7617   13.654    14.2157   15.0529   13.1053   0.168943  0.153791  0.147128  0.130587  0.143525  0.16607   
data[1824      : 1855      ]: 0.109784  0.124717  0.136683  0.203436  0.236492  0.235611  0.25885   0.316307  0.284127  0.231111  0.298619  0.282755  16.7924   17.4358   14.7172   17.9775   18.6238   15.7674   17.4241   18.1957   15.4826   6.75572   6.98253   6.16438   6.95425   7.11217   6.37039   6.56021   6.75316   6.04625   11.5504   11.4861   
data[1856      : 1887      ]: 9.45436   12.4099   12.2767   10.169    12.2733   12.2496   10.3831   1.31545   1.37568   1.37125   1.18698   1.27207   1.25222   1.15002   1.13328   1.16431   1.49396   1.70966   1.51144   1.52285   1.83312   1.5454    1.47774   1.76749   1.48214   1.38806   1.4982    1.28679   1.28107   1.32989   1.14883   1.06567   
data[1888      : 1919      ]: 1.1068    0.872043  0.10206   0.0671479 0.0630035 0.10168   0.0426424 0.0528222 0.0560736 0.0275689 0.0452778 5.81803   5.4631    4.55349   5.94065   5.61859   4.673     5.61888   5.42376   4.5707    0.478843  0.420323  0.354628  0.442875  0.346298  0.36158   0.328588  0.293217  0.278387  6.36408   6.34875   5.18056   
data[1920      : 1951      ]: 6.44621   6.36072   5.28537   6.00511   5.89781   4.92265   15.0551   15.8386   13.5888   15.4946   16.3186   14.1462   14.943    15.8366   13.5991   0.0767792 0.0993507 0.0732663 0.0696146 0.08021   0.0625738 0.0601643 0.0699708 0.0574896 5.49593   5.99261   5.17879   5.76439   6.23525   5.40464   5.66212   6.05149   
data[1952      : 1983      ]: 5.42575   0.210815  0.255478  0.249927  0.19233   0.242687  0.242291  0.163172  0.224133  0.223141  9.35877   8.94151   7.59672   9.64342   9.26595   7.85283   9.33564   9.14699   7.68101   36.2718   35.9759   29.5774   38.0962   37.8612   31.0924   37.4658   37.1101   30.5791   25.2157   25.6307   20.9998   26.4738   
data[1984      : 2015      ]: 26.8835   22.2921   26.282    26.5991   21.8548   0.1404    0.158812  0.177844  0.104044  0.161723  0.150245  0.141174  0.158687  0.202869  11.8189   11.9804   9.81463   12.4283   12.7839   10.669    12.4346   12.6767   10.6345   1.33184   1.17542   1.11549   1.35825   1.24773   1.19408   1.26816   1.16488   1.13764   
data[2016      : 2047      ]: -0.110792 -0.0859461-0.021237 -0.121523 -0.0902898-0.0387721-0.147907 -0.153551 -0.0835813-0.0216144-0.054403 0.008829760.00722184-0.0466994-0.00900607-0.00619357-0.0241163-0.00632125-0.0142132-0.04599910.0128763 -0.0429958-0.06158910.0263021 -0.0553967-0.0805369-0.00777206-9.71018  -8.96943  -6.85866  -9.78342  -9.1538   
data[2048      : 2079      ]: -7.25475  -9.63595  -9.05727  -7.92272  -4.308    -3.97686  -3.32305  -3.94023  -3.84855  -3.2379   -4.05459  -3.79256  -3.29583  -4.59191  -4.2208   -3.43877  -4.51809  -3.9874   -3.59606  -4.54151  -4.0143   -3.21772  -8.31117  -8.18266  -6.54187  -8.39587  -8.46293  -6.82612  -8.30444  -7.93362  -6.78612  -3.81826  
data[2080      : 2111      ]: -3.7398   -2.99878  -4.0982   -3.96979  -2.91063  -3.87843  -3.88907  -2.9371   -6.08061  -6.00478  -4.85067  -6.08115  -5.80346  -4.96533  -5.75916  -5.8549   -4.83682  -5.9527   -6.59183  -4.54568  -6.51601  -6.62413  -4.28664  -6.29417  -6.34739  -4.79054  -0.0617049-0.0630713-0.0525249-0.0625515-0.0869688-0.0329932
data[2112      : 2143      ]: -0.0651159-0.0630265-0.0237778-0.10234  -0.117062 -0.0920144-0.10272  -0.104681 -0.105741 -0.0679576-0.135035 -0.0478828-7.6435   -7.59369  -5.38852  -7.78304  -7.62137  -5.82824  -7.71026  -7.59446  -5.65171  -2.89235  -2.7445   -2.35687  -2.56567  -2.66036  -2.38027  -2.7081   -2.46561  -2.27871  -4.96582  -4.94509  
data[2144      : 2175      ]: -3.91714  -4.99332  -5.42587  -4.01883  -5.15028  -5.46884  -4.44381  -0.423146 -0.65399  -0.17406  -0.381725 -0.544655 -0.167349 -0.383069 -0.525245 -0.13338  -0.550503 -0.761317 -0.697224 -0.501754 -0.920282 -0.651231 -0.511355 -0.830523 -0.588992 -0.550002 -0.581627 -0.461634 -0.496975 -0.540922 -0.485996 -0.487909 
data[2176      : 2207      ]: -0.580555 -0.445098 -0.0140488-0.00729847-0.0348563-0.037139 -0.0225892-0.019831 -0.0201863-0.0223872-0.0160502-2.52692  -2.13292  -2.04286  -2.64576  -2.19114  -1.93618  -2.61322  -2.0727   -2.15585  -0.214863 -0.102114 -0.0807978-0.159891 -0.111282 -0.0872977-0.191884 -0.06883270.0149555 -2.8857   -2.7992   -1.76206  
data[2208      : 2239      ]: -3.02408  -2.63969  -1.75819  -2.76431  -2.58132  -1.93614  -6.02282  -6.72041  -5.17666  -6.34819  -7.00623  -4.91996  -6.57572  -6.52068  -5.21946  -0.0201708-0.0308979-0.040158 -0.0189068-0.0173471-0.00966037-0.0178633-0.0305158-0.0071226-2.32869  -2.50504  -2.25632  -2.43285  -2.53905  -2.15728  -2.18643  -2.55726  
data[2240      : 2271      ]: -2.13689  -0.0696009-0.122949 -0.0878856-0.0255579-0.130314 -0.0986803-0.067497 -0.138975 -0.0680256-3.72916  -3.78442  -3.18269  -4.17342  -3.91687  -3.11291  -4.39562  -3.73182  -3.43009  -15.4632  -14.9341  -11.7269  -16.2155  -15.7228  -12.3238  -15.8786  -15.4992  -12.7965  -11.0396  -10.5378  -8.38239  -11.2742  
data[2272      : 2303      ]: -10.8825  -8.85387  -11.2043  -10.9299  -8.94107  0.0119217 -0.0684973-0.02316780.0169894 -0.0300212-0.0368255-0.0129597-0.0367448-0.0139204-5.03802  -4.73631  -4.21997  -4.93805  -5.1343   -4.3738   -5.29845  -5.11201  -4.39461  -0.637496 -0.414874 -0.335578 -0.403035 -0.310699 -0.352012 -0.425317 -0.35317  -0.395077 
Time 5923440 ns: producer08000000a finish sending data!
