Time 5859940 ns: ack for producer080000009's req!
Time 5859970 ns: producer080000009 is sending data!
data[0         : 31        ]: -0.00890484-0.0246195-0.06929510.0185659 -0.0135316-0.03285170.0250717 -0.0267838-0.0228629-0.0764439-0.096675 -0.0494105-0.0940551-0.0776897-0.0674269-0.0383849-0.0770181-0.04237520.0194267 -0.02385990.0257299 0.0218639 -0.01172730.00829387-0.0213936-0.0160211-0.0326564-1.39339  -3.26194  -4.37964  -0.449026 -2.92112  
data[32        : 63        ]: -3.99135  -0.663577 -2.53365  -3.78232  -0.386239 -1.49812  -2.34797  -0.23779  -1.12517  -1.94218  -0.256188 -1.25834  -2.16849  -0.43901  -1.74996  -2.05578  -0.32531  -1.49915  -2.05747  -0.503905 -1.77264  -2.07763  -0.782659 -2.70555  -3.99475  -0.440811 -2.32277  -3.68102  -0.675051 -2.51308  -3.78491  -0.520367 
data[64        : 95        ]: -1.35599  -1.91087  -0.338874 -1.27815  -1.70737  -0.344183 -1.03043  -1.46911  -0.817962 -1.7488   -2.53938  -0.431874 -1.61544  -2.28239  -0.351182 -1.68545  -2.16778  -0.51339  -1.72208  -2.14051  -0.0131531-1.31575  -1.42334  -0.272901 -1.67755  -1.47975  -0.00911192-0.027551 -0.0276126-0.027713 -0.05335830.0190706 
data[96        : 127       ]: -0.0370286-0.0350054-0.00390649-0.152762 -0.181969 -0.0420251-0.14988  -0.150193 -0.00624298-0.150516 -0.147507 0.00465818-0.592983 -1.91639  -2.94184  -0.129325 -1.78343  -2.39997  -0.146002 -1.60873  -1.98363  -0.153648 -0.74559  -1.17046  0.123537  -0.638867 -0.986104 -0.0163454-0.598377 -0.834722 -0.654978 -1.64589  
data[128       : 159       ]: -2.31282  -0.47181  -1.45827  -2.24908  -0.43862  -1.21279  -1.64441  -0.167757 -0.228597 0.03881   -0.0787459-0.235789 0.063844  -0.120514 -0.2357   -0.00930240.0289636 -0.324984 -0.158893 -0.0842969-0.176331 -0.160805 -0.0628029-0.248126 -0.222585 -0.0810783-0.141565 -0.133159 0.0293434 -0.105449 -0.0534762-0.145597 
data[160       : 191       ]: -0.199164 -0.14868  -0.0845068-0.0679581-0.0103906-0.0572995-0.06266490.00229927-0.0843863-0.081652 -0.0140621-0.909765 -1.78526  -1.23571  -0.74938  -1.45334  -0.961764 -0.815867 -1.56838  -1.03636  -0.0234578-0.0587764-0.09996040.0161569 -0.0301103-0.03672490.0126071 -0.0535036-0.0682682-0.519143 -1.06335  -1.1966   
data[192       : 223       ]: -0.214115 -0.987877 -0.965826 -0.528065 -1.1316   -1.27066  -0.093393 -1.18198  -1.97724  0.158628  -0.847439 -1.88029  0.0116103 -0.960619 -1.78815  -0.0457545-0.04858980.0124169 -0.0421791-0.04717660.00146621-0.0274426-0.04273270.00669022-0.375754 -1.02087  -1.01037  -0.361183 -0.929124 -0.807471 -0.24451  -0.767601 
data[224       : 255       ]: -0.671689 0.0296123 -0.0017965-0.006458370.0402158 0.0173925 -0.03480160.0179437 -0.00223198-0.00346648-0.205964 -1.16377  -1.67769  -0.311805 -1.04349  -1.46991  -0.459064 -1.05691  -1.47649  -1.79619  -5.14564  -6.61362  -0.951085 -4.65692  -5.93016  -1.01167  -4.53849  -5.60283  -0.37414  -2.57107  -4.81524  0.255034  
data[256       : 287       ]: -2.44086  -4.28893  0.303536  -2.13623  -3.77576  -0.0952966-0.0596023-0.0234919-0.0555111-0.0769459-0.027559 -0.0506709-0.0754432-0.007014 -0.324981 -1.38767  -2.24721  -0.215323 -1.16876  -1.83769  0.0132247 -1.16162  -1.85823  -0.4886   -0.738796 -0.39333  -0.338945 -0.611879 -0.316617 -0.566096 -0.646811 -0.429965 
data[288       : 319       ]: 0.103423  0.127351  0.137506  0.094731  0.130313  0.140198  0.0955026 0.113799  0.109781  0.0831645 0.0892418 0.100008  0.0850356 0.0921096 0.103452  0.0743261 0.0834815 0.0713759 0.0520253 0.0678999 0.0623748 0.0418376 0.0565759 0.0517002 0.0772294 0.0621263 0.0725323 10.4568   9.86086   9.37077   10.2758   9.66329   
data[320       : 351       ]: 9.26952   10.7076   9.95144   9.58556   5.02994   4.74573   4.49119   4.86088   4.64266   4.4359    5.04365   4.712     4.45966   4.96335   4.63669   4.59539   4.91186   4.62258   4.61696   4.98439   4.71334   4.70941   9.99232   9.12433   8.67984   9.9114    9.07839   8.62561   10.3191   9.49504   8.91573   4.79607   
data[352       : 383       ]: 4.42749   4.37904   4.52999   4.27134   4.2464    4.59044   4.34117   4.23942   6.14308   5.8009    5.62871   5.82535   5.60846   5.68856   6.02259   5.67155   5.72787   5.57892   5.13706   5.48354   5.37266   5.18432   5.31569   5.37816   5.12252   5.28664   0.0872215 0.0555093 0.0655375 0.0916111 0.065384  0.0726247 
data[384       : 415       ]: 0.0782537 0.0609466 0.064964  0.113252  0.10279   0.10674   0.139942  0.156036  0.13177   0.120851  0.138156  0.112906  7.50673   6.97555   7.05207   7.2791    6.90004   6.96248   7.2663    7.00208   7.02903   3.34505   3.20933   3.29046   3.20623   3.10012   3.16468   3.27062   3.2097    3.23271   5.75075   5.39647   
data[416       : 447       ]: 5.1464    5.64285   5.40718   5.36485   5.52615   5.32553   5.30756   0.62863   0.503035  0.50358   0.538321  0.517847  0.507335  0.519039  0.382241  0.45262   0.152506  0.234804  0.275587  0.164511  0.263663  0.319192  0.252912  0.310989  0.328222  0.317929  0.377254  0.478113  0.287978  0.335094  0.464228  0.36619   
data[448       : 479       ]: 0.378451  0.428048  0.0611173 0.0316256 0.0321832 0.0854694 0.0620038 0.0512012 0.0881138 0.0681541 0.0474118 2.1178    2.11743   2.26232   2.02894   2.13417   2.28013   2.16194   2.20126   2.3341    0.138914  0.158152  0.128113  0.112666  0.135105  0.0922087 0.140138  0.127789  0.0805629 2.77634   2.70493   2.63651   
data[480       : 511       ]: 2.70612   2.72327   2.577     2.85846   2.72624   2.61838   6.37714   5.8868    5.73601   6.14938   5.7956    5.65459   6.45006   6.06814   5.91254   0.0257229 0.0296343 0.0355726 0.0308362 0.0256466 0.0286476 0.0250454 0.031218  0.0341229 1.68229   1.59429   1.86023   1.41335   1.46117   1.68359   1.478     1.59732   
data[512       : 543       ]: 1.8205    0.053996  0.0658673 0.0683    0.0561185 0.0527741 0.0589004 0.0573282 0.0331919 0.0287611 4.57218   4.31372   4.31617   4.45304   4.22335   4.24022   4.73261   4.51472   4.40692   16.4291   15.7586   15.329    15.956    15.3505   15.275    16.4392   15.8011   15.6078   12.3609   11.6132   11.0251   12.0491   
data[544       : 575       ]: 11.3484   10.9351   11.9993   11.3191   10.8937   0.114281  0.106742  0.117082  0.0925017 0.0856209 0.112707  0.0805769 0.0907733 0.123639  5.66039   5.30963   5.00602   5.36443   5.2417    4.97382   5.13034   4.94708   4.56281   0.525852  0.54194   0.657911  0.534657  0.539545  0.603869  0.49335   0.515592  0.606466  
data[576       : 607       ]: 0.190896  0.108924  0.18267   0.148046  0.108406  0.18071   0.102171  0.0440757 0.124016  0.0402987 0.0996596 0.0582738 -0.00563130.101957  0.0450075 0.0264084 0.123329  0.088145  0.0616427 0.133429  0.0814106 0.0565156 0.120721  0.0712904 0.0395475 0.0986309 0.0576059 8.93063   8.18001   7.8418    9.09192   8.12664   
data[608       : 639       ]: 8.01084   7.66939   7.00117   6.7445    3.90962   2.93366   3.32153   3.61808   2.84414   3.10932   2.88509   2.28062   2.61084   4.00565   3.76364   3.79063   4.12517   3.99891   3.81854   3.33873   3.43132   3.16573   8.20072   7.64347   7.00004   8.08411   7.64938   6.66423   6.73312   6.1851    5.55756   3.36821   
data[640       : 671       ]: 3.41673   2.9495    3.65509   3.52536   3.15408   3.27142   3.19622   2.65174   5.10138   4.87083   4.49489   4.98592   4.94757   4.338     4.21292   4.19953   3.6422    5.09833   6.04613   4.57013   4.89464   5.77346   4.28736   4.05475   4.65932   3.54474   0.0307202 0.0873138 0.04404   0.0616703 0.0824127 0.0563915 
data[672       : 703       ]: 0.0387951 0.0934434 0.0619091 0.0407353 0.115516  0.111505  0.0999018 0.157947  0.127498  0.0842885 0.151995  0.116493  6.83312   7.12695   6.08904   7.06405   7.32244   6.11932   5.84945   5.99768   5.28252   2.93093   3.44338   2.45095   2.69926   3.44628   2.57873   2.43956   2.7446    2.22165   4.65291   4.9933    
data[704       : 735       ]: 4.31681   4.76847   4.6068    4.1781    4.2097    4.04208   3.62023   0.413365  0.910641  0.595887  0.393767  0.85397   0.517687  0.338457  0.787589  0.481483  0.581238  0.397606  0.557531  0.591847  0.426366  0.65721   0.458168  0.327238  0.540855  0.539011  0.353504  0.620173  0.504197  0.420093  0.607458  0.384634  
data[736       : 767       ]: 0.316754  0.451097  0.0185201 0.0487959 0.0146744 0.0195974 0.0294643 0.0127587 -0.010392 0.0169007 -0.0005598622.06563   1.85239   1.66027   2.01611   1.67835   1.70646   1.74875   1.36386   1.34629   0.188953  0.0859924 0.199273  0.219884  0.118206  0.22833   0.185457  0.101798  0.213107  2.55365   2.44606   2.50336   
data[768       : 799       ]: 2.60928   2.20602   2.47684   2.2881    1.92139   2.13115   5.50627   6.10319   4.97153   5.43259   5.95882   4.54115   4.5309    4.8504    3.79638   0.0317945 0.0456647 0.0327004 0.0114918 0.0314971 0.0263743 0.0335808 0.0423358 0.0105373 2.23548   2.28779   1.96588   2.3152    2.46204   2.11029   1.64226   1.89977   
data[800       : 831       ]: 1.65125   0.0396285 -0.001221650.0304525 0.0292148 0.0260852 0.0224479 0.0617871 0.004092560.0365537 3.69191   3.87496   3.29326   3.31402   3.70761   2.87223   2.86555   2.96902   2.37585   14.8877   14.3081   13.4237   14.9043   14.0423   13.15     12.6601   11.9754   11.2063   10.3793   10.0818   9.25911   10.282    
data[832       : 863       ]: 10.0425   9.00403   8.89641   8.47825   7.80469   0.096786  0.140374  0.0926871 0.0627229 0.142318  0.0588634 0.0325016 0.126351  0.0696449 4.58588   4.62246   3.53693   4.58481   4.66061   3.7796    4.00394   4.04574   3.03269   0.524552  0.561543  0.538408  0.591785  0.566062  0.612203  0.5402    0.506726  0.545604  
data[864       : 895       ]: 0.0550075 0.0104637 0.0149406 0.0510732 0.00355034-0.007419530.025167  -0.01309610.003268090.0578626 0.00540663-0.01312290.0321138 -0.0125976-0.01102970.0140125 -0.00829647-0.031608 0.005245950.00234051-0.001055840.008551620.0654235 0.001685220.0337255 0.013606  0.006474541.72741   1.91165   2.42102   1.94074   1.85256   
data[896       : 927       ]: 2.58251   0.671282  1.00826   1.47001   0.937729  0.598292  1.02382   0.552895  0.536725  0.671895  0.495537  0.21352   0.516327  0.787479  1.25793   1.33197   0.874226  0.883509  1.17843   0.391014  0.64473   0.689321  1.59021   1.70454   2.22129   1.49979   1.59353   2.11936   0.960079  1.06099   0.946584  0.603969  
data[928       : 959       ]: 0.691518  0.940306  0.560361  0.891353  0.870529  0.635735  0.441468  0.458188  1.07354   1.26017   1.56942   0.799159  1.05772   1.30898   0.655089  0.566837  0.782626  1.05247   1.39133   1.28887   1.00893   1.28999   1.15929   0.531952  0.490559  0.927646  0.0283062 0.0430726 0.0204936 0.0429518 0.0270968 -0.0128097
data[960       : 991       ]: 0.0152994 0.0209845 -0.01664920.0305948 0.0271812 0.0290159 -0.01112640.0534764 0.0353421 0.024093  0.0564537 -0.01280891.35982   1.6646    2.03135   1.35238   1.86473   2.08691   0.587217  0.84067   1.08402   0.721593  0.793471  0.644062  0.723695  0.625662  0.714369  0.33585   0.453155  0.383287  0.977186  1.21915   
data[992       : 1023      ]: 1.40875   1.01897   1.10005   0.995137  0.525116  0.615623  0.560364  0.202122  0.148726  0.0636837 0.184109  0.0548539 0.0398179 0.0904757 0.0505539 0.0285244 0.224666  0.154376  0.0208544 0.185151  0.170855  0.0733279 0.188156  0.0795292 -0.08874120.131841  0.0787108 0.0257079 0.143046  0.112411  0.112751  0.0913353 
data[1024      : 1055      ]: 0.0661925 -0.07047640.0180863 0.0342747 -0.005243610.006049610.0203075 -0.01416780.0008423680.0178682 -0.01067370.401773  0.588655  0.626431  0.383948  0.395281  0.657892  0.219866  0.408019  0.406901  0.0208453 0.0458761 0.0201099 0.0385502 0.0451296 0.0385707 0.0440054 0.005657450.0199518 0.509744  0.475713  0.598636  
data[1056      : 1087      ]: 0.695001  0.601162  0.739029  0.215967  0.431637  0.330618  1.28591   1.12562   1.07695   1.14146   1.12241   1.27978   0.783624  0.59898   0.612078  0.00436212-0.00326882-0.0191919-0.004303680.00167299-0.0100522-0.001078540.00855785-0.009592680.640249  0.628855  0.617528  0.637477  0.946382  0.712137  0.409265  0.362522  
data[1088      : 1119      ]: 0.29351   0.0246857 0.0145602 -0.00425790.0470809 -0.00399792-0.01866770.0346837 0.0073459 -0.010855 0.689576  1.04001   1.1736    0.657845  0.787879  1.0276    0.392376  0.571339  0.703555  2.92874   3.39578   4.06808   2.87829   3.3447    3.799     1.52742   1.54274   2.26864   1.78896   2.03657   2.73753   1.67534   
data[1120      : 1151      ]: 1.79599   2.70474   1.11621   1.11536   1.5703    0.0558735 0.0404869 7.40732e-050.0664202 0.050723  0.0110315 0.0517234 -0.00641587-0.00169140.64839   0.891587  1.27552   0.966209  0.929211  1.17289   0.549208  0.761593  0.751725  0.200738  0.268939  0.233866  0.238091  0.355421  0.271804  0.108919  0.131838  0.182822  
data[1152      : 1183      ]: -0.0264631-0.0597794-0.0577754-0.0275878-0.0460077-0.118672 -0.0326733-0.0350353-0.08847990.00210515-0.0688482-0.0643593-0.00857657-0.0432819-0.0222359-0.00404099-0.0568109-0.04013180.00537473-0.0136534-0.03215420.00365573-0.0261913-0.01883250.00510047-0.0305573-0.0120435-2.163    -1.45462  -1.33351  -1.83504  -1.12794  
data[1184      : 1215      ]: -1.30485  -2.35607  -1.55853  -1.91839  -0.724163 -0.403098 -0.80622  -0.952998 -0.539889 -0.888216 -1.2141   -0.600404 -0.959921 -0.605708 -0.781477 -0.84243  -0.648243 -0.58794  -0.74163  -0.748213 -1.02115  -0.937202 -1.82545  -1.39152  -0.919317 -1.88224  -1.43516  -1.14309  -2.30368  -1.87072  -1.58106  -1.09911  
data[1216      : 1247      ]: -0.664439 -0.48886  -0.718139 -0.611026 -0.535264 -0.964515 -0.80266  -0.564649 -1.20294  -0.964018 -0.667312 -0.989711 -0.941685 -0.691943 -1.36258  -1.02461  -0.939381 -1.44955  -1.33909  -0.234917 -1.61021  -1.646    -0.501168 -1.92412  -1.77311  -0.416899 -0.011238 -0.0331927-0.008868220.00224493-0.0403735-0.0113617
data[1248      : 1279      ]: -0.0333223-0.0598545-0.00667554-0.014604 -0.0623736-0.03499210.0121726 -0.0484003-0.0281826-0.0142943-0.0432053-0.0385031-1.57429  -1.57533  -0.725542 -1.69708  -1.73413  -0.582936 -1.89272  -1.71341  -0.999201 -0.536587 -1.03606  -0.411147 -0.592774 -1.03741  -0.43768  -0.671443 -1.00312  -0.500228 -1.26398  -1.15157  
data[1280      : 1311      ]: -0.678998 -1.09236  -1.2536   -0.843807 -1.34995  -1.53017  -0.957085 -0.105735 -0.436632 -0.104373 -0.0604459-0.455976 -0.0719785-0.0783868-0.436949 -0.0881476-0.093204 -0.0893512-0.466299 -0.0351408-0.148938 -0.437811 -0.0833382-0.17269  -0.507169 -0.0580045-0.105143 -0.261051 -0.081863 -0.112844 -0.234259 -0.0250853
data[1312      : 1343      ]: -0.109551 -0.275633 0.004774250.00940174-0.00237602-0.002635050.000434803-0.00563443-0.000526606-0.0210185-0.00805285-0.596764 -0.320558 -0.290716 -0.341071 -0.245446 -0.369444 -0.390966 -0.312908 -0.355568 -0.0146101-0.0401285-0.0680109-0.0237285-0.00734979-0.0913783-0.0219254-0.0127867-0.0027457-0.531763 -0.490952 -0.392635 
data[1344      : 1375      ]: -0.498786 -0.458721 -0.611389 -0.767466 -0.510187 -0.640786 -1.39813  -1.56197  -0.618404 -1.55688  -1.65108  -0.737792 -1.5503   -1.87289  -0.870178 -0.00281921-0.00237906-0.000621202-0.000987977-0.01131750.000247495-0.00253752-0.00017489-0.00137247-0.488663 -0.466338 -0.39464  -0.388348 -0.509663 -0.345509 -0.401675 -0.51979  
data[1376      : 1407      ]: -0.440307 -0.00651921-0.0361504-0.0259181-0.00375808-0.0157666-0.0681431-0.00693651-0.018803 -0.0304487-0.756204 -0.854774 -0.543616 -0.819518 -0.826557 -0.538496 -1.02354  -1.08773  -0.725848 -3.28006  -2.57468  -2.49759  -3.07559  -2.47983  -2.28345  -3.70344  -3.22763  -3.05157  -2.42217  -1.69635  -1.07659  -2.34213  
data[1408      : 1439      ]: -1.65924  -0.970276 -2.98444  -2.14077  -1.63653  -0.00852196-0.0646579-0.0496046-0.0126136-0.0604691-0.0351331-0.0140995-0.0946803-0.0410622-1.36135  -1.06671  -0.305752 -1.10781  -0.677924 -0.233768 -1.53348  -0.861954 -0.534548 -0.0819212-0.0435778-0.0933696-0.0645304-0.157696 -0.163354 -0.111061 -0.098368 -0.136169 
data[1440      : 1471      ]: 0.447278  0.485492  0.395631  0.50817   0.542886  0.45713   0.476189  0.505602  0.413382  0.295711  0.280225  0.359803  0.308738  0.256984  0.346737  0.330703  0.277221  0.353912  0.310315  0.297684  0.324838  0.273835  0.220443  0.297722  0.228389  0.229167  0.248918  38.6708   39.7165   38.2436   39.948    41.4643   
data[1472      : 1503      ]: 39.537    38.7347   39.9921   38.1953   17.5644   18.1117   17.4141   17.6006   18.0021   17.3726   17.088    17.4049   16.4779   17.7227   17.8207   17.0225   18.5736   18.9895   18.1316   18.6086   18.3023   17.462    36.1656   37.2209   36.6756   36.4715   37.4674   37.0647   35.1241   35.9539   35.6581   16.047    
data[1504      : 1535      ]: 16.5297   16.0492   16.6256   17.309    16.7704   15.6255   16.3153   15.836    24.3139   25.0471   24.1135   24.8378   25.6942   24.9298   24.1924   24.5188   23.5804   25.222    26.1087   25.3121   25.0803   26.0984   24.8622   23.8741   24.9807   24.115    0.294419  0.278835  0.326525  0.295773  0.289954  0.331392  
data[1536      : 1567      ]: 0.301661  0.277096  0.31206   0.391822  0.350812  0.307346  0.451027  0.412338  0.354811  0.443445  0.388841  0.35796   29.2494   30.4675   29.3055   30.7504   31.9747   30.7425   30.0816   30.8127   29.6906   12.59     12.7779   12.9008   12.7631   12.8332   12.8498   12.3785   12.0485   12.5478   21.1972   21.448    
data[1568      : 1599      ]: 21.1575   21.7724   22.3761   22.0055   20.9776   21.91     21.2112   2.42184   2.21078   2.49944   2.30406   2.17884   2.38823   2.20913   2.06894   2.23461   2.38796   2.60582   2.5567    2.46026   2.62274   2.64783   2.40296   2.65564   2.57811   2.60504   2.66895   2.37427   2.34037   2.40603   2.14456   2.14018   
data[1600      : 1631      ]: 2.19404   1.96662   0.188369  0.105123  0.11708   0.174315  0.0710434 0.090473  0.122779  0.0687439 0.0803718 9.89844   9.95994   9.15013   9.99076   9.97685   9.23271   9.60384   9.68258   9.03124   0.731492  0.723074  0.58993   0.664377  0.650144  0.491771  0.561201  0.561307  0.476523  11.532    11.7219   10.6646   
data[1632      : 1663      ]: 11.4464   11.7698   10.6781   10.8154   11.1928   10.2552   25.3925   26.1857   26.1668   25.5312   26.5585   26.1281   24.6084   25.3604   25.6534   0.112686  0.105518  0.0830522 0.116601  0.126457  0.0889991 0.111529  0.119314  0.0953314 9.98806   10.1775   9.53246   10.2864   10.3762   10.0492   9.96492   9.96433   
data[1664      : 1695      ]: 9.58874   0.296603  0.339364  0.321788  0.284641  0.314992  0.292793  0.249207  0.266343  0.249178  16.7554   17.0384   16.8629   17.0479   17.1339   16.5914   16.5891   16.4727   16.3448   63.61     65.492    63.1677   65.0228   67.2029   64.6487   63.0615   65.3052   62.0394   43.2949   45.4741   43.7353   45.1955   
data[1696      : 1727      ]: 47.1959   45.6831   43.8219   45.6655   43.7461   0.292114  0.262768  0.325437  0.289895  0.257226  0.33603   0.28384   0.242275  0.316263  19.8981   20.9811   20.4925   21.1174   22.0628   21.5968   20.4661   21.4809   20.8189   3.00548   2.62752   2.30741   3.10588   2.75741   2.46742   3.08889   2.72611   2.49456   
data[1728      : 1759      ]: -0.117591 -0.0828576-0.0482245-0.0974368-0.142044 -0.0757029-0.147957 -0.0956521-0.0569774-0.0948658-0.055535 -0.0262966-0.0695168-0.0181424-0.0221229-0.0796865-0.0370449-0.0176753-0.0745144-0.0322537-0.0312236-0.038879 -0.0392626-0.0137622-0.0548934-0.0420198-0.0251301-7.71587  -8.98922  -7.93525  -8.9422   -9.69691  
data[1760      : 1791      ]: -8.74391  -7.61158  -7.25128  -6.88629  -3.01113  -4.28102  -3.66232  -2.87905  -3.95172  -3.21549  -2.8206   -3.36057  -3.2488   -3.8564   -3.82087  -3.07665  -4.51721  -4.38633  -3.50199  -4.02234  -3.85024  -2.97293  -6.63525  -8.44839  -7.70266  -6.85433  -7.67436  -7.07685  -6.44314  -6.39636  -6.04035  -3.0848   
data[1792      : 1823      ]: -3.35231  -3.89684  -3.10309  -3.88571  -4.20977  -2.74003  -3.14586  -3.01023  -4.65277  -5.74346  -5.55702  -4.64189  -5.51374  -5.12912  -4.391    -4.02386  -4.97402  -4.54977  -5.13084  -4.67593  -4.90627  -5.35883  -4.58941  -4.14855  -4.8968   -4.05632  -0.0508259-0.0523124-0.05117  -0.0586662-0.04359  -0.0307805
data[1824      : 1855      ]: -0.0691655-0.063033 -0.0110793-0.128732 -0.0854673-0.0587744-0.14839  -0.119056 -0.0743602-0.141005 -0.0994444-0.0513142-5.75421  -6.26459  -6.0844   -6.5603   -6.4138   -6.64137  -5.71196  -6.33351  -4.88451  -2.82258  -2.22463  -2.23356  -2.69117  -2.66402  -2.32385  -2.76071  -2.3362   -1.89251  -4.17666  -4.59519  
data[1856      : 1887      ]: -4.76327  -4.16116  -5.38683  -4.81282  -3.9503   -4.45785  -3.36232  -0.505872 -0.323965 -0.211451 -0.445844 -0.398936 -0.189324 -0.481158 -0.338355 -0.162223 -0.493805 -0.559142 -0.263611 -0.399174 -0.516111 -0.381958 -0.36094  -0.444293 -0.33451  -0.610369 -0.551445 -0.313728 -0.661797 -0.620596 -0.443725 -0.504134 
data[1888      : 1919      ]: -0.464499 -0.326196 -0.0413877-0.017466 -0.0201159-0.0125542-0.0326106-0.00620574-0.00797387-0.0130689-0.00580918-2.5665   -1.68101  -2.20092  -2.61529  -2.12409  -1.91126  -2.15807  -1.85506  -2.04108  -0.259337 -0.118638 -0.0627309-0.270632 -0.0956387-0.0514394-0.183233 -0.0964088-0.0426505-2.87394  -2.82361  -1.87513  
data[1920      : 1951      ]: -2.91233  -2.38278  -1.90539  -2.53178  -2.23393  -2.0907   -5.10591  -5.41864  -5.1641   -5.61021  -6.40029  -4.38528  -4.68852  -4.46662  -3.75095  -0.0207445-0.024129 -0.0126294-0.00823594-0.0194402-0.0193316-0.044851 -0.0174441-0.0136605-2.37118  -2.10707  -1.8193   -2.43662  -2.40059  -1.95173  -1.98417  -2.0226   
data[1952      : 1983      ]: -1.8549   -0.0621456-0.060439 -0.0635041-0.0704655-0.0773424-0.0603296-0.0719927-0.11568  -0.0418861-3.88041  -3.66143  -3.50465  -3.98695  -3.47558  -3.11161  -3.2068   -2.70236  -2.63774  -13.4482  -13.9457  -13.2588  -14.4311  -14.2831  -13.9133  -12.1125  -12.1336  -11.3802  -8.32802  -10.4471  -9.44845  -9.51911  
data[1984      : 2015      ]: -10.7549  -10.4204  -8.32424  -8.22175  -8.01216  -0.0690517-0.024587 -0.00823691-0.0924764-0.0408407-0.0152128-0.0627483-0.0176352-0.00641118-3.81239  -4.45911  -5.00741  -3.75626  -4.86882  -5.25159  -3.63825  -3.87731  -4.03357  -0.853279 -0.469965 -0.447242 -0.760264 -0.530491 -0.470188 -0.73679  -0.622987 -0.5455   
data[2016      : 2047      ]: 0.0009198660.0011948 -0.0001969380.001620790.001109230.003836980.006756250.015413  -0.01221130.0008362090.00910464-0.000509212-0.000163064-0.0146295-0.00513873-0.005559630.002071040.002698170.0136324 -0.005908810.002412750.00614495-0.009292390.0144251 -0.00306480.0057912 -0.004071640.22713   0.118716  -0.04028250.277411  0.149768  
data[2048      : 2079      ]: -0.122899 0.197335  0.0482276 -0.144703 0.126696  0.0150797 -0.05725080.100392  0.0240201 -0.144588 0.0770231 0.0708282 -0.1104   0.0436873 0.0824393 -0.006045310.116258  0.066447  -0.03889320.115617  -0.009586 -0.07451910.18249   0.143563  -0.02364  0.175724  0.118875  -0.120002 0.159526  0.0573543 -0.075936 0.0648002 
data[2080      : 2111      ]: 0.1201    -0.003098680.149674  0.0641119 -0.06506330.137874  0.0747513 -0.01802680.128819  0.0769426 -0.074742 0.155136  0.0810094 -0.07712  0.123398  0.0841508 -0.02636730.104769  0.146002  -0.02101140.131354  0.168469  -0.146817 0.188404  0.191689  -0.118053 0.001283150.00149043-0.002079050.001045760.005434740.00208927
data[2112      : 2143      ]: 0.003085760.00543654-0.001984610.001700790.0006645810.00466879-0.000417405-0.0003656360.00372558-0.000756717-0.00916492-0.01394770.0862292 0.150007  0.020044  0.164742  0.155181  -0.04182090.240702  0.134944  -0.147988 0.0403078 0.0535929 -0.008862030.0894666 0.0506389 -0.01526670.111003  0.0377765 0.001350580.14618   0.12257   
data[2144      : 2175      ]: -0.02591150.112142  0.085597  -0.05146480.106878  0.0738086 -0.06475670.0154672 0.0139016 -0.02345490.031025  -0.007258470.006123130.005479420.00898784-0.009676260.016335  0.031417  -0.009594340.0267267 0.0190909 -0.007747680.006558830.0277114 0.002169660.0098168 0.0126033 -0.02857780.0110993 0.0283049 -0.01371730.0248172 
data[2176      : 2207      ]: 0.00231037-0.0168776-0.0100138-0.01253370.000281006-0.0153621-0.0183573-0.0110632-0.00710894-0.00915446-0.00172537-0.02007810.0454699 -0.009248170.0765154 0.000299885-0.04788250.087628  -0.0470677-0.0495569-0.004865940.001072490.0006484890.0100171 -0.0220793-0.04302610.0154471 -0.002670930.0042596 0.0880949 0.0433788 -0.0370213
data[2208      : 2239      ]: 0.110844  0.0484435 -0.110589 0.0972362 0.082963  -0.09306560.145422  0.15465   -0.04727840.214546  0.160246  -0.06084640.184055  0.117492  -0.08509260.002229740.000537778-0.00122524-0.00185035-0.00115049-0.00240115-0.0002862260.00331689-0.0001510860.0257627 0.0842414 -0.00704420.0359061 0.0441599 -0.01754230.0867908 0.0812181 
data[2240      : 2271      ]: -0.01648090.006666660.0148886 -0.01512630.000190160.0280973 0.010271  0.004853740.008811740.004606180.0650752 0.0627083 0.002415510.0990576 0.100395  -0.035539 0.0981516 0.0158962 -0.09471140.355272  0.264951  -0.08620580.348353  0.190623  -0.216861 0.324289  0.177235  -0.205103 0.253027  0.238622  -0.02356360.250339  
data[2272      : 2303      ]: 0.266147  -0.156501 0.247326  0.202739  -0.174419 -0.000489551-6.78912e-050.000164745-0.000856016-0.0002187660.0008925630.003622590.001349834.84329e-050.158496  0.164016  0.0194526 0.126074  0.143592  -0.05175860.0960029 0.101981  -0.08322320.00321255-0.0175885-0.02975990.0252445 -0.00831445-0.00585301-0.00340078-0.0311033-0.00977209
Time 5860700 ns: producer080000009 finish sending data!
