Time 6048160 ns: ack for producer08000000c's req!
Time 6048190 ns: producer08000000c is sending data!
data[0         : 31        ]: -0.0347562-0.0050897-0.0208846-0.0293702-0.0412458-0.0009139960.0203983 0.0165533 -0.0536858-0.123815 -0.159085 -0.11154  -0.0912116-0.137556 -0.0869913-0.124422 -0.170314 -0.112509 -0.0225059-0.05361290.00653103-0.0493302-0.0463442-0.0123038-0.0506837-0.0412585-0.0229567-4.2717   -3.90457  -2.62159  -4.06049  -3.63345  
data[32        : 63        ]: -2.25613  -3.88846  -3.06345  -1.98863  -1.99396  -1.73925  -0.84576  -1.72179  -1.62511  -0.52501  -1.99294  -1.70503  -0.946656 -2.20677  -2.18086  -1.56082  -2.06132  -2.14357  -1.59299  -2.096    -1.96176  -1.47487  -4.12612  -3.9062   -2.19515  -3.79965  -3.19081  -1.59341  -4.09548  -3.63635  -1.85654  -2.09668  
data[64        : 95        ]: -1.546    -1.10307  -1.96389  -1.5229   -0.906869 -1.89928  -1.57822  -0.824769 -2.59687  -1.92711  -1.21778  -2.20851  -1.93299  -0.891758 -2.31025  -1.84609  -1.09836  -1.96019  -1.69623  -1.96554  -1.34291  -1.24198  -1.51134  -1.81721  -1.55589  -1.70224  -0.0519887-0.0431002-0.0282336-0.0604354-0.060195 -0.0573867
data[96        : 127       ]: -0.0787585-0.0770939-0.04333190.006554810.00236034-0.0360541-0.041351 -0.0167171-0.0369776-0.0224208-0.0504524-0.0518869-3.27172  -3.01708  -2.90398  -2.90083  -2.49067  -2.255    -2.60736  -2.47063  -1.82162  -1.82702  -1.86066  -1.20292  -1.69824  -1.53355  -0.872112 -1.78404  -1.51138  -0.644183 -2.31617  -2.24796  
data[128       : 159       ]: -1.72923  -2.17773  -2.00996  -1.43325  -2.09051  -1.80138  -1.13077  -0.314162 -0.341344 -0.345402 -0.39659  -0.367084 -0.294672 -0.392023 -0.303184 -0.325138 0.0278837 -0.00412974-0.0812724-0.0248211-0.0150914-0.0704932-0.0209123-0.0420316-0.0632515-0.04039690.163011  -0.0382794-0.048518 0.0830794 -0.06205960.064396  
data[160       : 191       ]: 0.156677  -0.0105913-0.0114367-0.003842840.0272371 0.0139293 0.0375704 0.0710101 -0.0313929-0.02174990.0196339 -0.825725 -0.482894 -0.504534 -0.689593 -0.286281 -0.242279 -0.80357  -0.419868 -0.53076  -0.111749 -0.124822 -0.143762 -0.114913 -0.157514 -0.146905 -0.152009 -0.162254 -0.231418 -1.35624  -1.35226  -1.24557  
data[192       : 223       ]: -1.26385  -0.967681 -0.950071 -1.39418  -1.33945  -1.26347  -2.25852  -2.29263  -1.77468  -2.30588  -1.88106  -1.35643  -2.4681   -2.11551  -1.32461  0.0333742 0.0259563 0.001410420.0452374 0.0351816 -0.008919020.0220909 0.0060911 -0.00535471-0.458949 -0.124907 -0.369091 -0.274277 -0.144725 -0.194584 -0.211942 0.105507  
data[224       : 255       ]: 0.124377  -0.0049547-0.0154365-0.02509660.0346678 -0.02988360.043153  0.002057540.007010920.000165084-2.55134  -2.13924  -1.24246  -2.26354  -1.84866  -0.872913 -2.49995  -1.81118  -1.16895  -6.84768  -6.08397  -4.33374  -6.27646  -5.46191  -3.41256  -6.50348  -5.01526  -3.10516  -4.72821  -4.43136  -3.48289  -4.21575  
data[256       : 287       ]: -4.1023   -2.92961  -4.07814  -3.61775  -2.55133  -0.186355 -0.137523 -0.0861849-0.171761 -0.160391 -0.0957028-0.168963 -0.17797  -0.10344  -2.07231  -1.7228   -1.22876  -1.95033  -1.5563   -0.885794 -1.56978  -1.16188  -0.534627 -0.437823 -0.363909 -0.121004 -0.427496 -0.305716 -0.130871 -0.27746  -0.333186 -0.146963 
data[288       : 319       ]: 0.0955878 0.0851248 0.127593  0.144645  0.110518  0.135096  0.14685   0.105044  0.123905  0.133026  0.0534705 0.098511  0.116595  0.0443254 0.100358  0.0955044 0.02092   0.0835588 0.0573857 0.0623494 0.0767746 0.049063  0.0603547 0.0836106 0.0276758 0.0153472 0.0483936 10.1052   11.3398   12.1975   10.244    11.5419   
data[320       : 351       ]: 12.5402   9.77488   11.034    12.1982   4.57144   5.08435   5.92827   4.41814   4.86703   5.91713   4.26051   4.7819    5.8393    4.22547   4.59938   4.77238   4.50404   4.86078   4.95551   4.27655   4.59388   4.75145   9.25759   10.3054   11.3782   8.9596    10.1293   11.4432   8.40197   9.68424   11.1539   3.82142   
data[352       : 383       ]: 4.56907   4.71757   3.7212    4.5208    4.93095   3.61357   4.45384   4.91428   6.31902   7.14897   7.56687   6.4233    7.22808   7.80563   6.08639   6.81378   7.44461   5.97306   7.22162   7.17492   5.96093   7.32488   7.22132   5.8723    7.19224   6.96788   0.109703  0.0938576 0.109747  0.105415  0.102844  0.122724  
data[384       : 415       ]: 0.0752665 0.0913274 0.109687  0.170678  0.177818  0.0758187 0.174794  0.195746  0.110447  0.16503   0.165886  0.0830451 7.15652   8.3926    8.64875   7.25056   8.59346   8.76045   7.0032    8.2557    8.41613   2.87976   3.06747   3.36265   2.89867   2.9937    3.36324   2.64992   2.71657   3.09264   5.52996   5.89503   
data[416       : 447       ]: 6.48804   5.44561   5.70572   6.37469   5.09177   5.37113   6.20444   0.43279   0.465073  0.412494  0.460524  0.453003  0.390103  0.439179  0.433368  0.357664  0.786581  0.605072  0.808598  0.833153  0.642432  0.856844  0.823251  0.587742  0.784161  0.816614  0.803387  0.96066   0.885804  0.84732   1.00352   0.80039   
data[448       : 479       ]: 0.67873   0.768833  0.0790424 0.0588497 0.0270937 0.0597546 0.0432567 0.0169447 0.0578002 0.0431201 0.0102111 2.47214   2.90952   2.36796   2.3964    2.82004   2.33908   2.24974   2.69258   2.31315   0.13025   0.099382  0.0317176 0.11049   0.0888152 0.0360935 0.0800337 0.0929702 0.031683  3.17809   3.35322   3.21765   
data[480       : 511       ]: 3.15979   3.30048   3.21862   3.13933   3.19786   3.1735    6.18237   6.90216   7.47633   6.1265    6.81978   7.46441   5.92717   6.57805   7.16373   0.027881  0.0396096 0.0164323 0.0245806 0.0347173 0.0218559 0.0508942 0.0588913 0.0452694 2.6499    3.25678   3.06315   2.80581   3.39954   3.19815   2.60663   3.16956   
data[512       : 543       ]: 2.94124   0.0787444 0.0602018 0.0355706 0.118179  0.088438  0.0639125 0.100844  0.0691018 0.0602119 3.95326   4.33742   4.92473   3.73992   4.20174   4.86399   3.5877    4.02847   4.71401   16.1673   18.1413   19.4207   16.3277   18.1889   19.8219   15.5946   17.4586   19.2163   11.1075   13.2544   13.9053   11.3916   
data[544       : 575       ]: 13.523    14.2319   10.9278   12.9552   13.8072   0.107812  0.052768  0.0734477 0.12395   0.0838447 0.11579   0.0805476 0.0381474 0.079546  5.01118   6.07099   6.04004   5.10677   6.22127   6.20585   4.85475   6.02414   6.07682   0.785931  0.8565    0.595224  0.783869  0.852266  0.623252  0.7368    0.79865   0.582829  
data[576       : 607       ]: 0.0165717 0.0620151 0.0635286 0.0411114 0.0622667 0.028716  0.006042120.0545137 -0.00974925-0.0142192-0.05631940.00986226-0.015358 -0.09666910.028452  -0.00332101-0.129697 -0.05461980.00693957-0.03052360.0145929 -0.009173 -0.0464127-0.002098910.0154158 -0.0435454-0.007688751.51547   1.87546   1.18295   1.43785   1.76954   
data[608       : 639       ]: 1.01895   0.207054  0.413436  -0.165722 0.592644  0.711613  0.556136  0.189345  0.542848  0.328824  -0.173019 0.0351299 -0.04831670.663098  0.4715    0.141854  0.863539  0.753643  0.40852   0.0896848 -0.162557 -0.4085   1.21986   1.18812   1.22405   0.844987  0.768133  0.863028  -0.236168 -0.295575 -0.143246 0.640475  
data[640       : 671       ]: 0.588561  0.334833  0.671786  0.618378  0.534157  -0.03003580.0928138 -0.109798 0.99761   1.31219   0.985891  0.96384   0.953546  0.98003   0.0277301 0.449777  0.286278  1.07614   1.53959   1.0028    1.20946   1.22422   0.778198  0.309602  0.533593  0.143381  0.00686858-0.032187 -0.01187050.0219633 -0.03099260.00926106
data[672       : 703       ]: 0.000206526-0.0944087-0.01080460.0638811 0.00807909-0.009949160.0479679 0.0621203 0.0256415 0.0139055 0.0189701 -0.01860551.20302   1.32262   0.741513  1.68492   1.59473   1.16027   0.21421   0.416204  -0.307979 0.324277  -0.06572260.334475  0.190424  -0.109893 0.174345  -0.196968 -0.474814 -0.16425  0.823657  0.786179  
data[704       : 735       ]: 0.688056  0.581863  0.554574  0.383742  0.0373339 -0.0122558-0.196823 0.0090629 -0.104654 0.0248043 0.0619774 -0.259917 -0.0307054-0.0216989-0.28484  -0.01908130.181979  0.302979  0.455987  0.126896  0.342754  0.426211  0.0362721 0.265975  0.245597  0.132756  0.165862  0.0918028 0.0858461 0.177312  0.109982  0.0679267 
data[736       : 767       ]: 0.170393  0.0963266 -0.0111444-0.0274732-0.0211269-0.00884644-0.0176567-0.014168 -0.00881544-0.02252940.006615220.423327  0.40392   0.114105  0.258944  0.212862  -0.208317 0.0697485 -0.0126169-0.269566 -0.00580166-0.00950686-0.08636540.0343908 0.0100915 -0.08291760.009603120.00553479-0.121813 0.245772  0.340146  -0.265591 
data[768       : 799       ]: 0.193167  0.266729  -0.412697 0.0729547 0.12584   -0.575805 0.916427  0.960501  1.10674   0.715823  0.677112  0.563312  -0.02811730.0248878 0.0762131 0.0201562 0.0235031 0.0256601 0.0124553 0.0145708 -0.003514960.0101788 0.0191341 -0.004536010.530605  0.512496  0.624975  0.73697   0.808391  0.737003  0.139363  0.299734  
data[800       : 831       ]: 0.28489   0.0119224 0.0432888 0.0224003 0.0116759 0.0297167 0.0490245 0.00237363-0.02035920.008907  0.460042  0.0973934 0.444161  0.15048   -0.02294490.0538297 -0.159273 -0.642821 -0.249247 2.44891   2.82283   2.07407   2.26565   2.6551    1.87189   0.106746  0.476683  -0.353577 1.97289   2.54777   1.44392   1.8853    
data[832       : 863       ]: 2.43203   1.5817    0.0883002 0.863566  -0.079293 -0.00876469-0.0891715-0.0204283-0.0110207-0.09346610.0038488 -0.0117235-0.136564 -0.03220970.834651  1.02168   0.875799  0.668587  1.11042   0.914051  0.0990909 0.251669  0.161141  0.0322832 -0.134623 -0.08972430.0598045 -0.0950566-0.07109890.0315484 -0.166873 -0.134907 
data[864       : 895       ]: 0.00238313-0.00147809-0.00402308-0.0002131060.00128877-0.0006565410.007806940.00942518-0.00424011-0.00611647-0.0156409-0.0003933790.000572593-0.001196360.003433980.01132   -0.006248260.001713340.00627719-0.001033520.001060710.0209369 -0.002801310.002476820.00390498-0.00619678-0.0005664630.0394993 0.00914514-0.007562270.0656736 0.00476202
data[896       : 927       ]: -0.0337334-0.005630250.0332012 -0.05368310.0136577 0.0162146 -0.01311790.0258853 0.0180504 -0.042998 0.01794   -0.00134639-0.050969 0.0283506 -0.0153056-0.03935930.055107  -0.0114244-0.07160020.0417391 0.0428735 -0.08041040.00770995-0.0178252-0.005129110.0625988 0.0211491 -0.03018610.0438508 0.0177398 -0.03141030.00189046
data[928       : 959       ]: -0.009030180.0003495210.008178480.006682650.0200095 0.0113312 0.006301390.0378143 0.0168025 0.0210454 0.0289027 0.00483797-0.0002913820.004624790.005571210.00871775-0.0176995-0.009817750.0147343 0.0406268 0.0289607 -0.00673960.0433048 0.00824775-0.02095340.0322589 0.000561748-0.00035728-0.0005149140.005346630.00455164-0.00075663
data[960       : 991       ]: 0.00720869-0.003790680         -0.00184785-0.00423198-0.00032966-0.004921720.00169565-0.002382750.004817140.00546439-0.001783830.00522272-0.0191119-0.01408690.0423344 0.0253871 0.0138301 0.0457249 0.028578  0.004687950.002412740.00393598-0.004068570.021421  -0.00710328-0.02782730.0397227 -0.0624835-0.004961560.000491192-0.00133292
data[992       : 1023      ]: -0.04434250.0273903 0.009398440.0157382 0.0128611 -0.03492830.0128469 0.0163935 -0.01822160.0002649460.00312513-0.0304823-0.006249920.0342463 -0.0418638-0.001758910.0156778 0.009952348.30705e-050.0112337 -0.0337855-0.00163954-0.005543760.00791975-0.003956880.0145257 0.0165948 0.004120780.009991140.0346972 -0.01441990.00644117
data[1024      : 1055      ]: 0.023719  -0.00888414-0.0023663-0.008449420.001736450.0077282 -0.00761517-0.0128225-0.00495352-0.005790630.0001885750.009286270.0039519 0.009288430.008275240.0257234 -0.0134073-0.002825780.0125824 -0.0315153-0.00487605-0.000195475-0.003508220.004101760.0256971 -0.0009649880.001229080.0121542 -0.005555020.008184870.0124738 -0.010646 
data[1056      : 1087      ]: 0.0337003 0.0375432 -0.05390740.0123794 0.0545752 -0.05932070.0179516 -0.01584970.003570290.0694032 -0.00686422-0.006715250.0110164 -0.0151451-0.006006760.00043703-0.0006801970.0008799650.00101663-0.002782690.000878378-0.000398561-0.001633693.32518e-050.0122883 0.0174163 0.0109738 0.0189415 -0.00231296-0.01872060.0152194 -0.0163643
data[1088      : 1119      ]: -0.03433250.0106004 0.00374098-0.00199352-0.00399566-0.00153614-0.00314654-0.00651973-0.00792531-0.0002170510.00451891-0.0162153-0.002003070.0370596 -0.0103322-0.02098750.0539442 -0.008937550.0170162 0.0297829 -0.0269732-0.07254970.0531037 0.00694337-0.03006630.0322702 0.0157491 -0.0452115-0.0002956260.0156613 -0.03444  0.0286161 
data[1120      : 1151      ]: 0.074826  -0.0262692-0.004275080.0840714 -0.005649320.00606137-0.00830944-9.73758e-060.003137550.00595644-6.19027e-060.00238084-0.002184230.000261071-0.001276430.00257323-0.002654620.0134661 0.0365374 0.0153115 -0.001036330.003835640.0100758 -0.0145086-0.01226110.000803915-0.00368006-0.0226709-0.00169190.015916  -0.047413 -0.0244503
data[1152      : 1183      ]: 0.0243747 0.0270624 0.0281623 0.0263161 0.0307245 0.0109613 -0.002963630.0528913 0.0223551 0.0193301 0.041852  -0.002018460.005604220.0615647 0.0309379 0.009468090.0562547 0.0230365 0.0497047 0.0741324 0.002936740.0649343 0.0460268 -0.01187520.0229346 0.0313962 -0.02506561.4651    0.317815  0.327185  1.22636   0.404363  
data[1184      : 1215      ]: 0.283941  1.47341   0.472645  0.566307  0.527904  -0.0528817-0.03199670.573677  -0.0841753-0.06031590.798749  0.133438  0.359855  0.889198  0.747167  0.287775  1.10702   0.696695  0.245191  1.34073   0.958994  0.550111  0.928795  0.310591  -0.332558 1.05904   0.431817  -0.156256 1.47159   0.853544  0.434319  0.296169  
data[1216      : 1247      ]: -0.01656220.0636214 0.0868013 -0.194473 -0.085587 0.175074  -0.0857636-0.09085690.453593  0.250518  0.0215145 0.375712  0.0139951 -0.03684650.46445   0.003106560.194791  0.553211  0.294928  0.0121658 0.333513  0.367611  -0.09857180.178912  0.333014  0.217032  0.0506865 0.0458037 0.0309769 0.0443329 0.054973  0.0280363 
data[1248      : 1279      ]: 0.0420118 -0.00420877-0.005151610.0492571 0.00674052-0.0342173-0.0191683-0.0138111-0.04156320.0112887 -0.0122341-0.01131850.878516  0.578497  -0.0948   0.881237  0.400552  -0.105186 1.08127   0.559929  0.303813  0.731606  0.903967  -0.006656880.694164  0.735187  0.127385  0.621749  0.91759   0.171018  1.25419   0.764421  
data[1280      : 1311      ]: 0.477942  0.957127  0.781155  0.603612  0.838051  0.741994  0.439255  0.242765  0.345399  0.0195332 0.271301  0.389107  0.0949152 0.186707  0.27783   0.0878813 -0.125318 0.0046668 -0.263323 -0.0669103-0.0440913-0.236138 -0.10822  -0.0522201-0.267602 -0.007483570.0543318 0.0939526 0.118735  0.0466412 0.163004  0.136387  
data[1312      : 1343      ]: 0.126316  0.14005   0.007541490.0220295 0.0297082 0.0020235 0.0292744 0.0187268 0.008231460.0159382 0.00486289-0.115735 -0.15923  0.252621  -0.10335  -0.107353 0.124771  -0.0117897-0.146642 0.262918  0.0830219 0.100175  0.098952  0.1067    0.134285  0.116422  0.0778073 0.0944638 0.129817  0.639491  0.340023  0.511779  
data[1344      : 1375      ]: 0.448845  0.399442  0.531463  0.753027  0.573102  0.736787  0.960524  0.831102  0.0381923 0.945468  0.812379  0.261895  0.847767  0.831411  0.0770312 -0.0150585-0.01307540.0155828 -0.00333872-0.005583660.005455580.000435896-0.0042471-0.00676124-0.234343 0.045207  -0.205824 -0.276764 -0.052102 -0.319936 -0.206262 0.0023818 
data[1376      : 1407      ]: -0.117891 0.004062520.0385808 0.0181528 -0.006517640.0202489 0.0282836 0.0255937 0.0340631 0.003366931.08926   0.968226  0.638245  1.10953   1.00098   0.702472  1.21505   1.33974   0.792127  2.63064   1.17671   0.897419  2.3446    1.10522   0.519111  2.49924   1.41902   1.05151   1.06304   0.317364  -0.124979 1.18791   
data[1408      : 1439      ]: 0.127062  -0.138031 1.2522    0.427362  0.104084  0.0761094 0.0964561 0.0248369 0.0872675 0.116239  0.0555914 0.0742646 0.0999645 0.0153194 0.229079  0.0514982 -0.279608 0.16229   -0.0948167-0.277581 0.165687  -0.142919 -0.298842 0.089366  0.119622  0.211775  0.172793  0.154354  0.223418  0.282401  0.271819  0.279636  
data[1440      : 1471      ]: 0.138694  0.0993472 0.120684  0.138582  0.115215  0.113206  0.169902  0.158515  0.147201  0.234304  0.241789  0.176882  0.24154   0.254679  0.195447  0.226424  0.24047   0.185377  0.156544  0.20155   0.19033   0.172331  0.210184  0.205887  0.100252  0.143649  0.134825  18.4593   18.6705   18.9521   19.7518   19.9628   
data[1472      : 1503      ]: 20.2324   19.4708   19.7281   19.8978   8.69948   8.53503   9.02467   9.01156   8.83294   9.30417   8.58108   8.35174   8.70885   8.52911   8.94349   9.07961   9.11744   9.56191   9.6946    9.10785   9.51968   9.53922   17.6312   18.1804   17.977    18.5396   19.1361   18.8785   17.9562   18.6111   18.1968   7.69305   
data[1504      : 1535      ]: 7.93075   7.96499   8.17311   8.33847   8.47055   8.25665   8.46391   8.46874   10.8756   11.2265   11.3659   11.6028   11.8426   11.87     11.3759   11.6562   11.6602   10.3422   11.4955   10.8896   11.0477   12.1962   11.6419   10.4843   11.502    10.9983   0.0544953 0.100229  0.0928291 0.0813694 0.12073   0.108901  
data[1536      : 1567      ]: 0.0600444 0.0971267 0.0904696 0.191601  0.208802  0.171728  0.184566  0.209565  0.183478  0.215025  0.219206  0.196961  13.0942   14.0255   13.8692   14.0682   15.0942   14.9663   14.1242   15.1634   14.9662   5.99584   6.55081   6.16731   6.42539   6.95119   6.5229    6.01727   6.653     6.22123   10.0542   10.5039   
data[1568      : 1599      ]: 10.338    10.5574   11.0781   10.8945   10.567    11.1654   10.9699   1.07297   1.35507   1.18737   1.21615   1.43493   1.24367   1.01655   1.18043   1.03225   0.616225  0.397804  0.547655  0.587667  0.387366  0.547545  0.560756  0.380222  0.544032  1.03353   0.916043  1.03056   1.03651   0.940233  1.02768   0.731286  
data[1600      : 1631      ]: 0.677724  0.805937  0.219042  0.197482  0.136514  0.223655  0.200281  0.14763   0.127427  0.126892  0.0735858 4.98764   4.9878    4.81971   5.34941   5.3107    5.03137   5.133     5.02087   4.79825   0.461973  0.431692  0.446108  0.485862  0.457924  0.477166  0.30345   0.300292  0.331474  5.86778   5.97646   6.13137   
data[1632      : 1663      ]: 6.17529   6.29795   6.46118   5.59484   5.67204   5.8641    11.4907   12.3519   12.3145   12.1312   13.0946   13.0282   11.5563   12.5562   12.4706   0.038727  0.0316571 0.0287925 0.0233244 0.014855  0.0152708 0.00044233-0.00850215-0.006798063.57692   3.72801   3.51896   3.9257    4.04777   3.84074   3.9557    4.16677   
data[1664      : 1695      ]: 3.95762   0.0512076 0.0281919 0.0734645 0.0292652 0.0211713 0.0772344 0.008442740.0156003 0.0588735 8.64649   9.26111   8.9308    9.04415   9.75861   9.39573   8.75662   9.37236   8.92447   29.9159   30.6464   30.7379   31.896    32.6254   32.6706   31.2433   31.9883   31.9579   20.2776   20.8601   21.2846   21.5018   
data[1696      : 1727      ]: 22.1424   22.4036   21.5502   22.4328   22.5606   0.147829  0.199738  0.146127  0.163982  0.195334  0.156615  0.189914  0.217981  0.173736  9.4891    9.91708   9.91255   10.0344   10.5856   10.5314   10.2815   10.8609   10.751    1.73248   1.79009   1.46119   1.84035   1.89814   1.60419   1.83749   1.80658   1.50387   
data[1728      : 1759      ]: -0.0147793-0.0456503-0.00523649-0.0480505-0.0546182-0.0231956-0.0656303-0.0665798-0.0645516-0.0524665-0.0219578-0.0748877-0.0573717-0.0187682-0.0973252-0.03405410.00180218-0.0834215-0.0923369-0.0573732-0.106747 -0.103139 -0.0889055-0.137062 -0.0691024-0.0470988-0.0571168-0.779281 0.661863  1.45022   -2.14109  -0.599448 
data[1760      : 1791      ]: 0.257717  -3.90247  -2.28618  -1.1686   -0.809792 -0.225497 0.536489  -1.69585  -0.929402 0.00188877-2.22322  -1.52937  -0.640932 -0.931371 -0.113972 0.239039  -1.527    -0.640343 -0.206433 -2.35117  -1.54637  -0.963924 -1.29629  0.206048  1.08149   -2.67468  -1.16352  -0.413162 -4.09186  -2.59852  -1.71136  0.0651646 
data[1792      : 1823      ]: 0.624548  1.05764   -0.456989 0.0648816 0.511766  -1.47267  -0.781993 -0.397793 -0.330502 0.547958  0.662269  -1.15192  -0.257058 0.127157  -2.09198  -1.09972  -0.73975  -0.732623 0.517155  0.378897  -1.70718  -0.491703 -0.557085 -2.27082  -1.12251  -0.932568 0.006912660.0323964 -0.03010590.0103939 0.0398512 -0.0034506
data[1824      : 1855      ]: -0.002000840.054992  -0.001834780.0352485 0.0575205 -0.0004283030.0767432 0.113251  0.0347312 0.0690571 0.114203  0.0468499 -0.42286  0.932155  1.45692   -1.30212  0.19032   0.484241  -2.7869   -1.44194  -0.93096  -1.1857   -0.511979 -0.124057 -1.63531  -0.825231 -0.5201   -1.89889  -1.12892  -0.75247  -0.218153 0.628449  
data[1856      : 1887      ]: 0.84749   -1.06296  -0.26041  0.179415  -2.34927  -1.60552  -1.20285  -0.50148  -0.168622 -0.437741 -0.567454 -0.215911 -0.480156 -0.49476  -0.151324 -0.379738 0.0291134 0.0438726 0.0961393 0.106133  0.108559  0.148638  0.064784  0.0638176 0.0384603 -0.308955 -0.271748 -0.204062 -0.390746 -0.364412 -0.262878 -0.194945 
data[1888      : 1919      ]: -0.136483 -0.086195 -0.0864871-0.0411337-0.0714275-0.117613 -0.0575737-0.0800568-0.0359109-0.00495464-0.02988940.16513   0.493166  0.129839  -0.293969 -0.00447995-0.369154 -0.610488 -0.294287 -0.579125 -0.210709 -0.246896 -0.157317 -0.230363 -0.249365 -0.166372 -0.111571 -0.15048  -0.0861965-0.425197 -0.269896 0.147026  
data[1920      : 1951      ]: -0.987236 -0.967478 -0.537476 -1.24023  -1.16295  -0.676039 -1.73012  -0.405588 -0.0673475-2.99944  -1.78275  -1.38473  -3.65388  -2.57057  -1.92578  -0.0006702720.00717194-0.0140057-0.0004720850.00837397-0.01602820.0244294 0.0300243 -0.006177780.388536  0.648382  0.523045  0.306523  0.551353  0.429626  -0.150546 0.110924  
data[1952      : 1983      ]: 0.0875815 -0.0326717-0.0812473-0.0833056-0.0589307-0.093218 -0.0938251-0.0381465-0.0574299-0.0753965-1.31135  -0.181854 0.388897  -2.17034  -1.16016  -0.658748 -2.91447  -1.94138  -1.40518  -1.80662  1.16297   1.9698    -3.93917  -1.07055  -0.0402572-6.70808  -3.8778   -2.52021  -1.22232  0.556428  1.97852   -2.61962  
data[1984      : 2015      ]: -0.679448 0.836793  -4.8133   -3.00214  -1.24027  -0.04897270.0340535 -0.0250863-0.07112040.00825291-0.0655224-0.119807 -0.0273127-0.0842198-0.435061 0.341663  0.885551  -0.797337 0.0282834 0.463903  -1.99937  -1.29196  -0.867503 0.0577321 0.154741  -0.05298740.0146999 0.15052   -0.14618  -0.09364240.000528754-0.285106 
data[2016      : 2047      ]: -0.0514428-0.039276 -0.0679945-0.079721 -0.0261618-0.0635536-0.0515466-0.0519641-0.0753888-0.0615069-0.0568212-0.14707  -0.0834536-0.0688327-0.202865 -0.0785553-0.0902983-0.192634 -0.0747532-0.0374835-0.0852417-0.0567871-0.0561872-0.0939428-0.049809 -0.0399891-0.0729382-8.62623  -8.19901  -7.92928  -8.31359  -7.93156  
data[2048      : 2079      ]: -7.5074   -7.1643   -6.73984  -6.40216  -3.54536  -3.33919  -3.20806  -3.27153  -3.03391  -2.77625  -2.92521  -2.71161  -2.60895  -4.16917  -3.63731  -3.87694  -4.53651  -3.84755  -3.94895  -4.03851  -3.31072  -3.26694  -7.79774  -7.77168  -7.63072  -7.24369  -7.11897  -6.847    -5.94054  -5.84997  -5.65368  -3.39699  
data[2080      : 2111      ]: -3.68342  -3.45806  -3.40152  -3.48005  -3.10838  -2.67402  -2.78761  -2.63205  -4.67122  -4.67211  -4.68905  -4.4014   -4.54248  -4.32346  -3.5014   -3.84686  -3.54358  -4.5797   -5.29762  -4.69075  -4.36271  -4.88867  -4.52512  -3.61289  -4.13133  -3.59694  -0.0759496-0.0705476-0.113804 -0.0805848-0.0677597-0.104772 
data[2112      : 2143      ]: -0.0536839-0.0552735-0.0973193-0.0963771-0.115622 -0.127822 -0.130817 -0.125633 -0.139865 -0.125054 -0.0998352-0.0906561-6.10215  -6.63265  -6.22089  -6.59933  -6.75945  -6.39628  -5.52778  -5.58799  -4.87394  -2.89642  -3.09589  -3.11067  -2.96852  -2.84011  -3.1723   -2.60985  -2.53582  -3.01505  -4.69343  -4.90755  
data[2144      : 2175      ]: -4.90779  -4.37384  -4.61751  -4.56024  -3.92506  -3.81819  -3.93534  -0.548135 -0.559791 -0.773261 -0.47899  -0.544463 -0.773152 -0.475842 -0.633302 -0.817831 -0.388624 -0.219188 -0.387226 -0.369435 -0.303402 -0.456987 -0.398294 -0.2788   -0.407581 -0.30814  -0.237822 -0.364357 -0.333782 -0.244029 -0.312045 -0.38783  
data[2176      : 2207      ]: -0.222587 -0.301416 -0.01247770.000689515-0.00133357-0.01696810.00394596-0.027291 -0.00555366-0.024327 -0.026956 -1.93141  -1.86893  -1.60399  -1.73326  -1.55324  -1.61686  -1.71439  -1.35834  -1.41455  -0.126152 -0.097706 -0.055414 -0.167061 -0.116202 -0.127795 -0.16572  -0.117686 -0.105771 -2.5124   -2.17293  -2.10908  
data[2208      : 2239      ]: -2.47994  -2.0311   -2.07368  -2.28718  -1.71618  -1.59464  -5.44017  -5.51216  -5.30003  -4.95946  -4.85501  -4.80581  -4.10851  -4.17724  -4.05991  -0.0206997-0.0263385-0.0426035-0.0214875-0.0315745-0.0321362-0.0199496-0.0244024-0.032145 -1.54008  -1.51166  -1.41073  -1.77445  -1.66435  -1.60371  -1.29265  -1.26293  
data[2240      : 2271      ]: -1.14315  -0.0213012-0.0407744-0.00598443-0.0690178-0.0685948-0.0323181-0.0532116-0.0528243-0.0414061-3.63555  -3.54055  -3.52875  -3.40199  -3.24543  -3.46903  -3.05578  -2.87416  -3.10174  -13.8016  -13.8588  -13.1583  -13.6026  -12.9854  -12.6801  -11.3519  -10.7538  -10.4416  -9.64138  -9.60946  -8.6783   -9.48758  
data[2272      : 2303      ]: -9.40008  -8.15034  -7.73445  -7.767    -6.59631  -0.0631601-0.0987163-0.149637 -0.0762905-0.0897123-0.15064  -0.0962866-0.107597 -0.146088 -4.08078  -4.34418  -3.76266  -3.90119  -4.05656  -3.39312  -3.29776  -3.36364  -2.86664  -0.628968 -0.561961 -0.475701 -0.692748 -0.568932 -0.529517 -0.738229 -0.520323 -0.566058 
Time 6048920 ns: producer08000000c finish sending data!
