Timing Report
--------------------------------------------------------------------------------
Total_time: 8090040

Compute_period: 
(1318570, 1788990)
(1788990, 1914450)
(5420370, 5545830)
(5545830, 5671290)
(5671290, 6141710)
(6141710, 6550850)
(6740650, 6743550)
Compute_time: 1729260 Compute_utilization: 21.3752%

Communicate_period: 
(600, 2040)
(1193110, 1318550)
(1977260, 2039990)
(5043880, 5106600)
(5106670, 5169390)
(5232150, 5294870)
(5357640, 5420360)
(6141770, 6267220)
(6550940, 6552380)
(6613660, 6615100)
(6739200, 6740640)
(6743600, 6745050)
Communicate_time: 571710 Communicate_utilization: 7.06684%

merge_period: 
(600, 2040)
(1193110, 1318550)
(1318570, 1788990)
(1788990, 1914450)
(1977260, 2039990)
(5043880, 5106600)
(5106670, 5169390)
(5232150, 5294870)
(5357640, 5420360)
(5420370, 5545830)
(5545830, 5671290)
(5671290, 6141710)
(6141710, 6550850)
(6550940, 6552380)
(6613660, 6615100)
(6739200, 6740640)
(6740650, 6743550)
(6743600, 6745050)
Overlap_time: 125450 overlap_utilization: 1.55067%
Sum_time: 2175520 Sum_utilization: 26.8913%

Alloc_rate: 
(550, 0.78125%)
(600, 6.25%)
(650, 9.375%)
(700, 12.5%)
(750, 28.125%)
(2090, 31.25%)
(1318600, 36.7188%)
(1789000, 36.7188%)
(1789040, 37.5%)
(1914460, 37.5%)
(2040000, 34.375%)
(2040030, 37.5%)
(5545840, 25%)
(5671300, 18.75%)
(6141720, 17.9688%)
(6267230, 12.5%)
(6550860, 3.90625%)
(6743560, 0.78125%)
(6745060, 0%)
