Timing Report
--------------------------------------------------------------------------------
Total_time: 9470270

Compute_period: 
(1695070, 2541810)
(2541810, 2667270)
(6236010, 6361470)
(6361470, 6486930)
(6486930, 7333670)
Compute_time: 2069860 Compute_utilization: 21.8564%

Communicate_period: 
(600, 960)
(1193110, 1318550)
(1318590, 1444030)
(1444110, 1569550)
(1569610, 1695050)
(2730130, 2792860)
(5859520, 5922240)
(5922310, 5985030)
(6047760, 6110480)
(6173280, 6236000)
(7396490, 7521940)
(7521950, 7647400)
(8023840, 8149290)
(8149300, 8274750)
Communicate_time: 1317530 Communicate_utilization: 13.9123%

merge_period: 
(600, 960)
(1193110, 1318550)
(1318590, 1444030)
(1444110, 1569550)
(1569610, 1695050)
(1695070, 2541810)
(2541810, 2667270)
(2730130, 2792860)
(5859520, 5922240)
(5922310, 5985030)
(6047760, 6110480)
(6173280, 6236000)
(6236010, 6361470)
(6361470, 6486930)
(6486930, 7333670)
(7396490, 7521940)
(7521950, 7647400)
(8023840, 8149290)
(8149300, 8274750)
Overlap_time: 0 overlap_utilization: 0%
Sum_time: 3387390 Sum_utilization: 35.7687%

Alloc_rate: 
(550, 0.78125%)
(600, 20.3125%)
(650, 23.4375%)
(700, 26.5625%)
(750, 42.1875%)
(1010, 45.3125%)
(1695100, 64.8438%)
(2541820, 64.8438%)
(2541860, 64.8438%)
(2667280, 64.8438%)
(2792870, 61.7188%)
(2792900, 62.5%)
(6361480, 50%)
(6486940, 43.75%)
(7333680, 42.9688%)
(8274760, 23.4375%)
