Timing Report
--------------------------------------------------------------------------------
Total_time: 9470270

Compute_period: 
(1695070, 2541810)
(2541810, 2667270)
(6173290, 6298750)
(6298750, 6424210)
(6424210, 7270950)
(7270960, 8055340)
Compute_time: 2854240 Compute_utilization: 30.139%

Communicate_period: 
(600, 960)
(1193110, 1318550)
(1318590, 1444030)
(1444110, 1569550)
(1569610, 1695050)
(2792930, 2855660)
(5922260, 5984980)
(5985020, 6047740)
(6047800, 6110520)
(6110560, 6173280)
(7521970, 7647420)
(7647430, 7772880)
(7772890, 7898340)
(7898350, 8023800)
(8055390, 8055760)
Communicate_time: 1317900 Communicate_utilization: 13.9162%

merge_period: 
(600, 960)
(1193110, 1318550)
(1318590, 1444030)
(1444110, 1569550)
(1569610, 1695050)
(1695070, 2541810)
(2541810, 2667270)
(2792930, 2855660)
(5922260, 5984980)
(5985020, 6047740)
(6047800, 6110520)
(6110560, 6173280)
(6173290, 6298750)
(6298750, 6424210)
(6424210, 7270950)
(7270960, 8055340)
(8055390, 8055760)
Overlap_time: 501800 overlap_utilization: 5.29869%
Sum_time: 3670340 Sum_utilization: 38.7564%

Alloc_rate: 
(550, 0.78125%)
(600, 20.3125%)
(650, 23.4375%)
(700, 26.5625%)
(750, 42.1875%)
(1010, 45.3125%)
(1695100, 64.8438%)
(2541820, 64.8438%)
(2541860, 64.8438%)
(2667280, 64.8438%)
(2855670, 61.7188%)
(2855700, 62.5%)
(6298760, 50%)
(6424220, 43.75%)
(7270960, 42.9688%)
(8023810, 23.4375%)
(8055350, 0.78125%)
(8055770, 0%)
