Timing Report
--------------------------------------------------------------------------------
Total_time: 9470270

Compute_period: 
(1695070, 2541810)
(2541810, 2667270)
(6173270, 6298730)
(6298730, 6424190)
(6424190, 7270930)
(7270940, 8055320)
Compute_time: 2854240 Compute_utilization: 30.139%

Communicate_period: 
(600, 960)
(1193110, 1318550)
(1318590, 1444030)
(1444110, 1569550)
(1569610, 1695050)
(2667330, 2730060)
(5796780, 5859500)
(5859570, 5922290)
(5985050, 6047770)
(6110540, 6173260)
(7271000, 7396450)
(7396460, 7521910)
(7521920, 7647370)
(7647380, 7772830)
(8055370, 8055740)
Communicate_time: 1317900 Communicate_utilization: 13.9162%

merge_period: 
(600, 960)
(1193110, 1318550)
(1318590, 1444030)
(1444110, 1569550)
(1569610, 1695050)
(1695070, 2541810)
(2541810, 2667270)
(2667330, 2730060)
(5796780, 5859500)
(5859570, 5922290)
(5985050, 6047770)
(6110540, 6173260)
(6173270, 6298730)
(6298730, 6424190)
(6424190, 7270930)
(7270940, 8055320)
(8055370, 8055740)
Overlap_time: 501800 overlap_utilization: 5.29869%
Sum_time: 3670340 Sum_utilization: 38.7564%

Alloc_rate: 
(550, 0.78125%)
(600, 20.3125%)
(650, 23.4375%)
(700, 26.5625%)
(750, 42.1875%)
(1010, 45.3125%)
(1695100, 64.8438%)
(2541820, 64.8438%)
(2541860, 64.8438%)
(2667280, 64.8438%)
(2730070, 61.7188%)
(2730100, 62.5%)
(6298740, 50%)
(6424200, 43.75%)
(7270940, 42.9688%)
(7772840, 23.4375%)
(8055330, 0.78125%)
(8055750, 0%)
