Timing Report
--------------------------------------------------------------------------------
Total_time: 9470270

Compute_period: 
(126790, 942170)
(942170, 1193070)
(7898350, 8149250)
(8149250, 8400150)
(8400150, 9090810)
(9468020, 9469480)
Compute_time: 2260200 Compute_utilization: 23.8663%

Communicate_period: 
(570, 1290)
(1330, 126770)
(1318580, 1444030)
(7271010, 7396450)
(7396500, 7521940)
(7521980, 7647420)
(7772900, 7898340)
(9216340, 9217060)
(9341830, 9342550)
(9467290, 9468010)
(9469530, 9470260)
Communicate_time: 756260 Communicate_utilization: 7.98562%

merge_period: 
(570, 1290)
(1330, 126770)
(126790, 942170)
(942170, 1193070)
(1318580, 1444030)
(7271010, 7396450)
(7396500, 7521940)
(7521980, 7647420)
(7772900, 7898340)
(7898350, 8149250)
(8149250, 8400150)
(8400150, 9090810)
(9216340, 9217060)
(9341830, 9342550)
(9467290, 9468010)
(9468020, 9469480)
(9469530, 9470260)
Overlap_time: 0 overlap_utilization: 0%
Sum_time: 3016460 Sum_utilization: 31.8519%

Alloc_rate: 
(520, 0.78125%)
(570, 6.25%)
(620, 11.7188%)
(670, 17.1875%)
(720, 44.5312%)
(1340, 50%)
(126820, 50.7812%)
(942180, 50%)
(942220, 53.125%)
(1193080, 53.125%)
(1444040, 47.6562%)
(8149260, 25.7812%)
(8400160, 14.8438%)
(9090820, 3.90625%)
(9469490, 0.78125%)
(9470270, 0%)
