Timing Report
--------------------------------------------------------------------------------
Total_time: 9470270

Compute_period: 
(1695070, 2541810)
(2541810, 2667270)
(6361550, 6487010)
(6487010, 6612470)
(6612470, 7459210)
(7459220, 8243600)
Compute_time: 2854240 Compute_utilization: 30.139%

Communicate_period: 
(600, 960)
(1193110, 1318550)
(1318590, 1444030)
(1444110, 1569550)
(1569610, 1695050)
(2855730, 2918460)
(5985000, 6047720)
(6047790, 6110510)
(6236020, 6298740)
(6298820, 6361540)
(7647430, 7772880)
(7772890, 7898340)
(7898350, 8023800)
(8023810, 8149260)
(8243650, 8244020)
Communicate_time: 1317900 Communicate_utilization: 13.9162%

merge_period: 
(600, 960)
(1193110, 1318550)
(1318590, 1444030)
(1444110, 1569550)
(1569610, 1695050)
(1695070, 2541810)
(2541810, 2667270)
(2855730, 2918460)
(5985000, 6047720)
(6047790, 6110510)
(6236020, 6298740)
(6298820, 6361540)
(6361550, 6487010)
(6487010, 6612470)
(6612470, 7459210)
(7459220, 8243600)
(8243650, 8244020)
Overlap_time: 501800 overlap_utilization: 5.29869%
Sum_time: 3670340 Sum_utilization: 38.7564%

Alloc_rate: 
(550, 0.78125%)
(600, 20.3125%)
(650, 23.4375%)
(700, 26.5625%)
(750, 42.1875%)
(1010, 45.3125%)
(1695100, 64.8438%)
(2541820, 64.8438%)
(2541860, 64.8438%)
(2667280, 64.8438%)
(2918470, 61.7188%)
(2918500, 62.5%)
(6487020, 50%)
(6612480, 43.75%)
(7459220, 42.9688%)
(8149270, 23.4375%)
(8243610, 0.78125%)
(8244030, 0%)
