Time 8011810 ns: ack for producer080000005's req!
Time 8011840 ns: producer080000005 is sending data!
data[0         : 31        ]: 0.207672  -1.23834  -0.628462 -0.574025 -1.10568  0.110587  -0.297239 -0.228026 10.7069   -1.43776  -0.885362 -0.365395 -0.793136 -0.828641 -2.66067  0.0175702 0.124214  -0.877477 -0.412395 -0.326053 -0.519399 0.0585474 -0.0938296-0.141449 5.83661   -0.574986 -0.484837 -0.191338 -0.342841 -0.749732 -1.3146   0.00956901
data[32        : 63        ]: 0.10025   -0.92544  -0.588514 -0.403566 -0.416451 0.0587635 -0.157775 -0.07756165.85826   -0.521543 -0.554749 -0.338546 -0.285195 -0.807633 -0.949972 0.009672010.138531  -0.809421 -0.471554 -0.186592 -0.541502 0.0574794 -0.186805 -0.0518   5.71279   -0.847975 -0.567376 -0.295232 -0.296463 -0.635633 -1.0276   0.00915084
data[64        : 95        ]: 0.0546675 -1.13592  -0.740307 -0.603632 -1.13093  0.114711  -0.424707 -0.137573 10.8398   -1.36392  -0.902169 -0.590938 -0.768746 -0.756549 -2.47152  0.0177819 0.0636873 -0.724085 -0.301234 -0.42863  -0.419467 0.0601985 -0.132876 -0.244007 6.19907   -0.66746  -0.69933  -0.109425 -0.495946 -0.865165 -1.24537  0.0100373 
data[96        : 127       ]: -0.107545 -1.09408  -0.47063  -0.233269 -0.383378 0.0522092 -0.0851471-0.103841 5.22748   -0.344392 -0.349616 -0.341564 -0.25053  -0.873622 -0.650743 0.0086703 0.0729329 -0.65992  -0.438653 -0.372808 -0.397369 0.0507799 -0.0358537-0.04405774.9451    -0.707448 -0.407058 -0.219237 -0.253798 -0.670975 -0.869935 0.00830274
data[128       : 159       ]: 0.168356  -1.04444  -0.588128 -0.435737 -1.04463  0.114099  -0.388763 -0.328791 10.5526   -1.57289  -1.0466   -0.484775 -0.574115 -0.430957 -2.91275  0.0175266 0.0380902 -0.862246 -0.411724 -0.207909 -0.57216  0.0598123 -0.143994 -0.196287 6.09531   -0.597979 -0.601351 -0.152174 -0.31466  -1.0257   -1.11689  0.00986104
data[160       : 191       ]: 0.0657403 -0.705411 -0.623315 -0.388469 -0.538196 0.0616644 -0.144244 -0.141903 5.72186   -0.463424 -0.351289 -0.329457 -0.344665 -0.566572 -1.26204  0.00971717-0.0981088-1.00302  -0.263869 -0.328934 -0.39051  0.0542382 -0.0805693-0.13238  5.65076   -0.6971   -0.450424 -0.531196 -0.134227 -0.628557 -0.975212 0.00910473
data[192       : 223       ]: 0.131124  -1.52094  -0.800074 -0.339957 -0.66748  0.105812  -0.375384 -0.205715 9.98739   -1.12271  -0.920844 -0.384286 -0.779065 -0.570461 -2.55376  0.0163468 0.0744611 -0.83403  -0.524521 -0.305912 -0.606419 0.0560958 0.000731972-0.162187 5.7494    -0.593777 -0.500668 -0.0874378-0.242461 -0.814597 -1.21791  0.00922822
data[224       : 255       ]: 0.0220799 -0.99708  -0.403363 -0.55639  -0.451806 0.0577386 -0.190731 -0.143443 5.78532   -0.582581 -0.392379 -0.361148 -0.371899 -0.700122 -0.723874 0.009684270.184132  -0.736538 -0.518081 -0.224354 -0.351498 0.0511537 -0.197636 -0.130956 5.15334   -0.78001  -0.414069 -0.177651 -0.104563 -0.728489 -1.03318  0.00839981
data[256       : 287       ]: -0.154249 -4.29458  -4.38695  -2.03287  -4.10506  0.492044  -1.86642  -0.410992 45.3578   -4.96458  -3.92238  -1.50483  -3.24858  -3.42117  -11.6115  0.0743697 -0.0524393-4.30806  -4.50605  -2.37614  -4.71574  0.542761  -2.07805  -0.673965 50.0097   -5.50607  -5.1284   -1.81641  -3.19558  -3.99467  -12.2831  0.0822287 
data[288       : 319       ]: -0.0182544-4.47437  -4.86567  -2.19008  -4.80448  0.541013  -1.87852  -0.900621 49.889    -5.26852  -4.84695  -1.81465  -3.60175  -4.23541  -11.6128  0.0820068 0.089904  -3.98836  -4.17586  -1.97981  -4.21236  0.486857  -2.69684  -0.589203 43.9355   -4.89792  -4.57423  -1.59406  -2.78785  -3.19743  -9.89128  0.0729176 
data[320       : 351       ]: -0.111718 -4.75034  -4.75633  -2.13094  -4.46346  0.523723  -1.74779  -0.532804 48.6502   -4.98019  -4.49358  -1.50418  -3.31688  -4.42169  -12.0439  0.0798833 0.0971556 -4.63676  -5.24481  -2.45305  -4.95932  0.576119  -2.14209  -0.642184 53.6098   -6.02702  -5.32654  -1.78307  -3.29918  -4.34342  -13.5131  0.0873944 
data[352       : 383       ]: -0.154958 -4.4283   -5.038    -2.41883  -4.8351   0.577936  -1.62856  -0.856211 52.6051   -5.86481  -5.11796  -2.0416   -3.84782  -4.42768  -12.6107  0.0874707 -0.050215 -3.65958  -4.41918  -2.15059  -4.50827  0.528186  -2.73126  -0.675946 47.4591   -5.47053  -5.05201  -1.53226  -2.97317  -3.78478  -11.0585  0.0789778 
data[384       : 415       ]: 0.072877  -4.41232  -4.63129  -2.30634  -4.5441   0.528374  -1.81057  -0.67894  49.1073   -5.30827  -4.72284  -1.79576  -3.14742  -4.19404  -12.2373  0.0806193 0.0554521 -4.37901  -5.42561  -2.38882  -4.74768  0.583009  -1.90191  -0.630956 53.647    -6.07977  -5.62068  -1.73113  -3.45791  -4.57132  -13.4388  0.0881885 
data[416       : 447       ]: 0.194025  -5.23557  -5.33466  -2.34357  -5.03734  0.578684  -2.16049  -0.801954 53.0889   -5.79896  -4.75328  -1.89855  -3.81537  -4.18143  -12.5881  0.0877347 0.0587394 -3.8372   -4.71786  -2.1123   -4.65953  0.531572  -2.34872  -0.600268 47.5873   -5.56782  -4.92752  -1.64381  -2.99996  -3.769    -11.073   0.0794238 
data[448       : 479       ]: -0.141696 -4.25944  -4.26273  -1.92672  -4.07292  0.494396  -1.96368  -0.563398 46.0184   -4.60751  -4.36623  -1.64269  -3.24758  -3.91013  -11.623   0.0748984 0.048564  -4.74455  -5.07401  -2.21674  -4.68676  0.555495  -2.12567  -0.683163 51.1546   -5.42776  -5.24684  -1.55503  -3.33097  -4.41286  -12.3384  0.0841363 
data[480       : 511       ]: -0.0878382-4.38919  -5.0672   -2.43888  -4.90218  0.554811  -1.78612  -0.70818  50.6438   -5.26733  -4.59088  -1.85411  -3.65683  -4.23025  -12.3035  0.0838764 0.103558  -3.75636  -4.25128  -2.31516  -4.24771  0.501227  -2.45878  -0.805292 45.2094   -5.13672  -4.90087  -1.43453  -3.21209  -3.16732  -10.2033  0.0752369 
data[512       : 543       ]: -0.102812 -2.1399   -2.53394  -0.890134 -2.02514  0.245808  -0.90659  -0.253476 22.6599   -2.10546  -2.26953  -0.596681 -1.45427  -2.02289  -5.6419   0.0370245 -0.15657  -1.67047  -2.35819  -1.09639  -2.26668  0.257301  -1.14641  -0.286717 23.5179   -2.14951  -2.11869  -0.897586 -1.85222  -2.36165  -5.45273  0.0386254 
data[544       : 575       ]: -0.153663 -1.65121  -2.12743  -0.962991 -2.11001  0.255266  -0.9387   -0.216971 23.5383   -2.4602   -2.38664  -0.833185 -1.85376  -1.66776  -6.46931  0.038267  0.0960663 -1.2869   -1.91954  -0.927141 -2.00031  0.223504  -0.647291 -0.259651 19.2048   -2.14397  -2.32321  -0.651528 -1.45788  -1.15878  -4.78101  0.0328452 
data[576       : 607       ]: -0.223742 -2.75775  -2.77694  -0.962501 -2.55817  0.291331  -0.703276 -0.193349 26.6368   -2.5688   -2.71393  -0.920561 -1.34342  -2.10777  -7.14168  0.0437861 -0.223552 -2.14049  -2.82674  -1.46072  -2.82174  0.319013  -1.71375  -0.354281 28.9831   -2.67698  -2.28417  -1.03477  -2.25799  -2.2103   -7.34418  0.047529  
data[608       : 639       ]: -0.228823 -2.20103  -2.88509  -1.40131  -2.86032  0.327912  -1.28367  -0.233329 30.4211   -3.35111  -3.50594  -1.04045  -1.70532  -2.20966  -7.89211  0.0491691 0.139553  -1.33665  -2.44273  -1.14004  -2.54128  0.291973  -1.11651  -0.561619 25.2265   -3.16577  -2.63915  -0.828262 -2.11267  -1.71967  -6.09643  0.0428174 
data[640       : 671       ]: 0.0758591 -2.0899   -3.0958   -1.27178  -2.73756  0.308295  -1.17401  -0.344168 27.8714   -2.62777  -2.66413  -0.844227 -1.89582  -2.50604  -7.05033  0.0460379 -0.382453 -2.43577  -2.95167  -1.26195  -2.75721  0.319673  -1.44061  -0.361661 29.0937   -3.01119  -2.32464  -1.2042   -2.03442  -2.33286  -6.96263  0.0478734 
data[672       : 703       ]: -0.278351 -2.54576  -2.61289  -1.17764  -2.66879  0.324927  -0.988985 -0.44519  30.185    -3.81305  -3.03216  -1.08646  -1.96344  -2.20165  -7.74475  0.0492035 0.132174  -1.5895   -2.47439  -1.12446  -2.3812   0.294167  -0.802619 -0.490321 25.3114   -2.89488  -2.90285  -0.92317  -2.07446  -1.69733  -6.42588  0.0433317 
data[704       : 735       ]: -0.0520204-2.54179  -2.6815   -1.26211  -2.54675  0.278172  -1.0733   -0.24391  26.0681   -2.09094  -2.43482  -0.666137 -1.42719  -2.44897  -6.91926  0.0424342 -0.149626 -2.46327  -2.83628  -1.23929  -2.6195   0.303644  -1.07571  0.0599092 27.4545   -2.72385  -2.46448  -1.17113  -2.1839   -2.21544  -6.72101  0.0454033 
data[736       : 767       ]: -0.0296947-2.22273  -2.58311  -1.40042  -2.5538   0.308622  -1.12844  -0.343216 28.2926   -2.94747  -3.03508  -1.17528  -1.97985  -2.13108  -7.11758  0.0465261 -0.0459372-2.08721  -2.15256  -1.01709  -2.3198   0.282797  -1.03412  -0.359252 24.3958   -2.6997   -2.7499   -0.965876 -1.73066  -1.3411   -6.21703  0.0416651 
data[768       : 799       ]: 0.0467931 -0.273567 -0.616207 -0.124032 -0.395613 0.0463539 -0.182791 -0.07562163.96546   -0.390273 -0.391546 -0.06139  -0.331509 -0.226937 -0.995812 0.0066895 0.0383432 -0.0680471-0.131522 -0.0836844-0.321508 0.0221185 -0.15215  -0.05315011.84246   -0.240831 -0.116518 -0.0136461-0.0762438-0.11045  -0.538369 0.00319667
data[800       : 831       ]: 0.0303628 -0.0398568-0.319213 -0.0311108-0.199611 0.0202985 -0.057152 0.0243721 1.71042   -0.166318 -0.165856 0.022255  -0.184761 -0.14031  -0.506336 0.00281431-0.000905417-0.00546854-0.223526 -0.0954377-0.200749 0.0189793 -0.0547159-0.01090411.7459    -0.152754 -0.292234 -0.0100534-0.21844  -0.0782209-0.424153 0.00267953
data[832       : 863       ]: 0.129213  -0.228866 -0.762758 -0.137732 -0.39579  0.0550372 -0.237555 0.0055825 4.77146   -0.473685 -0.561205 -0.19272  -0.334178 -0.307215 -1.33748  0.00789476-0.02049520.0420897 -0.250147 -0.068405 -0.260204 0.0268889 -0.215646 -0.03301442.21488   -0.22521  -0.295382 -0.0647151-0.183392 -0.056223 -0.614677 0.00365002
data[864       : 895       ]: -0.06384  -0.12717  -0.374469 -0.0778441-0.268247 0.0287728 -0.158117 -0.05661852.45398   -0.198921 -0.340822 -0.0365191-0.051881 -0.101682 -0.630653 0.004031670.00126544-0.0589528-0.229107 -0.0856156-0.202625 0.0228975 -0.100883 0.0470034 1.95524   -0.130539 -0.233015 -0.0207752-0.372319 -0.0409438-0.554835 0.00320573
data[896       : 927       ]: -0.0416394-0.247884 -0.678335 -0.0777276-0.374286 0.051206  -0.212367 -0.02203  4.58349   -0.434454 -0.419908 -0.17026  -0.375816 -0.305503 -1.28179  0.007313040.00541505-0.0776725-0.205082 -0.112545 -0.434317 0.0293985 -0.232145 0.0190122 2.50145   -0.319501 -0.278534 -0.137109 -0.09381510.0138407 -0.682458 0.00406363
data[928       : 959       ]: 0.0209933 -0.0811039-0.275586 -0.0271083-0.266363 0.0240565 -0.17737  0.010216  2.14077   -0.144071 -0.289265 -0.0801657-0.113917 0.000268959-0.744682 0.0033258 0.0101727 -0.0817135-0.198066 -0.0535397-0.236281 0.0193124 -0.0700365-0.009648451.79797   -0.113624 -0.152979 -0.0735588-0.143254 -0.0531568-0.644377 0.00277724
data[960       : 991       ]: 0.0655739 -0.359052 -0.729344 -0.0543704-0.473092 0.056201  -0.0925126-0.04179194.7595    -0.521252 -0.543371 -0.114813 -0.222323 -0.432881 -1.30463  0.008153850.00612981-0.0589914-0.389989 -0.119882 -0.176443 0.0314107 -0.278774 -0.05750142.64677   -0.252342 -0.371133 -0.0559441-0.193897 -0.064857 -0.668873 0.00431248
data[992       : 1023      ]: -0.0571107-0.0883861-0.220366 -0.0821361-0.22066  0.0307236 -0.109132 0.0356099 2.55037   -0.278809 -0.274829 -0.0168694-0.205107 -0.155996 -0.911625 0.004325210.000645638-0.0353217-0.293054 -0.0684998-0.221147 0.0244939 -0.113355 -0.006240412.19839   -0.154226 -0.270895 -0.0485837-0.241871 -0.117075 -0.656708 0.00344324
data[1024      : 1055      ]: 0.0141088 0.0326126 -0.0637123-0.0472287-0.131731 0.0122076 -0.0332637-0.02508111.07668   -0.201654 -0.117303 -0.0974457-0.0803751-0.073383 -0.266234 0.001803370.0478829 -0.201322 -0.0793802-0.0593393-0.10159  0.012261  -0.175675 -0.02787191.13066   -0.145822 -0.182382 -0.0405365-0.101562 -0.0110357-0.06612430.00183554
data[1056      : 1087      ]: 0.0110786 -0.144349 -0.212566 -0.042107 -0.141557 0.0147568 -0.0901287-0.02047081.32186   -0.0980557-0.14813  -0.007479420.0199202 -0.126409 -0.338552 0.00219416-0.0278604-0.258056 -0.147753 -0.122089 -0.147994 0.022812  -0.113316 -0.06124292.25418   -0.225941 -0.102388 -0.11308  -0.189449 -0.306873 -0.464622 0.00367335
data[1088      : 1119      ]: 0.0254773 0.00422947-0.0987416-0.051662 -0.167802 0.0164765 -0.0488437-0.068792 1.58422   -0.0988192-0.184354 -0.114959 -0.110652 -0.147036 -0.5412   0.0024599 0.0281654 -0.239318 -0.210217 -0.0618353-0.215278 0.0184487 -0.0743803-0.114318 1.62849   -0.194541 -0.168459 -0.0917866-0.099313 -0.0383862-0.170053 0.00278293
data[1120      : 1151      ]: 0.00498555-0.140188 -0.203655 -0.09585  -0.196044 0.0191507 -0.116093 -0.03873831.66411   -0.164936 -0.145588 -0.0397003-0.00347842-0.0881009-0.4587   0.00282994-0.000757441-0.28157  -0.307739 -0.134498 -0.239395 0.0303591 -0.20972  -0.01658062.85569   -0.205842 -0.207502 -0.0743904-0.273122 -0.228615 -0.710879 0.00456046
data[1152      : 1183      ]: 0.0335121 -0.00141149-0.121317 -0.0569498-0.131985 0.0173119 -0.01957680.0243712 1.55332   -0.225238 -0.293321 -0.0398424-0.160161 -0.126294 -0.454938 0.002519720.0459226 -0.263774 -0.0799816-0.0554553-0.183904 0.0164013 -0.0720843-0.03262371.47699   -0.144325 -0.205705 -0.121042 -0.11042  -0.133085 -0.139463 0.00254767
data[1184      : 1215      ]: 0.0367588 -0.151158 -0.162936 -0.0793238-0.158749 0.0200199 -0.0427132-0.05152631.84742   -0.162446 -0.155477 -0.0742779-0.0626761-0.173499 -0.632507 0.003094340.0117697 -0.257393 -0.263106 -0.120185 -0.273025 0.0300168 -0.11735  0.0239843 2.80427   -0.309711 -0.204008 -0.0838795-0.224435 -0.266541 -0.754968 0.00456543
data[1216      : 1247      ]: -0.016053 0.0147419 -0.0920406-0.0508226-0.259358 0.0185192 -0.005818790.0110033 1.66579   -0.206614 -0.147772 -0.0846537-0.0964188-0.146969 -0.606266 0.00273616-0.0727267-0.210822 -0.227205 -0.112442 -0.159953 0.0193257 0.0487619 -0.05332091.69739   -0.190306 -0.249414 -0.0445035-0.173674 -0.0375957-0.236381 0.00286268
data[1248      : 1279      ]: 0.00480808-0.104242 -0.204023 -0.0595824-0.288591 0.0170784 -0.0263094-0.064942 1.6129    -0.205722 -0.0662308-0.0562107-0.0102393-0.137495 -0.41379  0.00259312-0.105543 -0.222039 -0.289108 -0.157485 -0.154969 0.0298203 -0.123611 -0.05150922.75884   -0.242117 -0.241261 -0.110016 -0.303885 -0.268204 -0.523435 0.00451987
data[1280      : 1311      ]: -0.0498334-1.87284  -2.39898  -0.959865 -2.18502  0.252914  -0.902158 -0.283761 22.8903   -2.61198  -2.01069  -0.633645 -1.81278  -1.54547  -5.91404  0.0378696 0.00721431-2.31183  -2.1953   -1.05426  -2.55635  0.275162  -1.02338  -0.511009 25.3342   -2.70692  -2.50439  -0.779367 -1.77798  -2.24794  -5.98966  0.0417822 
data[1312      : 1343      ]: 0.10636   -2.26686  -2.56     -1.15322  -2.74248  0.273379  -0.901053 -0.268799 24.9124   -2.5146   -2.7733   -1.07974  -1.63194  -1.69951  -5.7416   0.0409515 0.10594   -2.50753  -2.72064  -1.21944  -2.79884  0.291937  -1.08257  -0.527754 27.1604   -3.31502  -2.59424  -0.802137 -1.73219  -2.1972   -6.10522  0.0444874 
data[1344      : 1375      ]: 0.215515  -1.74173  -2.83568  -1.18465  -2.73765  0.298375  -1.30477  -0.366181 27.5869   -3.1518   -2.56264  -0.812942 -2.11026  -2.04966  -7.28736  0.0446004 -0.0965707-2.30948  -2.97764  -1.39206  -2.67722  0.323219  -1.38578  -0.431218 29.7018   -3.03383  -3.24136  -0.815709 -2.19633  -2.92003  -6.59659  0.0487649 
data[1376      : 1407      ]: -0.0198059-2.47416  -2.93109  -1.45473  -3.02499  0.318293  -1.38419  -0.242793 28.6753   -2.93737  -2.68574  -1.26806  -2.11664  -1.62176  -6.87954  0.0472863 0.0132213 -3.36425  -3.04197  -1.50479  -3.21139  0.339125  -1.09106  -0.48171  31.4582   -3.52215  -2.96836  -0.707372 -1.98815  -2.54373  -7.43751  0.0519149 
data[1408      : 1439      ]: -0.0542691-2.37124  -2.33967  -1.35446  -2.50797  0.302311  -1.26963  -0.290563 27.6884   -3.07566  -2.9782   -0.833404 -1.81209  -1.67776  -7.47121  0.0454655 -0.14469  -2.69591  -2.5385   -1.27692  -2.90411  0.318036  -1.3306   -0.268307 28.9969   -3.08852  -3.2907   -1.03478  -1.88879  -3.01635  -5.8849   0.0481818 
data[1440      : 1471      ]: 0.000646651-2.73646  -2.8353   -1.49621  -2.89988  0.316705  -1.56057  -0.166098 28.7252   -2.97486  -2.48257  -1.36993  -1.81442  -1.92059  -6.83317  0.047543  -0.112159 -2.8403   -3.20022  -1.31746  -2.96685  0.341452  -1.54544  -0.417234 31.2179   -3.53058  -2.96287  -0.991654 -2.00454  -2.29347  -7.4278   0.051208  
data[1472      : 1503      ]: 0.106193  -2.6184   -3.13404  -1.14106  -2.55122  0.323672  -0.916265 -0.379054 29.7505   -3.31452  -3.1449   -0.89768  -2.22575  -1.96512  -7.94088  0.048526  0.262868  -2.63818  -3.46229  -1.36459  -3.4134   0.361616  -1.61697  -0.291597 33.0186   -3.33204  -3.37306  -1.0057   -2.24544  -2.85452  -8.09948  0.0542013 
data[1504      : 1535      ]: -0.0254615-2.71452  -3.59054  -1.68643  -3.19203  0.364432  -1.44412  -0.19152  32.9347   -3.6289   -3.39144  -1.20457  -2.16089  -2.30648  -7.81667  0.0544412 -0.0243552-2.90554  -3.66377  -1.4744   -3.53357  0.37862   -1.52551  -0.435722 34.2487   -3.66838  -3.28232  -0.980801 -2.47815  -2.50178  -8.20953  0.0565042 
data[1536      : 1567      ]: -0.0337245-0.107719 -0.111688 -0.0703516-0.142235 0.015047  0.023895  -0.05850241.45322   -0.241478 -0.181825 -0.000826386-0.0506358-0.065059 -0.430457 0.0023378 0.0106392 -0.151046 -0.133127 -0.0663324-0.206063 0.0167804 -0.07951490.0192499 1.39645   -0.156337 -0.184049 -0.0288154-0.0548648-0.153014 -0.232418 0.00246176
data[1568      : 1599      ]: 0.0313609 -0.106859 -0.180927 -0.0873336-0.165812 0.016114  -0.00509962-0.003822831.49269   -0.141531 -0.151937 -0.0454523-0.106761 -0.154224 -0.392859 0.00245675-0.043989 -0.0905349-0.228483 -0.0981231-0.20619  0.0238681 -0.155615 0.005333842.22392   -0.236831 -0.241242 -0.108089 -0.155974 -0.128123 -0.563411 0.00347757
data[1600      : 1631      ]: -0.0158663-0.110563 -0.151257 -0.105716 -0.07993510.0138994 -0.106112 -0.02145631.27403   -0.1808   -0.156869 -0.0374317-0.05876460.0581319 -0.32334  0.002052560.0109413 -0.174815 -0.113184 -0.0932008-0.157939 0.0152182 -0.09269090.0214399 1.50459   -0.0998149-0.198606 -0.00899793-0.14637  -0.0624607-0.40643  0.00231586
data[1632      : 1663      ]: -0.000386242-0.150618 -0.147661 -0.168786 -0.268594 0.0173431 -0.0052187-0.009892361.57078   -0.127965 -0.122493 -0.0654344-0.0453638-0.114448 -0.363958 0.002696840.016073  -0.282131 -0.1688   -0.108386 -0.09209240.0226064 -0.167283 0.0718803 2.09918   -0.214916 -0.202551 -0.13096  -0.192564 -0.0454526-0.607953 0.00334615
data[1664      : 1695      ]: -0.0297454-0.170658 -0.153561 -0.0731869-0.09652880.0144215 0.01372   -0.02342321.28101   -0.170144 -0.087623 -0.0398607-0.0710315-0.0606739-0.334893 0.002177930.0266881 -0.130064 -0.138055 -0.0835857-0.110225 0.0156533 -0.15843  -0.06723991.47901   -0.0952026-0.122558 -0.106556 -0.0465356-0.158523 -0.306801 0.00242091
data[1696      : 1727      ]: 0.0285081 -0.132914 -0.233862 -0.0559463-0.09905010.0155523 -0.004840090.0215269 1.38326   -0.108588 -0.164741 0.00241326-0.127782 -0.0997531-0.426084 0.002303160.0248819 -0.0713077-0.211321 -0.124352 -0.10397  0.0182875 -0.161512 0.0240894 1.72913   -0.219591 -0.167292 -0.0503812-0.0900139-0.196232 -0.403174 0.00275511
data[1728      : 1759      ]: -0.0515435-0.195787 -0.503004 -0.24874  -0.328809 0.0444185 -0.292168 -0.01207383.71346   -0.393946 -0.407235 -0.0598888-0.155155 -0.309634 -0.806347 0.006458950.00502552-0.317873 -0.348735 -0.0474036-0.468118 0.0430015 -0.119373 0.0459752 3.94419   -0.362158 -0.29484  -0.143695 -0.348881 -0.353796 -1.23964  0.00632621
data[1760      : 1791      ]: -0.00564591-0.28438  -0.44728  -0.185792 -0.443851 0.0454311 -0.134478 0.0118481 4.02286   -0.372708 -0.468025 -0.153438 -0.250978 -0.275491 -1.06473  0.006654110.000254616-0.336496 -0.37719  -0.127981 -0.424943 0.0487038 -0.153978 -0.04368384.23179   -0.514244 -0.483738 -0.153947 -0.267045 -0.261523 -1.14312  0.00714024
data[1792      : 1823      ]: 0.0121319 -0.0569909-0.04846940.00103299-0.04171270.00525627-0.00243638-0.01190290.488634  -0.0358541-0.0260071-0.0384432-0.0501399-0.0180573-0.17783  0.0007887720.00669526-0.0638526-0.0888298-0.0328148-0.05149560.00624147-0.0536807-0.0002275440.556231  -0.071224 -0.04033250.00541246-0.0172973-0.0455913-0.110182 0.000948202
data[1824      : 1855      ]: -0.01890320.0311731 -0.0382208-0.000217576-0.07870080.00527592-0.0344227-0.002080120.415955  -0.0412496-0.0561835-0.00718674-0.033117 -0.0274176-0.115403 0.0006980970.00497833-0.0121747-0.11062  -0.0137582-0.123177 0.0106996 -0.02638040.0100401 0.891357  -0.150015 -0.105297 -0.0582103-0.0528799-0.04784  -0.218229 0.00150684
data[1856      : 1887      ]: 0.00122435-0.00808785-0.00838148-0.008817919.06656e-050.000239198-0.0001565930.0008800390.0259463 1.56861e-057.7931e-050.0004866963.26032e-050.00199992-0.005593264.37563e-050.0005829170.00178108-0.001891669.94605e-054.61475e-050.0001630360.0017141 0.0005927340.0155785 7.01011e-065.15777e-050.000202391-0.01870410.000898174-0.001143562.2136e-05
data[1888      : 1919      ]: 0.000695653-0.0005205752.94819e-050.0001018064.43652e-050.000141837-0.0005319990.000530210.0163173 -0.00977068-0.005374960.000235090.0004124260.000652851-0.002986332.35232e-050.00309891-0.0533891-0.0256386-0.0311187-0.06345410.003603880.0376391 0.013758  0.339204  -0.0206223-0.007228920.00641937-0.0378886-0.0295964-0.135362 0.000575018
data[1920      : 1951      ]: 0.0008628960.00242091-0.003464120.000118623-0.005033760.0002095890.002400490.0006605880.0212125 -0.001950535.25195e-050.0002650910.0006576460.00129367-0.01973372.76415e-05-0.00157860.001916643.09337e-050.000110336-0.008448330.0001679620.001442970.0005103780.0105867 8.42167e-06-0.003344460.0002137880.000439676-0.002256660.0001793962.08808e-05
data[1952      : 1983      ]: -0.01257880.00364675-0.005928660.0003495370.0001507380.000585786-0.01212730.001963680.0491945 -0.0161239-0.009100950.000760749-0.004171060.002789810.000523496.5661e-050.0206942 -0.122828 -0.0294293-0.00161063-0.09597040.005126770.0337627 0.0194794 0.496048  -0.0485481-0.0233448-0.0148445-0.0269807-0.0647194-0.147671 0.000835756
data[1984      : 2015      ]: -0.01098930.0005283763.57276e-050.0001223275.91892e-050.0002188530.00179797-0.002651330.0101203 9.67082e-065.05062e-050.000255025-0.001014250.001241880.0001901772.48477e-050.0003784030.0009769591.73167e-055.48108e-052.61879e-058.76898e-050.0009244380.000291220.009081164.25303e-06-0.008104150.0001157370.000270970.000541002-0.004677011.10145e-05
data[2016      : 2047      ]: -0.004629240.00387848-0.002269320.0002566140.0001119430.000397362-0.01076150.001391430.0317302 1.98847e-05-0.02187950.0005084780.001004690.00251567-0.002315964.08469e-05-0.0109648-0.0712426-0.00157321-0.00999741-0.081367 0.004220670.0404356 -0.01912810.372801  -0.0334206-0.0247125-0.00943404-0.0387656-0.0348911-0.082626 0.000665852
data[2048      : 2079      ]: -0.15579  -3.30553  -3.80979  -1.60165  -4.02732  0.451128  -1.74368  -0.235038 41.4977   -4.12249  -4.00262  -1.06392  -3.32606  -3.02214  -11.6001  0.0673213 0.100095  -3.24114  -4.60603  -1.90257  -4.62334  0.508367  -2.226    -0.580527 46.0621   -4.76367  -4.96277  -1.57167  -3.32712  -3.38461  -11.5567  0.0755618 
data[2080      : 2111      ]: -0.0974293-3.26504  -4.54792  -1.92941  -4.45454  0.510316  -2.18133  -0.622153 46.1429   -4.78963  -5.03276  -1.65808  -3.26369  -3.65706  -11.23    0.0758524 -0.092675 -3.07149  -4.36647  -1.73817  -4.61601  0.491601  -2.74609  -0.720789 43.6821   -4.76195  -4.38883  -1.28656  -3.11383  -2.80988  -10.5332  0.0722552 
data[2112      : 2143      ]: -0.209835 -3.51719  -4.33081  -1.66543  -4.32243  0.490003  -1.9852   -0.233784 44.3834   -3.91761  -4.40796  -1.32978  -3.43016  -3.21713  -12.3787  0.0725864 0.195114  -3.26535  -5.04935  -2.07852  -4.87637  0.538665  -2.44723  -0.502928 48.367    -4.89171  -5.28532  -1.71687  -3.30631  -3.69406  -12.0664  0.0796668 
data[2144      : 2175      ]: -0.242796 -3.30942  -4.92703  -2.10925  -4.9503   0.546842  -2.13265  -0.40476  48.5686   -5.16812  -5.0839   -1.7913   -3.43208  -3.61251  -12.0319  0.0805732 -0.0679423-3.1032   -4.66925  -2.00954  -4.75303  0.521326  -2.86167  -0.751855 46.5032   -4.81611  -4.88039  -1.50654  -3.15634  -3.00631  -11.5191  0.0767198 
data[2176      : 2207      ]: -0.200089 -3.07164  -4.40634  -1.57451  -4.11839  0.483386  -1.93984  -0.36111  43.9279   -4.06843  -4.44652  -1.42087  -3.24702  -3.23491  -12.3931  0.0715006 0.104743  -3.27294  -5.13324  -2.12856  -4.70472  0.541904  -2.13988  -0.318647 48.7248   -4.73948  -5.61079  -1.43156  -3.92966  -3.82921  -12.2129  0.0802125 
data[2208      : 2239      ]: -0.206986 -3.61085  -5.27215  -1.86302  -4.97302  0.548953  -2.21394  -0.426814 48.897    -5.01015  -5.34805  -1.54081  -3.4085   -3.55889  -12.0936  0.0808522 -0.169538 -3.02434  -4.90385  -1.85719  -4.94105  0.524935  -2.67908  -0.874423 46.7316   -5.01558  -4.62044  -1.57965  -3.30425  -2.98611  -11.378   0.0770352 
data[2240      : 2271      ]: -0.108947 -2.86098  -3.82347  -1.51353  -3.87253  0.446447  -2.0253   -0.2795   40.8124   -3.56     -4.12575  -1.0714   -3.03388  -3.37458  -11.6752  0.0662452 -0.13191  -3.03243  -4.9157   -1.72629  -4.65724  0.508352  -2.22906  -0.572123 45.5787   -4.5781   -4.89572  -1.3815   -3.36704  -3.62679  -11.0482  0.0749669 
data[2272      : 2303      ]: -0.174991 -3.32801  -4.86639  -1.89289  -4.77033  0.507055  -1.77152  -0.340825 44.9253   -4.7816   -4.76292  -1.48259  -2.87838  -3.24002  -11.2167  0.074806  0.103004  -2.92314  -4.47103  -1.77273  -4.54841  0.490669  -2.63514  -0.768396 43.6443   -4.88152  -4.58169  -1.33601  -2.9825   -2.54922  -10.8603  0.0721202 
data[2304      : 2335      ]: -0.023747 -0.421019 -0.280691 -0.11156  -0.299149 0.0375921 -0.170308 -0.02573793.4815    -0.398893 -0.353998 -0.0589276-0.339824 -0.172453 -0.868422 0.005635340.0647466 -0.392449 -0.451903 -0.217433 -0.480843 0.0482116 -0.138314 -0.08434194.60407   -0.71668  -0.318955 -0.244687 -0.165575 -0.483181 -1.03024  0.00758187
data[2336      : 2367      ]: -0.0015599-0.28406  -0.383368 -0.214525 -0.353886 0.0495791 -0.268221 -0.04861794.53171   -0.566821 -0.423558 -0.272502 -0.459999 -0.223959 -1.08761  0.00740046-0.00151286-0.437171 -0.403377 -0.374736 -0.608453 0.0609208 -0.343738 0.0143189 5.50562   -0.553297 -0.551444 -0.174949 -0.321486 -0.455294 -1.36459  0.00918764
data[2368      : 2399      ]: -0.0945229-0.467273 -0.342893 -0.27236  -0.54823  0.0520286 -0.235788 -0.039678 4.89601   -0.472273 -0.418328 -0.187383 -0.41422  -0.21255  -1.2504   0.007856590.0747572 -0.882736 -0.644379 -0.205036 -0.609892 0.0686957 -0.277275 -0.02362916.27397   -0.613652 -0.660523 -0.280474 -0.261106 -0.345972 -1.62312  0.0103702 
data[2400      : 2431      ]: 0.0160252 -0.532925 -0.605513 -0.335879 -0.605463 0.0693446 -0.201653 -0.102532 6.28067   -0.794581 -0.513791 -0.124285 -0.369199 -0.482039 -1.70867  0.0104915 0.01263   -0.682781 -0.660433 -0.299818 -0.691449 0.085243  -0.554301 -0.05687037.63804   -0.767938 -0.841089 -0.318872 -0.61092  -0.597139 -1.66693  0.0126229 
data[2432      : 2463      ]: -0.0313474-0.467427 -0.607067 -0.114132 -0.461656 0.0516773 -0.10728  -0.008023724.927     -0.556987 -0.473778 -0.282821 -0.348262 -0.521048 -1.00667  0.007821430.052503  -0.619397 -0.756043 -0.379689 -0.456176 0.0713736 -0.0473358-0.03167866.61267   -0.654516 -0.652536 -0.247512 -0.453461 -0.783693 -1.66558  0.0110672 
data[2464      : 2495      ]: 0.0569405 -0.57393  -0.64198  -0.231833 -0.55345  0.0688473 -0.333917 -0.02729696.2114    -0.612843 -0.644716 -0.175298 -0.462422 -0.554391 -1.53538  0.010266  -0.0120868-0.683084 -0.753026 -0.380835 -0.80266  0.0827232 -0.370649 -0.05581097.58725   -0.868216 -0.715415 -0.133817 -0.416839 -0.662418 -1.82765  0.012539  
data[2496      : 2527      ]: -0.0262385-0.499441 -0.560066 -0.320159 -0.683443 0.0711936 -0.390515 -0.136886 6.75465   -0.667155 -0.504353 -0.22285  -0.486728 -0.722638 -1.61629  0.0109187 -0.119331 -0.722852 -0.873963 -0.530351 -0.872562 0.104284  -0.267729 -0.139296 9.60342   -1.061    -0.830538 -0.452294 -0.608561 -0.976177 -2.26901  0.0159592 
data[2528      : 2559      ]: 0.0491768 -0.875416 -0.762892 -0.327787 -0.895994 0.0987386 -0.337088 -0.124109 9.05194   -1.0632   -0.914086 -0.348384 -0.61683  -0.749881 -2.19921  0.0150114 0.00268292-1.00522  -0.843033 -0.526108 -1.03908  0.114355  -0.620097 -0.252125 10.542    -1.19097  -1.15385  -0.366868 -0.589971 -0.728715 -2.36033  0.0173434 
data[2560      : 2591      ]: -0.0195107-2.66223  -1.94747  -1.04998  -1.83496  0.224292  -0.639357 -0.474583 21.243    -2.65534  -1.73422  -0.976096 -1.11879  -1.57266  -4.81708  0.0349994 0.0241633 -2.78837  -1.67856  -1.03937  -1.67022  0.217258  -0.772599 -0.46422  21.2713   -2.33733  -2.07712  -0.555293 -1.42701  -2.18264  -4.55436  0.0344117 
data[2592      : 2623      ]: 0.0454159 -2.65021  -1.8501   -1.03328  -1.81806  0.226813  -0.37867  -0.489676 21.4539   -2.32913  -2.04514  -0.723119 -1.34219  -2.31535  -4.7869   0.0357256 0.267007  -2.63899  -1.66543  -1.07298  -1.63935  0.210332  -0.750524 -0.29922  19.8845   -2.42273  -1.81268  -0.993038 -1.05528  -2.09628  -3.94857  0.0332853 
data[2624      : 2655      ]: 0.225208  -2.5286   -1.82766  -1.07965  -1.65391  0.211622  -0.477348 -0.40617  20.3662   -2.88455  -1.54912  -0.901371 -1.0024   -1.96603  -4.55991  0.0336827 -0.206912 -2.40507  -1.83188  -1.20052  -1.58071  0.217371  -0.758461 -0.513733 21.1674   -2.55367  -2.07887  -0.610366 -1.32827  -2.19233  -4.15822  0.0342579 
data[2656      : 2687      ]: -0.0270334-2.85047  -1.52991  -1.2721   -1.76016  0.212529  -0.375846 -0.391896 20.5383   -2.21333  -1.60674  -0.808101 -1.37858  -2.15281  -4.4181   0.0342087 0.306154  -2.80401  -1.39832  -1.1651   -1.59231  0.198221  -0.526597 -0.26523  19.2347   -2.46477  -1.72822  -0.773259 -0.85575  -2.10587  -4.09167  0.0320286 
data[2688      : 2719      ]: 0.131557  -2.61927  -1.93498  -1.27901  -1.89576  0.231778  -0.529819 -0.505899 21.6169   -2.85848  -1.86906  -0.851764 -1.15654  -1.70974  -4.80618  0.0362406 -0.264614 -2.7495   -1.28006  -1.07623  -1.822    0.212989  -0.712848 -0.351617 20.5577   -2.62918  -1.80097  -0.688895 -1.0386   -2.10571  -4.28431  0.033806  
data[2720      : 2751      ]: 0.0428438 -2.9606   -1.75043  -1.4554   -1.80522  0.221333  -0.598443 -0.191492 21.2728   -2.60583  -1.71608  -0.942986 -1.08078  -1.97145  -4.49365  0.0353791 0.200642  -3.02176  -1.81208  -1.15183  -1.37379  0.210994  -0.477488 -0.255998 20.0238   -2.41925  -1.87619  -1.07144  -0.991043 -1.80314  -4.21484  0.0334546 
data[2752      : 2783      ]: 0.130435  -3.00175  -1.90415  -1.22564  -1.53511  0.221668  -0.380576 -0.482515 21.5581   -2.66587  -1.75746  -1.00179  -1.36223  -1.64409  -4.98429  0.0352983 0.243339  -3.16051  -2.12464  -1.21289  -1.82853  0.230993  -0.663873 -0.301702 22.3523   -2.61987  -2.01847  -0.861539 -1.01863  -1.56985  -5.4825   0.0363977 
data[2784      : 2815      ]: 0.121471  -2.87579  -1.98594  -1.49211  -1.69819  0.230348  -0.563514 -0.415432 22.0534   -2.29379  -1.75055  -0.808445 -1.71636  -2.51703  -4.32493  0.0369038 0.131078  -2.67316  -1.67244  -1.03858  -1.45928  0.208078  -0.670206 -0.273604 19.675    -2.39433  -1.67485  -0.75155  -1.21042  -1.87934  -4.34919  0.0327744 
data[2816      : 2847      ]: -0.061635 -0.617168 -1.0249   -0.21411  -0.913588 0.104125  -0.60486  0.0625073 9.19531   -0.783437 -0.884866 -0.208984 -0.761846 -0.693168 -2.60836  0.0149806 -0.132523 -0.519802 -1.20068  -0.45684  -1.25738  0.126843  -0.699807 -0.132177 11.342    -1.11826  -1.37472  -0.383582 -0.843483 -0.738124 -2.62992  0.0184433 
data[2848      : 2879      ]: -0.11937  -0.374301 -1.25161  -0.423569 -1.24497  0.123226  -0.423869 -0.19834  10.3972   -0.805873 -1.04623  -0.332383 -1.00087  -0.47935  -2.83718  0.0174937 -0.0606453-0.666832 -1.06762  -0.465015 -1.21334  0.12276   -1.0074   -0.069641710.8993   -0.729195 -1.29259  -0.286333 -0.524847 -0.568098 -3.0881   0.0176328 
data[2880      : 2911      ]: 0.0436128 -0.765776 -0.972608 -0.453194 -0.949391 0.116146  -0.646763 0.0155232 10.1608   -0.758791 -1.19869  -0.203982 -0.994096 -0.712454 -2.69718  0.0168901 -0.0284533-0.426377 -1.39174  -0.361202 -1.43863  0.139921  -0.698049 0.0453847 12.3289   -1.34019  -1.33751  -0.456401 -0.808621 -0.728163 -3.51883  0.0199934 
data[2912      : 2943      ]: -0.208201 -0.449935 -1.52045  -0.438874 -1.31851  0.149054  -0.674658 -0.047960312.7349   -1.37403  -1.28005  -0.321156 -1.08484  -0.565775 -3.6206   0.0210726 -0.23578  -0.395672 -1.14372  -0.272958 -1.33438  0.132776  -0.895153 -0.130881 11.6885   -1.48274  -1.14865  -0.223513 -0.69743  -0.537418 -3.34191  0.0189269 
data[2944      : 2975      ]: 0.00183252-0.552605 -1.16607  -0.315434 -0.862749 0.114823  -0.523512 0.0519487 10.4461   -0.720585 -1.13278  -0.402444 -1.03982  -1.00201  -2.91352  0.0168516 0.00798485-0.444053 -1.55706  -0.436125 -1.25005  0.138462  -0.554548 -0.101458 12.2381   -1.06563  -1.32765  -0.4341   -0.876725 -0.778812 -3.5782   0.0198985 
data[2976      : 3007      ]: -0.0316651-0.5941   -1.27726  -0.347791 -1.24894  0.136442  -0.610121 -0.123474 11.5631   -1.44858  -1.1528   -0.376265 -1.02195  -0.581904 -2.90421  0.0194784 0.0519705 -0.339889 -1.24728  -0.348312 -1.40789  0.131455  -0.895659 -0.230934 11.3588   -1.15438  -1.00331  -0.219387 -0.830977 -0.808111 -3.075    0.0189108 
data[3008      : 3039      ]: 0.0922286 -0.625242 -1.06644  -0.394481 -1.11887  0.107754  -0.670712 0.0296423 9.52687   -0.711217 -0.961422 -0.14838  -0.819173 -0.505416 -2.7506   0.0154567 0.0419069 -0.355796 -1.1303   -0.46785  -1.12705  0.124435  -0.863889 -0.020188210.8943   -1.19419  -1.33936  -0.258988 -0.812814 -0.911539 -2.59662  0.0179603 
data[3040      : 3071      ]: -0.0105974-0.471411 -1.20099  -0.532012 -1.1618   0.124089  -0.374872 -0.163496 10.6027   -0.93814  -1.3164   -0.416422 -0.85083  -0.402534 -2.90504  0.0178043 -0.0280447-0.168488 -1.17655  -0.360165 -1.41322  0.122808  -0.744675 -0.150106 10.6296   -1.00869  -1.30282  -0.357041 -0.793175 -0.390563 -2.87616  0.0172887 
data[3072      : 3103      ]: 0.0116109 -0.00930157-1.24505  -0.283386 -1.20586  0.112337  -0.79184  0.0683649 9.45555   -0.85122  -1.23948  -0.216129 -1.18993  -0.453221 -2.17781  0.0153578 0.0413223 -0.325157 -1.50529  -0.332004 -1.46957  0.13322   -0.905707 -0.059815911.5793   -1.30915  -1.32292  -0.33012  -0.579234 -0.76266  -2.87105  0.0188456 
data[3104      : 3135      ]: -0.0130422-0.616389 -1.33329  -0.573527 -1.10177  0.132822  -0.693142 0.005009  11.3558   -0.903561 -1.15253  -0.411182 -1.00276  -0.341252 -3.37013  0.0189252 -0.255235 -0.614049 -1.65496  -0.467185 -1.52313  0.145915  -0.721328 -0.104299 13.4452   -1.23866  -1.39388  -0.146027 -1.20165  -0.764089 -3.52761  0.020986  
data[3136      : 3167      ]: 0.0817047 -0.253888 -1.51153  -0.363865 -1.40615  0.140207  -0.865269 -0.033238511.8469   -1.03014  -1.58037  -0.455962 -1.14502  -0.635992 -2.80677  0.0194248 0.0275629 -0.873379 -1.53893  -0.236604 -1.64898  0.156884  -0.674713 0.058521  13.5561   -0.92701  -1.70421  -0.484011 -0.969049 -0.730175 -4.03416  0.022178  
data[3168      : 3199      ]: 0.030612  -0.533557 -1.75423  -0.359962 -1.92476  0.15885   -0.782078 -0.249204 13.2205   -1.1137   -1.3629   -0.343591 -0.723733 -0.0559725-4.22823  0.0219554 -0.0582766-1.20338  -2.01358  -0.800443 -1.72175  0.180966  -1.08451  0.0152933 16.3614   -1.25248  -1.83643  -0.204885 -1.44356  -0.846205 -4.11831  0.0261776 
data[3200      : 3231      ]: -0.21185  -0.25054  -1.52394  -0.395484 -1.47916  0.13161   -1.00683  -0.139024 11.1068   -0.902689 -1.23395  -0.377144 -0.968715 -0.568401 -2.19888  0.0181673 -0.222638 -0.429542 -1.47476  -0.381913 -1.59759  0.152614  -0.826733 0.0192791 13.1336   -1.21783  -1.55438  -0.49899  -0.810473 -0.772909 -3.53922  0.021469  
data[3232      : 3263      ]: -0.186295 -0.339093 -1.55094  -0.345654 -1.5923   0.153303  -1.05827  -0.054763612.9314   -0.842519 -1.55327  -0.169577 -1.09412  -0.419281 -3.89968  0.0210406 -0.298967 -0.721437 -1.67317  -0.549812 -1.58696  0.164905  -1.01842  -0.038288714.9142   -1.22091  -1.56602  -0.218708 -1.18825  -0.915942 -4.10589  0.0236466 
data[3264      : 3295      ]: 0.0138368 0.0413302 -1.45051  -0.297144 -1.28033  0.127898  -0.945628 -0.112374 10.5205   -1.16678  -1.29729  -0.281262 -0.859218 -0.578378 -2.45233  0.0176657 -0.174871 -0.359577 -1.45013  -0.451684 -1.63414  0.146843  -0.7719   0.0350123 13.0393   -1.18937  -1.41454  -0.245387 -0.762583 -0.887754 -3.90012  0.020936  
data[3296      : 3327      ]: 0.0186452 -0.212399 -1.56241  -0.330787 -1.55718  0.142106  -0.802799 0.0787171 12.0683   -1.24884  -1.43651  -0.356894 -0.839249 -0.349275 -3.63103  0.0196304 -0.151204 -1.14747  -1.66216  -0.395658 -1.97499  0.168521  -0.926466 -0.14702  15.2553   -1.27278  -1.70092  -0.46183  -0.883944 -1.02772  -3.69614  0.0244621 
data[3328      : 3359      ]: -0.116559 -1.11949  -1.44046  -0.687004 -1.75059  0.173528  -1.03286  -0.23237  15.4793   -1.90266  -1.39641  -0.35052  -1.1326   -0.56931  -3.94734  0.0253626 0.014216  -1.29436  -1.30143  -0.755543 -1.31335  0.157133  -0.972735 -0.180439 14.7787   -1.55272  -1.21027  -0.459077 -0.938776 -1.33619  -3.65919  0.0240748 
data[3360      : 3391      ]: -0.0063563-1.48365  -1.51433  -0.640644 -1.22497  0.14872   -0.408472 -0.186193 14.2403   -1.41174  -1.29955  -0.581071 -1.26941  -1.22003  -3.16547  0.022855  0.0311836 -1.37801  -1.02422  -0.587172 -1.11611  0.145633  -0.706004 -0.094329212.9541   -1.77007  -1.35588  -0.454266 -0.71278  -1.03124  -2.92282  0.0220244 
data[3392      : 3423      ]: -0.110156 -1.22265  -1.31263  -0.526289 -1.44067  0.153413  -0.693043 -0.341343 13.6762   -1.61468  -1.18841  -0.510508 -0.79709  -0.872541 -3.22248  0.0228641 0.233386  -1.57138  -1.10784  -0.553289 -1.12235  0.127657  -0.332342 -0.211024 12.405    -1.14171  -1.05451  -0.290227 -0.646675 -1.37454  -3.38042  0.0202293 
data[3424      : 3455      ]: 0.0281213 -1.31109  -1.24902  -0.579084 -1.30225  0.124949  0.0447388 -0.127504 11.6743   -1.09164  -0.951584 -0.658578 -0.909865 -1.27442  -2.43643  0.0193247 0.0573818 -1.17445  -0.943473 -0.545018 -0.692112 0.126357  -0.463309 -0.092643111.8021   -1.50105  -1.34596  -0.511673 -0.721477 -1.24911  -2.7652   0.019653  
data[3456      : 3487      ]: -0.00383732-1.00953  -1.47941  -0.597587 -1.26991  0.155899  -0.730546 -0.18653  13.8233   -1.86539  -1.37155  -0.592808 -0.648021 -0.795368 -3.4518   0.0230973 0.0481266 -1.44805  -1.18651  -0.640204 -1.26571  0.138175  -0.363344 -0.192571 13.2341   -1.1595   -1.33714  -0.228415 -0.963231 -1.55916  -3.09823  0.0216411 
data[3488      : 3519      ]: 0.0516381 -1.61995  -1.02362  -0.657968 -1.18258  0.128316  -0.381736 -0.00037889212.0771   -0.892502 -1.18131  -0.576354 -0.933842 -1.25251  -2.57429  0.0199739 -0.120122 -1.12357  -1.16935  -0.387401 -0.93574  0.12224   -0.127133 -0.111609 11.2372   -1.83855  -1.17244  -0.419764 -0.484379 -0.872065 -2.61579  0.0185224 
data[3520      : 3551      ]: -0.0475723-0.877416 -1.09512  -0.439175 -1.04748  0.130115  -0.738802 -0.19177  11.5011   -1.43254  -1.08574  -0.513448 -0.83792  -0.533585 -2.80976  0.0190924 0.0408849 -1.29231  -0.984252 -0.539768 -0.843281 0.109879  -0.247433 -0.131716 10.6412   -1.14365  -0.793974 -0.223454 -0.675707 -1.12496  -2.80885  0.0173466 
data[3552      : 3583      ]: 0.103986  -1.24265  -0.914063 -0.624957 -0.962178 0.112763  -0.374652 -0.0060159710.8598   -1.03881  -0.998745 -0.43653  -0.892973 -1.16738  -2.4352   0.0176287 0.00451577-1.08845  -0.92009  -0.520201 -0.730985 0.107169  -0.192873 -0.163753 9.92071   -1.29547  -1.0262   -0.245058 -0.633745 -0.731077 -2.50106  0.01657   
data[3584      : 3615      ]: -0.183472 -2.03991  -3.03435  -0.830415 -2.99203  0.313766  -1.43161  -0.043005927.7961   -2.28624  -2.89576  -0.500829 -2.45848  -2.01179  -7.44755  0.0455789 0.10239   -1.81548  -3.84764  -1.19896  -3.67318  0.375575  -2.21582  -0.198416 33.4348   -3.09966  -3.5584   -1.25818  -2.64366  -2.15155  -8.30608  0.0542821 
data[3616      : 3647      ]: -0.0861986-1.56509  -3.42669  -1.28938  -3.71812  0.373969  -1.63409  -0.246333 33.0725   -3.16783  -3.90544  -0.97226  -2.70845  -1.9462   -8.8345   0.0540967 -0.0933495-1.75817  -3.9121   -1.364    -3.69989  0.3879    -2.00544  -0.301675 33.7748   -3.53413  -3.49696  -0.919015 -2.77883  -1.54456  -8.81037  0.0558026 
data[3648      : 3679      ]: -0.384803 -2.4338   -3.75477  -1.04894  -3.49735  0.378071  -1.59864  0.206742  33.8737   -2.66871  -3.3806   -0.976472 -2.83704  -1.83294  -10.0989  0.0544627 -0.124206 -1.79047  -4.47415  -1.28037  -4.5104   0.446967  -2.32524  -0.310337 39.1433   -3.30211  -4.59428  -1.29345  -3.29266  -2.18882  -10.1675  0.0637724 
data[3680      : 3711      ]: -0.258035 -1.85135  -4.27918  -1.5729   -4.42817  0.452455  -2.20606  -0.27754  39.1983   -3.85287  -4.26521  -1.15962  -2.88752  -2.24115  -10.4361  0.0649432 -0.16915  -2.08823  -4.69614  -1.80684  -4.15031  0.473347  -2.39754  -0.369422 41.1508   -4.24022  -4.35376  -0.979152 -3.43845  -1.96529  -11.0377  0.0680792 
data[3712      : 3743      ]: -0.173827 -2.23142  -3.42547  -1.23913  -3.45392  0.375336  -1.93653  -0.093644632.7637   -2.55475  -3.48918  -0.709745 -2.52254  -2.06257  -9.30053  0.0542642 -0.514392 -1.99923  -3.97397  -1.41864  -3.9684   0.43646   -1.96034  -0.103196 38.2244   -3.69743  -4.28917  -1.22346  -3.04585  -2.8325   -9.6975   0.0632488 
data[3744      : 3775      ]: -0.523913 -1.75313  -4.25106  -1.42726  -4.30074  0.456162  -2.07779  -0.155714 39.726    -4.02599  -4.34702  -1.28463  -2.98649  -2.38614  -10.7277  0.0654592 -0.453946 -1.98717  -4.67508  -1.30286  -4.26887  0.464718  -2.31813  -0.434405 40.4388   -4.1215   -4.59868  -1.21448  -3.14163  -1.89254  -10.5605  0.066295  
data[3776      : 3807      ]: -0.29916  -2.43943  -3.68367  -1.37119  -3.8033   0.396264  -1.80925  0.0078027835.8594   -2.70035  -3.56676  -0.717018 -2.93383  -2.44486  -10.5526  0.0579294 -0.106968 -1.91054  -4.52901  -1.28308  -4.55667  0.468845  -2.52148  -0.143375 41.2171   -3.74187  -4.56725  -1.19522  -3.34796  -2.96498  -10.8849  0.0674071 
data[3808      : 3839      ]: 0.0387546 -2.64136  -4.54069  -1.61149  -4.50598  0.476152  -2.17345  -0.154893 41.5852   -4.33706  -4.77436  -1.41073  -2.6796   -2.29702  -11.0425  0.0690351 -0.111822 -2.52035  -4.52448  -1.56627  -4.76817  0.493392  -2.60311  -0.490075 43.0974   -4.40168  -4.75223  -1.27483  -3.10219  -2.11159  -11.4352  0.0711203 
data[3840      : 3871      ]: 0.0616945 -1.1102   -1.1901   -0.589734 -1.41829  0.147015  -0.44223  -0.140284 13.6087   -1.51469  -1.40766  -0.466237 -1.04302  -1.13249  -3.38481  0.0222847 0.113096  -1.17842  -1.44618  -0.517766 -1.36285  0.151901  -0.560492 -0.30779  14.1057   -1.59984  -1.5847   -0.723347 -0.676242 -1.24234  -3.19365  0.0229312 
data[3872      : 3903      ]: 0.0701202 -1.50237  -1.25784  -0.702286 -1.37745  0.162333  -0.800707 -0.267893 14.9707   -1.58806  -1.36336  -0.639611 -0.885149 -1.19814  -3.64503  0.0247509 -0.08787  -1.51492  -1.65136  -0.787916 -1.49283  0.175246  -0.694237 -0.176694 16.377    -1.57527  -1.58649  -0.633214 -1.11406  -1.39099  -3.87301  0.0265971 
data[3904      : 3935      ]: -0.0206341-0.486942 -0.966555 -0.506083 -0.821232 0.101795  -0.492408 -0.111013 9.25633   -1.21833  -0.850879 -0.383163 -0.549391 -0.877918 -2.08889  0.0153121 -0.103755 -1.21571  -0.962694 -0.718811 -1.03609  0.119352  -0.441798 -0.194589 10.9161   -0.963584 -1.14697  -0.473103 -0.615881 -0.881549 -2.29917  0.0182822 
data[3936      : 3967      ]: 0.0215424 -1.13451  -0.943192 -0.552158 -1.06236  0.113722  -0.268547 -0.233612 10.5739   -1.17301  -1.07687  -0.365787 -0.501433 -0.728083 -2.68712  0.0175424 -0.0274854-1.59689  -1.27073  -0.744318 -1.17856  0.142373  -0.565239 -0.216037 13.46     -1.22386  -1.4407   -0.47631  -0.869566 -1.18406  -2.83064  0.0219699 
data[3968      : 3999      ]: 0.0960118 -0.546385 -0.924298 -0.391581 -0.976788 0.105584  -0.323239 -0.370922 9.68679   -0.98067  -1.02958  -0.406076 -0.561462 -1.12889  -2.26456  0.016067  -0.0149792-1.20094  -1.11826  -0.498786 -0.993911 0.12207   -0.590311 -0.172044 11.3855   -1.35316  -1.07286  -0.483605 -0.600399 -0.884799 -2.54213  0.0186455 
data[4000      : 4031      ]: 0.00334102-1.07349  -1.24062  -0.47431  -1.27168  0.121797  -0.328995 -0.102689 11.2177   -1.22744  -1.2429   -0.324152 -0.405722 -0.94806  -2.72118  0.0184002 -0.0576378-1.27658  -1.14812  -0.633988 -1.10412  0.137407  -0.801214 -0.243998 12.9721   -1.16375  -1.11993  -0.382619 -0.982677 -1.25088  -2.96499  0.0209804 
data[4032      : 4063      ]: 0.0357293 -0.425695 -0.782088 -0.34804  -0.825698 0.092224  -0.47165  -0.081094 8.37453   -0.992722 -0.678016 -0.258669 -0.590508 -0.848342 -2.21378  0.0138169 -0.06451  -1.08022  -1.01758  -0.475966 -0.962442 0.106313  -0.0623211-0.042940310.0174   -0.98844  -0.866684 -0.539919 -0.822929 -0.997871 -2.21829  0.0163963 
data[4064      : 4095      ]: 0.128957  -1.09952  -1.11457  -0.460859 -0.869317 0.107034  -0.591707 -0.138415 9.71352   -1.28335  -0.65751  -0.497604 -0.490939 -0.44339  -2.31841  0.0160791 -0.0405748-1.41297  -1.04672  -0.627807 -1.10878  0.128555  -0.867722 -0.116501 12.0502   -1.21128  -1.1641   -0.313797 -0.754557 -0.963815 -2.56973  0.0196299 
data[4096      : 4127      ]: 0.126735  -0.525986 -0.58199  -0.344741 -0.595021 0.0637385 -0.197302 -0.220029 6.04835   -0.735682 -0.517458 -0.230615 -0.502861 -0.524649 -1.27239  0.009895910.157525  -0.630065 -0.539322 -0.436776 -0.461749 0.0572133 -0.154606 -0.102118 5.37259   -0.571534 -0.383712 -0.337421 -0.433033 -0.443333 -1.10271  0.00905044
data[4128      : 4159      ]: -0.0317713-0.73618  -0.585874 -0.181993 -0.471221 0.0595259 -0.253483 -0.138165 5.86685   -0.6296   -0.496978 -0.249134 -0.337448 -0.464785 -1.35905  0.009303810.150975  -0.561488 -0.552045 -0.30218  -0.396029 0.0538999 -0.141896 -0.04384875.14144   -0.559436 -0.394403 -0.214341 -0.426183 -0.502979 -1.25997  0.00848713
data[4160      : 4191      ]: 0.0105026 -0.83685  -0.941526 -0.266106 -0.680264 0.075835  -0.0447188-0.101958 7.11685   -0.61451  -0.737641 -0.403488 -0.23821  -0.584702 -1.76483  0.0116134 -0.0908093-0.718029 -0.516869 -0.387037 -0.691082 0.0754024 -0.293167 -0.272122 6.79951   -0.796539 -0.613279 -0.279251 -0.430375 -0.465876 -1.33198  0.0115087 
data[4192      : 4223      ]: -0.0473431-1.09491  -0.531679 -0.401954 -0.724617 0.0762848 -0.359798 -0.128888 7.5575    -0.675362 -0.686148 -0.37525  -0.277496 -0.835643 -1.5069   0.012199  -0.0103773-0.594237 -0.743037 -0.463931 -0.584436 0.0688912 0.0662666 -0.126104 6.39728   -0.510967 -0.538703 -0.278453 -0.52014  -0.715498 -1.45727  0.010713  
data[4224      : 4255      ]: -0.012224 -0.660964 -0.627393 -0.396067 -0.570652 0.0779531 -0.320954 -0.106107 6.90791   -0.943618 -0.622897 -0.358376 -0.34646  -0.518332 -1.5136   0.0117789 -0.0613841-0.630836 -0.536814 -0.381879 -0.555016 0.0689521 -0.290197 -0.117763 6.54581   -0.750969 -0.509379 -0.340901 -0.380644 -0.619516 -1.45019  0.0107237 
data[4256      : 4287      ]: 0.0416412 -1.00556  -0.628247 -0.405209 -0.548033 0.0779902 -0.365638 -0.126126 7.44597   -0.706175 -0.510703 -0.229073 -0.549638 -0.540849 -1.96257  0.0122239 -0.0369141-0.757032 -0.564413 -0.318333 -0.509894 0.0729967 0.0493133 0.0436948 6.78616   -0.694161 -0.830531 -0.354614 -0.38627  -0.693957 -1.81733  0.0112809 
data[4288      : 4319      ]: 0.0425125 -1.10284  -1.02188  -0.437724 -0.800287 0.102625  -0.358665 -0.216241 9.432     -0.878789 -0.837322 -0.388881 -0.581963 -0.648283 -2.31989  0.0156206 0.0282795 -1.02714  -0.992446 -0.502318 -0.897385 0.102489  -0.337483 -0.04213869.24795   -0.955973 -0.754816 -0.345042 -0.718397 -0.583878 -2.23712  0.0154199 
data[4320      : 4351      ]: 0.0259534 -1.1804   -0.818157 -0.591024 -0.907891 0.103519  -0.619625 -0.02341099.65199   -1.07317  -0.724044 -0.305267 -0.488034 -0.873    -2.19344  0.0159984 0.0742665 -1.00183  -0.702568 -0.515747 -0.758051 0.0915298 -0.19653  -0.04819958.42522   -0.987799 -0.828431 -0.265419 -0.536372 -0.612854 -2.15135  0.0141329 
data[4352      : 4383      ]: 0.00665698-0.117092 -0.14439  -0.0620475-0.187334 0.0196545 -0.168139 0.009364951.67095   -0.156571 -0.204977 -0.0794452-0.272435 -0.0349622-0.282002 0.002764550.0724304 0.0294548 -0.261489 -0.101889 -0.442197 0.0279458 -0.109135 -0.020358 2.46405   -0.261983 -0.217407 -0.0507017-0.149109 -0.175697 -0.807926 0.00401091
data[4384      : 4415      ]: 0.0362396 -0.0730189-0.390028 -0.143572 -0.269037 0.0280417 -0.169652 0.0533278 2.36498   -0.205375 -0.205655 -0.0490141-0.17948  -0.174254 -0.627447 0.00394993-0.00800163-0.158162 -0.437853 -0.0680894-0.386411 0.034088  -0.305216 -0.03332783.11381   -0.341176 -0.302377 -0.0134298-0.149959 -0.237291 -0.711492 0.00488503
data[4416      : 4447      ]: 0.0230945 0.0208528 -0.0969102-0.130825 -0.09264460.0158722 -0.0782679-0.043825 1.36655   -0.168877 -0.171544 -0.101767 -0.146371 -0.00860587-0.389026 0.00229642-0.0220746-0.0633903-0.244781 -0.0868221-0.271271 0.0235425 -0.0446326-0.0003669152.00448   -0.161392 -0.271902 0.013795  -0.0800283-0.205764 -0.592765 0.0033761 
data[4448      : 4479      ]: -0.00589103-0.0571759-0.23148  -0.112764 -0.268092 0.0207221 -0.165994 -0.002164031.7443    -0.0588211-0.155923 -0.0374464-0.0933474-0.0774625-0.50137  0.00291124-0.00535093-0.101267 -0.302406 -0.122378 -0.374257 0.029035  -0.273023 0.0708637 2.62582   -0.268295 -0.274462 -0.0882952-0.207141 -0.10492  -0.608    0.00407401
data[4480      : 4511      ]: -0.0158615-0.0178895-0.148069 -0.0620911-0.153633 0.0163579 -0.120152 -0.003144571.4315    -0.178829 -0.167076 -0.00989205-0.207381 0.0193907 -0.385485 0.00225334-0.0295076-0.130139 -0.101507 -0.103121 -0.306154 0.018572  -0.145025 -0.009069171.53431   -0.192492 -0.08764170.0268394 -0.00444244-0.0459483-0.427351 0.00267899
data[4512      : 4543      ]: -0.0453957-0.0448605-0.178171 -0.121778 -0.264997 0.0228939 -0.183893 0.0172233 1.95075   -0.0641514-0.191888 -0.0718487-0.227296 -0.0513207-0.548462 0.003191430.0130834 -0.146094 -0.337147 -0.0661925-0.238399 0.028722  -0.08099440.0718032 2.56487   -0.329165 -0.339758 -0.0672683-0.123667 -0.0812109-0.872665 0.00408621
data[4544      : 4575      ]: -0.0155406-0.0267571-0.193987 -0.0646964-0.08618780.0178038 -0.0818607-0.09037721.44427   -0.13662  -0.257305 0.00429922-0.133954 -0.0959847-0.285628 0.002528290.0477983 -0.226626 -0.246862 -0.109426 -0.250128 0.0192906 -0.08069630.003765511.84291   -0.0981912-0.233485 -0.0066628-0.0218252-0.0456235-0.597107 0.00286721
data[4576      : 4607      ]: 0.0295947 -0.077076 -0.271007 -0.0264972-0.137822 0.0175447 -0.107043 -0.02352951.44084   -0.131374 -0.173204 -0.0176916-0.127387 -0.0443124-0.353454 0.00241423-0.0280448-0.213373 -0.308884 -0.0424895-0.290526 0.0301406 -0.240204 0.0203349 2.73747   -0.299063 -0.3507   -0.0926516-0.0912137-0.233501 -0.601659 0.00436647
data[4608      : 4639      ]: -0.00615329-0.131382 -0.0725151-0.0575003-0.104257 0.00689692-0.00553278-0.01354790.618581  -0.085977 -0.0408947-0.0115379-0.0190391-0.00556192-0.07267080.001092250.0104813 -0.0972233-0.0369305-0.0339416-0.07973850.00602383-0.0133583-0.01364560.587287  -0.0111135-0.0298874-0.06993140.00134044-0.0851193-0.135234 0.000990588
data[4640      : 4671      ]: 0.0158073 -0.108831 -0.0545001-0.0146925-0.043283 0.006481580.00800235-0.002556680.667882  -0.0966109-0.0805019-0.0423401-0.070859 -0.0745056-0.110552 0.00105977-0.00854387-0.0386549-0.031113 -0.00619187-0.03056270.00473915-0.003694560.0118656 0.40531   -0.0468665-0.0535847-0.0214384-0.0599801-0.0180858-0.103882 0.000683813
data[4672      : 4703      ]: 0.003200870.00794312-0.00969096-0.0750383-0.04153120.001795880.0112899 0.006815210.169368  -0.03031110.000595841-0.00310837-0.000901613-0.000449814-0.04028720.0003098150.002429820.0006975040.0001192560.000419334-0.02661180.000651506-0.013841 0.002181840.0441477 3.21881e-050.0001888510.000853638-0.01620090.004180080.0006775477.45286e-05
data[4704      : 4735      ]: -0.004697510.008734030.000162691-0.00799645-0.01217720.0007896310.0064312 0.003083180.0910597 4.21994e-050.000284011-0.00825583-0.0271238-0.033234 -0.01723620.0001344440.00270231-0.000272697-0.019638 0.0005049190.0002577410.0007096230.006724350.002609690.0860712 -0.03892380.0002134560.001441810.00265171-0.0262215-0.01895130.000120467
data[4736      : 4767      ]: -0.0118861-0.01125  -0.000108575-0.0527761-0.06063060.001578780.003596890.005857220.161062  -0.035522 -0.002110570.002769030.000283938-5.5254e-05-0.001083310.0002741990.00248406-0.004886240.0001145330.0003770470.0001955430.000609127-0.01935310.002266220.0605453 3.05745e-050.000203538-0.00369643-0.03269630.00404429-0.01031918.08419e-05
data[4768      : 4799      ]: 0.002254340.006083240.0001085450.0003428030.0001703780.000502591-0.036406 0.001784660.0488326 2.88902e-050.000160048-0.0141954-0.000591342-0.00741754-0.001720486.26371e-050.00216372-0.0128927-0.01768430.000358590.0001958840.000539090.005305320.001836750.0551686 -0.001387370.000149440.0009275150.00174726-0.0103575-0.02616629.58411e-05
data[4800      : 4831      ]: 0.002696940.013194  -0.00190705-0.0147364-0.029081 0.0017032 -0.0296412-0.008384550.139475  -0.0019062-0.0186845-0.0179303-0.01274750.00661957-0.02889790.0002282660.001961160.001453869.75721e-050.000291687-0.007931250.000471846-0.0196612-0.006367820.0425856 2.7073e-050.0001373130.000760875-0.003098210.00310715-0.01389555.98966e-05
data[4832      : 4863      ]: 0.001523580.001621997.1599e-050.000227382-0.0002223070.000374574-0.002606090.001404090.030107  1.76672e-050.000130028-0.00680363-0.02442830.00256306-0.004026 4.53249e-050.001245380.00340383-0.02023620.0001904318.67581e-050.0003420940.002713610.0009831040.024637  -0.0126277-0.003332810.0004272990.0008869590.00242504-0.001184623.98009e-05
data[4864      : 4895      ]: -0.0361406-3.0935   -2.49457  -1.44339  -2.37234  0.29494   -0.759284 -0.448339 27.9639   -3.24534  -2.39057  -0.905797 -2.02573  -2.18936  -6.90022  0.045742  0.213066  -3.54813  -3.09107  -1.68932  -2.86425  0.361192  -1.32119  -0.498137 33.6623   -3.55922  -3.40512  -1.36972  -1.80026  -3.23718  -7.90881  0.0557919 
data[4896      : 4927      ]: -0.0211685-3.84983  -3.1426   -1.48913  -3.16721  0.366002  -1.61181  -0.678863 34.161    -3.82258  -2.98667  -1.49163  -1.87815  -3.03881  -7.40497  0.0564003 0.176099  -3.55598  -2.88859  -1.50155  -3.19408  0.348351  -1.36915  -0.367904 32.4279   -3.74238  -3.09516  -1.25366  -2.08228  -2.82879  -7.12637  0.0535804 
data[4928      : 4959      ]: -0.260924 -3.45034  -3.17859  -1.40454  -3.02425  0.353054  -0.819682 -0.355989 33.6125   -3.47546  -2.84686  -1.27083  -2.28764  -3.05154  -8.59331  0.0544172 0.11904   -4.57387  -3.71804  -2.08467  -3.59013  0.43355   -1.62845  -0.808733 40.7347   -4.60494  -4.07758  -1.27845  -2.22606  -3.60621  -9.15725  0.067096  
data[4960      : 4991      ]: -0.0347748-4.29924  -3.38947  -1.95909  -3.49962  0.428263  -1.48884  -0.668988 39.8483   -4.46865  -3.21441  -1.70477  -2.85547  -3.74519  -9.01424  0.0661433 0.177866  -4.20701  -3.45368  -1.99262  -3.44318  0.424267  -2.00733  -0.901768 39.6633   -4.37242  -3.86732  -1.51817  -2.40707  -3.65081  -8.50958  0.06554   
data[4992      : 5023      ]: 0.134633  -3.15737  -3.06323  -1.75808  -2.93953  0.358815  -0.947226 -0.51153  33.6693   -3.8957   -3.28254  -1.31113  -2.04298  -3.10561  -8.20329  0.0554624 0.0529431 -4.08166  -3.83101  -2.15633  -3.35417  0.437856  -1.10095  -0.810301 40.8784   -4.56814  -4.13735  -1.42663  -2.44671  -3.97428  -9.54948  0.0677956 
data[5024      : 5055      ]: 0.133583  -4.91953  -3.88828  -2.03388  -3.60303  0.440546  -1.36095  -0.371176 41.0091   -4.52333  -3.43432  -1.66075  -2.69977  -4.03199  -9.12449  0.0683093 0.193887  -4.23806  -3.49205  -2.06631  -3.58414  0.430688  -1.63467  -0.620824 39.9923   -4.96406  -4.1077   -1.45204  -2.20208  -3.62043  -8.70085  0.0663875 
data[5056      : 5087      ]: -0.0341164-3.49133  -2.97046  -1.74043  -2.88289  0.359164  -1.08894  -0.544606 34.1791   -3.68828  -2.77563  -1.27292  -2.5164   -2.77506  -8.81272  0.0555407 0.104374  -4.30111  -3.89326  -1.91238  -3.80947  0.447083  -1.03398  -0.572123 41.3702   -4.49053  -3.93969  -1.55942  -2.38455  -3.85875  -10.2352  0.0688399 
data[5088      : 5119      ]: 0.16592   -4.6424   -4.20792  -2.07919  -4.04355  0.459532  -1.66388  -0.675071 42.2651   -4.70563  -3.52438  -1.64754  -2.76486  -3.6992   -9.30747  0.0705229 0.124609  -4.03531  -3.61196  -2.2218   -3.88182  0.442262  -1.97131  -0.898699 40.9708   -4.78037  -3.98598  -1.23432  -2.56532  -3.28833  -9.13033  0.0678531 
data[5120      : 5151      ]: -0.319063 -1.02765  -1.31287  -0.328733 -1.17775  0.136477  -0.848605 -0.041534611.8787   -1.01425  -1.25617  -0.241743 -0.528585 -0.772573 -3.16526  0.0196676 -0.115656 -0.52386  -1.22346  -0.506846 -1.22959  0.1315    -0.724673 -0.153744 11.9831   -0.988909 -1.17452  -0.327198 -1.28264  -0.733316 -3.14938  0.0192124 
data[5152      : 5183      ]: -0.0369481-0.611996 -1.25884  -0.520471 -1.19585  0.128969  -0.426101 -0.039719711.4829   -1.02579  -1.22189  -0.34468  -0.900628 -0.86645  -3.1814   0.0188778 -0.137961 -0.638871 -1.11092  -0.417745 -0.96025  0.127047  -0.441731 -0.221661 10.4739   -1.22383  -1.3272   -0.438188 -0.613485 -0.35869  -2.72865  0.0182298 
data[5184      : 5215      ]: -0.0882964-1.01562  -1.21621  -0.427458 -1.16785  0.133248  -0.510879 -0.089919711.8379   -1.27975  -1.18427  -0.355052 -0.645007 -0.927375 -3.08318  0.0197314 -0.276299 -0.440865 -1.36064  -0.631376 -1.21266  0.138324  -0.560472 -0.197315 12.4484   -1.39264  -1.1081   -0.296026 -0.824833 -0.8701   -3.43566  0.0202911 
data[5216      : 5247      ]: 0.0634065 -0.56871  -1.37081  -0.408165 -1.19853  0.141657  -0.633622 0.132323  12.9549   -1.39476  -1.63843  -0.312748 -1.16128  -0.956276 -3.66961  0.0206815 -0.0780811-0.178778 -1.24566  -0.240666 -1.12331  0.132951  -0.309936 -0.249659 10.6451   -1.56821  -1.23058  -0.302257 -0.930165 -0.283611 -3.05563  0.0185188 
data[5248      : 5279      ]: -0.16529  -1.06186  -1.4627   -0.444398 -1.13852  0.144202  -0.720378 -0.12009  13.0218   -1.09645  -1.21118  -0.300903 -0.846687 -1.08941  -3.52944  0.0213155 -0.0474722-0.5691   -1.40943  -0.388422 -1.28744  0.130508  -0.672913 -0.086139411.6951   -1.06099  -0.867219 -0.218421 -0.903491 -0.875697 -3.45782  0.0189397 
data[5280      : 5311      ]: -0.0129743-0.610172 -1.2498   -0.526266 -1.23359  0.139092  -0.392366 -0.043542812.9364   -1.43902  -1.49546  -0.468335 -0.927411 -1.18825  -3.5091   0.020785  0.0775521 -0.218732 -1.20829  -0.341708 -1.31062  0.135967  -0.44156  -0.199569 11.22     -1.49586  -1.36422  -0.2878   -0.820274 -0.647252 -3.11701  0.0194113 
data[5312      : 5343      ]: -0.171612 -0.859555 -1.27054  -0.599178 -1.18609  0.132699  -0.797578 -0.132032 12.0289   -1.08175  -1.21857  -0.228988 -0.578305 -1.06204  -2.99511  0.0197186 -0.138388 -0.752198 -1.3552   -0.43697  -1.12095  0.131867  -0.621988 -0.091883711.71     -0.936026 -1.06578  -0.359827 -1.11704  -0.860094 -3.00482  0.0192612 
data[5344      : 5375      ]: -0.00494102-0.397201 -1.21194  -0.566129 -1.13613  0.130932  -0.354915 -0.044554711.8311   -1.01856  -1.56489  -0.444921 -0.966349 -1.01102  -3.25974  0.0193017 -0.15188  -0.479207 -1.08262  -0.374285 -0.882268 0.126375  -0.435779 -0.157541 10.4576   -1.2343   -1.41862  -0.32255  -0.952235 -0.342202 -2.7684   0.0179535 
data[5376      : 5407      ]: 0         0         0         0         0         0         0         0         0         0         0         0         0         0         0         0         0         0         0         0         0         0         0         0         0         0         0         0         0         0         0         0         
data[5408      : 5439      ]: 0         0         0         0         0         0         0         0         0         0         0         0         0         0         0         0         0         0         0         0         0         0         0         0         0         0         0         0         0         0         0         0         
data[5440      : 5471      ]: 0         0         0         0         0         0         0         0         0         0         0         0         0         0         0         0         0         0         0         0         0         0         0         0         0         0         0         0         0         0         0         0         
data[5472      : 5503      ]: 0         0         0         0         0         0         0         0         0         0         0         0         0         0         0         0         0         0         0         0         0         0         0         0         0         0         0         0         0         0         0         0         
data[5504      : 5535      ]: 0         0         0         0         0         0         0         0         0         0         0         0         0         0         0         0         0         0         0         0         0         0         0         0         0         0         0         0         0         0         0         0         
data[5536      : 5567      ]: 0         0         0         0         0         0         0         0         0         0         0         0         0         0         0         0         0         0         0         0         0         0         0         0         0         0         0         0         0         0         0         0         
data[5568      : 5599      ]: 7.2237e-050.0001425223.36597e-069.47944e-064.22713e-061.74964e-050.0001668056.12037e-050.001756156.28205e-075.19566e-061.71792e-054.72868e-050.000114842-0.002420852.23491e-060         0         0         0         0         0         0         0         0         0         0         0         0         0         0         0         
data[5600      : 5631      ]: 0         0         0         0         0         0         0         0         0         0         0         0         0         0         0         0         0         0         0         0         0         0         0         0         0         0         0         0         0         0         0         0         
data[5632      : 5663      ]: -0.193256 -1.79604  -3.35239  -1.25812  -3.33778  0.357975  -1.75424  -0.257754 32.3355   -3.54604  -2.89171  -1.06333  -2.41312  -2.44313  -8.43929  0.0527015 0.0460605 -2.74287  -2.99656  -1.22522  -2.8202   0.334798  -1.75881  -0.38151  30.5859   -3.45804  -3.07272  -1.03475  -2.2948   -2.04859  -7.1828   0.0500908 
data[5664      : 5695      ]: 0.0557345 -2.64235  -3.45853  -1.36197  -3.10278  0.340795  -1.20681  -0.385668 30.7267   -3.28086  -3.13243  -1.16155  -1.8796   -2.08617  -7.47535  0.050856  -0.0390645-2.69796  -3.03543  -1.08166  -2.8149   0.315972  -1.47496  -0.567098 28.7608   -3.13458  -2.9485   -0.692176 -1.87463  -2.13345  -6.62973  0.0473487 
data[5696      : 5727      ]: -0.00114471-2.52759  -3.20019  -1.43606  -3.30732  0.358234  -1.31585  -0.524011 33.1517   -3.33736  -3.05249  -1.04054  -2.29458  -3.16592  -8.36105  0.0541844 0.145233  -2.71278  -3.24767  -1.28825  -2.94318  0.334237  -1.13216  -0.326049 30.915    -3.49897  -3.34846  -1.11427  -2.13634  -2.42024  -7.27657  0.0504137 
data[5728      : 5759      ]: 0.156191  -2.41712  -3.04504  -1.13638  -3.06421  0.32658   -0.748295 -0.404694 29.3051   -3.39503  -2.85901  -1.15366  -2.24343  -1.97818  -7.39148  0.0486018 -0.104958 -2.9903   -2.84822  -1.28624  -2.60539  0.325065  -1.52115  -0.354198 29.6106   -2.84468  -3.10757  -0.795747 -1.96235  -2.3615   -7.20237  0.0490138 
data[5760      : 5791      ]: -0.193115 -2.31468  -3.26049  -1.71718  -3.16636  0.355573  -1.61026  -0.296131 32.4593   -3.50611  -3.05934  -1.1391   -1.70992  -2.65393  -8.24165  0.0534452 -0.0688437-2.21364  -3.08512  -1.28008  -3.08759  0.333762  -1.36408  -0.205228 30.4535   -3.11599  -3.4359   -1.04924  -2.5544   -2.34819  -7.02856  0.0495773 
data[5792      : 5823      ]: 0.118598  -2.908    -3.07871  -1.44131  -3.16863  0.337454  -1.42061  -0.055131430.7043   -2.89552  -3.26672  -1.03345  -2.00298  -2.67037  -7.26974  0.0507741 -0.130697 -2.40983  -2.80229  -1.25991  -2.66015  0.313489  -1.28529  -0.306672 28.1475   -3.1835   -2.85086  -0.711498 -1.8613   -2.1593   -6.88653  0.0468134 
data[5824      : 5855      ]: -0.0922909-1.5185   -2.88918  -1.21559  -2.74166  0.316975  -1.20272  -0.25587  28.3437   -3.31927  -2.72381  -1.13555  -1.86696  -2.40169  -7.34455  0.046963  0.140657  -2.59886  -2.94522  -1.07779  -2.7351   0.290323  -1.10306  -0.419826 27.1736   -2.8894   -2.64151  -0.492263 -1.96769  -2.24209  -6.53588  0.0440578 
data[5856      : 5887      ]: 0.0803893 -1.96798  -2.95079  -1.20347  -2.83896  0.294545  -0.933634 -0.223803 26.6116   -2.97876  -2.68115  -0.737171 -1.72695  -1.79559  -6.99205  0.0437489 -0.0137642-2.25908  -2.77404  -1.17431  -2.69513  0.289965  -1.32942  -0.408573 26.2928   -2.64483  -2.59586  -0.661748 -1.73019  -1.95072  -6.38844  0.0433637 
data[5888      : 5919      ]: 0.136688  -1.23458  -1.51774  -0.813678 -1.55376  0.177616  -0.434111 -0.246264 16.813    -1.76185  -1.6954   -0.640873 -1.36395  -1.42159  -4.47065  0.0271567 0.109307  -1.68289  -1.95397  -0.698469 -1.79382  0.206134  -0.663765 -0.328902 18.7799   -2.05652  -1.96657  -0.72121  -0.997393 -1.54619  -4.71663  0.0309578 
data[5920      : 5951      ]: 0.00687736-1.96365  -1.7019   -1.05852  -1.67889  0.208045  -0.982794 -0.241681 18.9485   -2.1906   -1.85965  -0.776027 -1.24715  -1.49894  -3.99535  0.031706  -0.104139 -2.0784   -2.00349  -0.975443 -1.98128  0.211649  -0.602024 -0.480449 19.7952   -2.04964  -1.75635  -0.655584 -1.24904  -1.62124  -4.48219  0.0324744 
data[5952      : 5983      ]: 0.212556  -0.519044 -0.848964 -0.59185  -0.913607 0.0985998 -0.305344 -0.217627 9.28988   -1.07911  -0.852685 -0.279252 -0.861508 -0.872426 -2.27484  0.0152285 0.026531  -1.15503  -1.04077  -0.62245  -0.930453 0.112708  -0.38102  -0.322548 10.3482   -1.03166  -0.994427 -0.398078 -0.634841 -0.938667 -2.05486  0.0173823 
data[5984      : 6015      ]: 0.101074  -1.28705  -1.01258  -0.57304  -1.06136  0.112561  -0.294994 -0.291371 10.7809   -1.29087  -1.0589   -0.46161  -0.413697 -0.856032 -2.41063  0.0175838 0.0706133 -1.6782   -0.981051 -0.76379  -1.0869   0.122181  -0.249329 -0.201587 12.0182   -1.33641  -1.10477  -0.499049 -0.602464 -1.0916   -2.63538  0.0195754 
data[6016      : 6047      ]: 0.0285604 -0.562762 -0.763835 -0.481556 -0.8778   0.10157   -0.417384 -0.265875 9.4617    -1.22109  -0.909305 -0.406436 -0.703002 -0.697964 -2.30024  0.015422  -0.0635215-0.993199 -0.869841 -0.570853 -1.0211   0.117171  -0.729306 -0.176657 10.7965   -1.2323   -1.17472  -0.282578 -0.623448 -0.91778  -2.27623  0.0178135 
data[6048      : 6079      ]: 0.0763837 -1.11124  -1.10032  -0.548117 -1.30991  0.119283  -0.6675   -0.118607 10.8319   -0.977433 -1.07873  -0.393977 -0.432328 -0.955284 -2.35226  0.0181633 0.00174677-1.31032  -1.06731  -0.572276 -0.981902 0.119173  -0.506291 -0.190989 11.687    -1.2311   -0.858202 -0.4568   -0.911568 -1.04269  -2.69707  0.0186062 
data[6080      : 6111      ]: 0.0563938 -0.40458  -0.667207 -0.355076 -0.635966 0.0816194 -0.252131 -0.06326387.72295   -0.969146 -0.774845 -0.438545 -0.716828 -0.641352 -1.95445  0.0124264 -0.0138095-1.21168  -0.921863 -0.385557 -0.89634  0.0957859 -0.0723049-0.11424  8.92201   -0.955821 -0.627408 -0.398298 -0.664768 -0.751235 -2.01931  0.0148403 
data[6112      : 6143      ]: 0.164038  -1.05134  -1.13393  -0.405272 -0.837167 0.0952064 -0.555959 -0.11373  8.96185   -1.10166  -0.742251 -0.422486 -0.595579 -0.593283 -1.68291  0.0144672 0.0848758 -1.34419  -0.980766 -0.598712 -0.911224 0.101746  -0.515502 -0.20709  9.70389   -1.09509  -0.725052 -0.387979 -0.400127 -0.659511 -2.08123  0.0159539 
data[6144      : 6175      ]: -0.0365309-2.11668  -2.2656   -0.805251 -2.00359  0.233421  -0.851363 -0.132287 21.4781   -2.39909  -1.92888  -0.620124 -1.37732  -1.47682  -5.73309  0.0350616 -0.14043  -1.97573  -1.76333  -1.05289  -1.9697   0.233529  -0.872724 -0.153565 21.5632   -2.18668  -2.26212  -0.854597 -1.72165  -1.86445  -5.01432  0.0354723 
data[6176      : 6207      ]: 0.0139866 -1.81762  -2.31315  -0.900491 -1.95699  0.234459  -0.80035  -0.221338 21.4778   -2.28171  -2.21276  -0.706249 -1.4744   -1.88847  -5.18801  0.0353089 0.0916374 -1.44165  -1.85987  -0.756657 -1.89649  0.211375  -1.32167  -0.320158 18.933    -2.06582  -1.92995  -0.590873 -1.39574  -1.31644  -4.37197  0.0312918 
data[6208      : 6239      ]: 0.0749538 -2.11696  -1.98359  -0.981962 -1.96247  0.225306  -0.950154 -0.236353 20.7393   -2.11731  -1.88289  -0.510013 -1.4351   -1.71028  -5.18671  0.0342317 0.00916696-1.60847  -1.93537  -0.993483 -1.683    0.213274  -0.90879  -0.266935 19.8294   -2.10676  -1.98258  -0.643708 -1.40545  -1.77031  -4.77939  0.0324039 
data[6240      : 6271      ]: -0.1027   -1.64199  -1.91604  -0.794373 -1.93403  0.212132  -0.634314 -0.15736  19.4195   -2.12347  -1.95394  -0.83002  -1.2899   -1.83878  -4.44663  0.0319597 0.0707529 -1.08111  -1.45557  -0.770746 -1.76471  0.19163   -1.01409  -0.239283 17.152    -2.35277  -1.74181  -0.473635 -1.05165  -1.38503  -4.11269  0.0286834 
data[6272      : 6303      ]: 0.000303477-1.8976   -1.72495  -0.957538 -1.92376  0.218512  -0.789901 -0.188482 20.3209   -2.17443  -2.05093  -0.631488 -1.30946  -1.35204  -5.57235  0.0331664 0.0537777 -1.74508  -2.01133  -0.865886 -1.95377  0.216927  -0.747264 -0.321235 20.0217   -1.92466  -2.06046  -0.718779 -1.38048  -1.65947  -4.93673  0.0327847 
data[6304      : 6335      ]: 0.0570368 -1.67838  -1.96072  -0.796944 -1.9751   0.217377  -0.938656 -0.203592 20.0099   -2.34977  -1.84118  -0.839622 -1.48867  -1.50236  -4.74199  0.0326758 -0.11059  -1.43355  -1.7762   -0.75567  -1.74674  0.198758  -0.855658 -0.341108 17.5512   -2.05223  -1.66425  -0.698878 -1.03413  -1.24525  -4.06528  0.0295605 
data[6336      : 6367      ]: 0.0258388 -2.03455  -1.65913  -0.775286 -1.74174  0.197356  -0.735698 -0.191452 18.2807   -1.70299  -1.69509  -0.576897 -1.21212  -1.31738  -4.89144  0.0299201 0.0462191 -1.52394  -1.69962  -0.612712 -1.62195  0.184976  -0.869257 -0.284481 17.135    -1.64443  -1.79255  -0.473446 -1.21239  -1.56123  -4.09814  0.0279294 
data[6368      : 6399      ]: -0.135732 -1.38005  -1.66113  -0.928226 -1.57083  0.187421  -0.764892 -0.202422 17.2407   -1.74765  -1.65199  -0.690093 -1.0979   -1.53324  -4.09235  0.0283363 0.140341  -1.07818  -1.4495   -0.57953  -1.43447  0.162449  -0.659006 -0.215559 14.6869   -1.84558  -1.58154  -0.546267 -0.991048 -1.09647  -3.53684  0.0243455 
data[6400      : 6431      ]: -0.476015 -5.96573  -6.90724  -2.66842  -6.95659  0.756789  -3.3161   -0.642506 68.9792   -7.13418  -6.85806  -2.15248  -4.74961  -5.05525  -16.9666  0.112783  0.0582421 -5.60139  -6.96348  -2.81449  -6.96489  0.772041  -3.65576  -0.873158 70.4851   -7.12002  -7.05465  -2.36531  -5.03971  -5.27922  -17.6984  0.115098  
data[6432      : 6463      ]: 0.0183345 -5.55848  -6.91239  -3.03133  -7.09262  0.769335  -2.97683  -0.79884  70.7729   -7.27992  -7.29726  -2.44442  -5.14388  -5.63669  -17.5033  0.115391  -0.0739697-4.90449  -6.15293  -2.43144  -6.01167  0.683533  -2.73657  -0.868309 60.9947   -6.53729  -6.72279  -1.89872  -4.69556  -4.18991  -14.5558  0.101266  
data[6464      : 6495      ]: -0.544248 -6.20181  -7.68886  -2.97735  -7.24592  0.801801  -3.10281  -0.653498 72.9427   -7.30046  -7.04764  -2.53705  -4.79252  -5.45205  -18.3197  0.119387  -0.286557 -5.56917  -7.36044  -3.17197  -7.11896  0.800865  -3.59528  -0.624045 72.7907   -7.25128  -7.21505  -2.52352  -5.05524  -5.26145  -18.6776  0.118974  
data[6496      : 6527      ]: -0.100676 -5.37385  -7.23053  -3.07721  -7.55859  0.800224  -2.95044  -0.698978 72.8221   -7.31965  -7.65862  -2.55354  -5.10481  -5.79824  -18.3164  0.119223  0.25129   -4.96403  -6.40151  -2.69618  -6.32062  0.718528  -3.04135  -0.81226  64.0446   -6.92343  -7.15448  -2.1631   -4.57205  -4.55114  -15.5208  0.106542  
data[6528      : 6559      ]: -0.258013 -5.94402  -7.23266  -3.27967  -7.08668  0.797343  -3.48915  -1.04273  72.2276   -7.44346  -7.21713  -2.27923  -4.39431  -5.59391  -17.8834  0.11937   -0.514536 -5.53209  -7.44419  -3.25108  -7.1868   0.804155  -3.29571  -0.718154 72.7209   -7.26046  -7.56738  -2.26056  -5.21084  -5.34379  -18.0589  0.119455  
data[6560      : 6591      ]: -0.420171 -5.80302  -7.77343  -3.03773  -7.15821  0.815253  -2.95206  -0.606261 73.8411   -7.60601  -7.56821  -2.17373  -5.1181   -5.89694  -18.6639  0.121426  -0.185755 -4.98488  -6.33379  -2.69159  -5.86287  0.714499  -2.98291  -1.02474  63.1088   -6.74853  -7.43421  -2.40404  -4.68573  -3.69798  -14.8915  0.105199  
data[6592      : 6623      ]: -0.362306 -5.85172  -7.14062  -2.7938   -6.83087  0.752238  -3.01881  -0.535076 68.5437   -6.53915  -6.7379   -2.20105  -4.29336  -5.82045  -17.2834  0.112591  -0.0399859-5.87846  -7.01555  -2.9467   -7.05088  0.756946  -2.79729  -0.576894 69.6248   -7.15887  -6.78763  -2.00232  -4.76118  -5.23996  -18.2396  0.113518  
data[6624      : 6655      ]: -0.038793 -5.42487  -7.31477  -2.88087  -7.03913  0.774076  -2.8737   -0.924605 70.1631   -7.15348  -7.24487  -2.31051  -4.68387  -5.50381  -17.6594  0.115499  0.0639173 -4.96608  -6.07579  -2.58062  -6.06207  0.678209  -2.7645   -0.927953 60.4019   -6.46234  -6.41778  -1.93003  -4.24915  -3.89388  -14.9145  0.100684  
data[6656      : 6687      ]: 0.0202021 -0.0968308-0.099872 -0.0660269-0.120025 0.0169409 0.0178692 -0.100233 1.7157    -0.254168 -0.138606 -0.130915 -0.100549 -0.377856 -0.288475 0.002845540.0422299 -0.498347 -0.243112 -0.148624 -0.134235 0.0177766 -0.0184634-0.07105911.69177   -0.339329 -0.122499 -0.0996988-0.05282150.0692476 -0.09575730.00292454
data[6688      : 6719      ]: 0.0102067 -0.508532 -0.177882 -0.154581 -0.190179 0.0213724 0.00558574-0.08799652.34683   -0.371285 -0.124158 0.019261  -0.0271126-0.415843 -0.349538 0.003853420.0320644 -0.535414 -0.145922 -0.174147 -0.17101  0.0224276 -0.012103 -0.08900732.40563   -0.179583 -0.119004 -0.0782479-0.149254 -0.366522 -0.443872 0.0039673 
data[6720      : 6751      ]: 0.0636113 0.00863126-0.0818714-0.109563 -0.069984 0.0163878 0.0517559 -0.120866 1.80851   -0.426683 -0.142798 -0.146598 -0.0766223-0.423923 -0.352886 0.002893860.0428075 -0.550602 -0.0702939-0.147048 -0.237143 0.0209525 0.0133833 -0.136864 2.18049   -0.399141 -0.257277 -0.158011 -0.107203 -0.02624  -0.171414 0.00359987
data[6752      : 6783      ]: 0.0329614 -0.574786 -0.162104 -0.233765 -0.107463 0.025132  -0.00541655-0.151276 2.70852   -0.473852 -0.153581 0.00490346-0.129874 -0.364553 -0.419398 0.00455016-0.00623678-0.683252 -0.237422 -0.213391 -0.09029420.0265776 -0.140109 -0.07276872.88675   -0.108859 -0.0757765-0.0824624-0.160008 -0.498741 -0.548703 0.00469009
data[6784      : 6815      ]: 0.0433842 -0.138302 -0.123229 -0.0791995-0.05323660.01941   -0.00864204-0.08633111.92701   -0.318598 -0.110586 -0.195259 -0.0288548-0.5212   -0.329698 0.003334180.0537074 -0.523176 -0.154904 -0.145597 -0.116857 0.0196439 -0.0876251-0.100507 2.03833   -0.326249 -0.154536 -0.204259 -0.112764 0.0516368 -0.240136 0.00328821
data[6816      : 6847      ]: 0.0547832 -0.466556 -0.144551 -0.230921 -0.220797 0.0265564 -0.0490751-0.05563322.67507   -0.367942 -0.221366 -0.0552169-0.00155178-0.371331 -0.576021 0.004549380.0263347 -0.552111 -0.239058 -0.198847 -0.148709 0.0242031 -0.0281101-0.101564 2.5617    -0.14393  -0.152595 -0.101864 -0.0275374-0.409496 -0.512634 0.00421357
data[6848      : 6879      ]: 0.0353747 -0.291283 -0.300245 -0.248765 -0.362159 0.0498461 -0.0952206-0.14282  4.69979   -0.712171 -0.353226 -0.314678 -0.374389 -0.59591  -1.00204  0.007895180.0491119 -0.780882 -0.426613 -0.276285 -0.423254 0.0553166 -0.154537 -0.107354 5.19564   -0.738774 -0.386713 -0.292879 -0.418147 -0.277936 -1.02537  0.00868279
data[6880      : 6911      ]: -0.00148913-0.731695 -0.443603 -0.375261 -0.543672 0.0609424 -0.125622 -0.203511 5.89673   -0.759823 -0.408867 -0.149392 -0.297579 -0.577689 -1.34926  0.00978862-0.0245601-0.859423 -0.534414 -0.426753 -0.506641 0.0637823 -0.279916 -0.102248 6.27257   -0.590624 -0.479013 -0.247267 -0.440026 -0.574953 -1.28072  0.0102029 
data[6912      : 6943      ]: -0.0388789-0.0717885-0.0177722-0.00144999-0.004548610.002123620.00262276-0.0003466610.190306  -0.0160367-0.00946772-0.00955156-0.003803820.0100599 -0.03178440.0003163550.00218265-0.02365060.00015896-0.000964874-0.01199920.0007259810.001936980.002901930.0823011 -0.00730909-0.004932 0.00147734-0.00615182-0.0290228-0.007790420.000135914
data[6944      : 6975      ]: 0.001384260.000805252-0.01192750.0004716040.0002144320.000741285-0.03585650.002387630.069433  -0.009881050.0001928650.001078280.00200908-0.00610378-0.01505070.0001018880.00316996-0.0293123-0.00338604-0.00369504-0.001833710.0006384250.006650460.002573230.084777  -0.00837886-0.0286047-0.001357510.00250531-0.0120722-0.01179930.000125333
data[6976      : 7007      ]: -0.0425171-0.06417230.000193591-4.11924e-060.0003500570.000945782-0.001145850.003537920.0916987 5.80526e-050.0002659950.001496140.002806620.00681956-0.0004835120.0001503870.0002541270.0006939559.68088e-063.50846e-052.02702e-053.90588e-050.0004192040.0001990970.00686732-0.001330831.34004e-050.000112071-0.000238992-0.007175557.16101e-051.04946e-05
data[7008      : 7039      ]: 0.00071618-0.003566493.05701e-050.0001193827.39792e-050.0001244270.001327690.0005622040.0200158 8.9031e-065.61708e-050.0003833550.000619112-0.02071690.0002133483.22724e-050.0006544060.002059782.84838e-059.06729e-054.56215e-050.0001534930.001435140.0005686430.0169175 -0.01392454.83178e-050.00025224-0.009778470.001261510.0001631512.39986e-05
data[7040      : 7071      ]: -0.0188752-0.0436121-0.0009626390.0005580530.0002774780.0007111150.00278658-0.01076020.0669742 4.75913e-050.00021448-0.004820640.000641540.005746260.0009531050.0001203960.0003615280.0008761181.39613e-054.68961e-052.15205e-055.89227e-050.000668122-0.008314560.00635506-0.0009903971.4001e-050.0001273710.0001677470.0005028437.81443e-051.2728e-05
data[7072      : 7103      ]: 9.52264e-050.000187884.43719e-061.24963e-055.57241e-062.30647e-050.0002198918.06817e-050.002315048.28131e-076.84917e-062.26465e-056.23358e-050.00015139-0.003191282.94616e-060.000175312-0.003680251.15329e-053.88074e-051.76845e-053.22347e-050.000381220.0001681740.005574563.50402e-061.26272e-050.0001060530.00016128-0.003080846.80753e-051.00193e-05
data[7104      : 7135      ]: -0.0494334-0.0300717-0.00370452-0.003276550.0003588050.001144120.008172030.003746560.0899247 -0.0194903-0.005904290.001591660.002928290.00750613-0.003651940.0001602730.0002814370.0007098851.13239e-054.37416e-052.04272e-056.20581e-050.0006118820.000267770.005314973.75786e-06-0.008138559.92487e-050.0001882060.0004517546.51629e-056.92791e-06
data[7136      : 7167      ]: 0.000577878-0.00175272.05536e-05-0.001698353.84298e-050.0001117070.001129140.0003870110.004857866.41302e-063.84738e-05-0.00153627-0.003138160.0008104630.0001315671.59713e-050.00111942-0.01254093.99761e-050.0001618747.73252e-050.0001771360.001961950.0008054520.0213358 1.40261e-05-0.01307880.0003962610.000698622-0.001463920.0002632593.25104e-05
data[7168      : 7199      ]: 0.0173244 -1.86903  -1.27434  -0.972632 -1.28217  0.161552  -0.229503 -0.356903 16.0393   -2.0025   -1.08529  -0.591254 -1.05185  -1.7858   -3.743    0.0260719 0.156235  -2.57929  -1.54003  -1.03302  -1.37915  0.188537  -0.490799 -0.322396 18.0618   -2.15799  -1.63328  -0.989835 -1.09262  -1.74559  -3.47267  0.0300599 
data[7200      : 7231      ]: 0.0798166 -2.56459  -1.40638  -0.879984 -1.79494  0.196624  -0.563751 -0.468871 19.1679   -2.37023  -1.69782  -0.759935 -0.922878 -1.89232  -4.15412  0.0314476 0.156032  -2.17168  -1.59997  -0.925192 -1.65765  0.18765   -0.659889 -0.312811 17.2419   -1.84663  -1.52189  -0.750426 -0.929288 -1.63389  -3.60546  0.0291847 
data[7232      : 7263      ]: -0.0668878-2.24442  -1.43631  -0.772001 -1.09987  0.153944  0.0886643 -0.314879 15.6649   -1.74508  -0.961278 -0.592343 -0.77188  -2.0888   -3.83915  0.0254079 -0.0655425-2.46321  -1.48167  -1.10506  -1.47396  0.185665  -0.378933 -0.39661  17.8576   -2.35684  -1.60433  -0.789592 -1.18984  -1.31308  -3.45394  0.029365  
data[7264      : 7295      ]: 0.0610514 -2.62795  -1.51694  -0.989881 -1.29     0.189223  -0.384629 -0.311827 18.6674   -2.46748  -1.61122  -0.766318 -1.01852  -2.21861  -3.74493  0.0306384 0.0898091 -2.02162  -1.29669  -0.949104 -1.16995  0.177321  -0.550908 -0.291421 16.3296   -2.11856  -1.53816  -0.812803 -0.840303 -1.97227  -3.06291  0.0279826 
data[7296      : 7327      ]: 0.111088  -1.90487  -1.47781  -1.08831  -1.09992  0.162922  -0.155037 -0.311762 16.3793   -2.00983  -1.20394  -0.708535 -0.539829 -2.13487  -4.04529  0.0267467 -0.0735337-2.2989   -1.39366  -1.04579  -1.17873  0.187065  -0.284048 -0.576599 17.8433   -2.4591   -1.46219  -0.909762 -1.01884  -1.69679  -3.66242  0.030021  
data[7328      : 7359      ]: 0.294242  -3.00621  -1.60899  -0.943031 -1.57816  0.1962    -0.49293  -0.279322 19.0301   -2.49237  -1.46315  -0.666745 -1.02825  -2.12401  -3.86912  0.0317099 0.086448  -2.27701  -1.27314  -1.05442  -1.40162  0.183534  -0.170027 -0.369978 17.1353   -2.31775  -1.75331  -0.731758 -0.895001 -1.89826  -3.29227  0.0292827 
data[7360      : 7391      ]: 0.0116526 -2.47193  -1.33661  -0.989818 -1.31972  0.177784  -0.42785  -0.378297 17.7947   -1.99851  -1.13787  -0.718715 -0.898584 -1.91614  -4.41898  0.0288469 0.00604105-2.98195  -1.73913  -1.0006   -1.70203  0.209039  -0.278976 -0.414426 20.0723   -2.51814  -1.59135  -0.945082 -1.327    -1.65587  -4.16604  0.0332176 
data[7392      : 7423      ]: 0.134314  -2.68724  -1.58778  -1.20837  -1.86946  0.219725  -0.830405 -0.463879 20.9073   -2.5208   -1.57241  -0.657879 -1.21466  -2.09985  -4.58341  0.034844  0.189286  -2.49095  -1.40063  -1.07295  -1.58454  0.196849  -0.590768 -0.504309 18.2189   -2.22909  -1.65948  -0.675088 -1.31139  -1.45526  -3.6615   0.0309127 
data[7424      : 7455      ]: -0.200165 -3.87796  -5.15825  -1.90141  -4.71617  0.529553  -2.33505  -0.17784  48.2091   -4.58794  -4.4299   -1.31142  -3.61402  -3.71768  -12.7895  0.0785807 -0.235227 -4.03289  -5.34741  -2.28408  -5.29975  0.596498  -2.91407  -0.630021 53.8628   -5.56631  -5.89366  -2.09436  -3.64182  -3.69727  -12.9108  0.088388  
data[7456      : 7487      ]: -0.31007  -4.07878  -5.6526   -2.23889  -5.30487  0.605656  -2.77769  -0.66572  54.5799   -5.87305  -5.31531  -1.73219  -3.48535  -3.8058   -14.035   0.0897783 0.00644743-3.5054   -4.87186  -1.875    -4.89557  0.540149  -3.08548  -0.544593 47.9912   -4.99848  -4.88865  -1.48672  -3.83013  -2.91966  -11.7154  0.0792093 
data[7488      : 7519      ]: -0.150813 -4.74443  -5.70541  -2.24643  -5.37922  0.603164  -2.34274  -0.28627  55.0208   -5.0007   -5.42701  -1.69613  -3.94254  -4.47728  -14.3151  0.0901202 -0.216062 -4.86442  -6.0779   -2.5602   -5.95904  0.665874  -2.87276  -0.66004  60.006    -6.31483  -6.47138  -2.15634  -4.00097  -4.0591   -14.5577  0.0988506 
data[7520      : 7551      ]: -0.237064 -4.28642  -5.92468  -2.38638  -6.02119  0.67449   -2.37646  -0.990772 60.6348   -6.53546  -5.91036  -2.07131  -4.30642  -4.47431  -15.8887  0.100212  -0.050262 -3.5457   -5.44013  -2.24248  -5.41092  0.616014  -3.47975  -0.76225  54.9771   -5.42654  -5.90067  -1.73086  -3.98072  -3.78466  -13.9286  0.0904706 
data[7552      : 7583      ]: 0.076571  -4.19059  -5.95576  -2.21871  -5.34653  0.606825  -2.71653  -0.568452 55.1973   -5.16178  -5.46177  -1.71343  -3.84967  -4.43195  -14.3558  0.0902865 -0.133184 -4.11439  -6.6555   -2.56504  -5.947    0.67577   -2.85777  -0.451143 60.7145   -6.02497  -6.55342  -2.14032  -4.72915  -4.35542  -14.9626  0.0996037 
data[7584      : 7615      ]: -0.0170971-4.90185  -6.78293  -2.45391  -6.44341  0.694136  -2.4424   -0.418613 62.1641   -6.43407  -6.18467  -1.75269  -4.09897  -4.87943  -16.1511  0.102972  -0.168103 -3.61582  -5.45454  -2.18274  -5.61845  0.608761  -2.97262  -0.829139 53.8576   -5.80091  -5.77561  -1.66817  -3.95954  -3.53188  -12.9781  0.0892144 
data[7616      : 7647      ]: -0.03078  -3.78756  -5.13244  -2.20919  -5.14972  0.565065  -2.33295  -0.378641 51.3891   -4.80765  -4.95769  -1.56451  -3.67591  -4.35356  -13.6579  0.0842876 -0.403517 -4.61416  -6.03869  -2.21473  -5.52033  0.629191  -2.69348  -0.575605 56.7582   -5.73443  -5.8308   -1.66293  -4.14804  -4.34393  -13.7001  0.0933682 
data[7648      : 7679      ]: -0.183301 -4.13195  -5.85199  -2.39139  -5.90459  0.638612  -2.51314  -0.485075 57.3087   -5.99826  -5.62328  -1.74158  -3.71109  -4.26055  -15.2457  0.0946389 -0.0277574-3.64539  -5.06994  -2.41156  -5.18297  0.573949  -2.9592   -0.806891 51.6958   -5.50277  -5.41867  -1.47519  -3.94179  -3.28745  -12.6252  0.0850425 
data[7680      : 7711      ]: -0.299291 -2.85474  -3.78932  -1.27186  -3.44544  0.400018  -1.93744  -0.293024 36.2739   -3.64166  -3.6693   -1.29054  -2.29601  -2.75772  -9.18671  0.0591401 -0.200321 -3.31573  -3.91355  -1.8701   -4.06539  0.4496    -2.21707  -0.60295  41.4255   -4.33476  -4.06411  -1.2043   -3.41461  -3.27384  -9.46584  0.0675014 
data[7712      : 7743      ]: -0.138509 -2.86942  -4.15005  -1.69712  -4.14445  0.447388  -1.60576  -0.679107 40.057    -4.24379  -3.99096  -1.30488  -2.72288  -2.70871  -10.315   0.0662532 -0.176309 -3.36565  -3.83304  -1.7179   -3.7038   0.430034  -2.54884  -0.656648 38.5121   -3.63998  -3.86288  -1.07794  -2.51364  -2.88985  -9.01958  0.0639485 
data[7744      : 7775      ]: 0.0523368 -3.06637  -3.71486  -1.50208  -3.28059  0.391225  -1.28702  -0.440428 35.8357   -3.69406  -3.23531  -1.14645  -2.42255  -3.22337  -9.3253   0.0590752 -0.361089 -3.0585   -4.01958  -1.92117  -3.80907  0.439781  -1.91656  -0.434178 40.6062   -4.62057  -3.98864  -1.3959   -2.69978  -3.43346  -9.45356  0.0660802 
data[7776      : 7807      ]: -0.174834 -3.26272  -3.91033  -1.82057  -3.74336  0.448763  -1.75905  -0.430153 40.9819   -4.68769  -4.20209  -1.46255  -2.87261  -2.72217  -10.4498  0.0672414 0.0824058 -2.54441  -3.69789  -1.60376  -3.97202  0.419075  -1.88864  -0.690414 37.4459   -4.57842  -3.7973   -1.06131  -2.28861  -2.92411  -8.96299  0.062462  
data[7808      : 7839      ]: -0.104031 -2.8412   -3.67328  -1.691    -3.40674  0.402763  -1.57782  -0.374288 36.7268   -3.65034  -3.55541  -0.912484 -2.77279  -3.10028  -9.53027  0.0604322 0.0214793 -3.4853   -4.05549  -1.91503  -4.0928   0.439722  -1.83704  -0.33891  40.0749   -4.3488   -3.85067  -1.12586  -2.28058  -3.40234  -9.86945  0.0661501 
data[7840      : 7871      ]: -0.162723 -3.46431  -3.75317  -1.88564  -3.73066  0.445972  -1.9182   -0.524157 40.5663   -5.10079  -3.75568  -1.76282  -2.59258  -2.60313  -9.82537  0.0670093 0.157586  -3.00449  -4.21355  -1.75633  -3.73317  0.433438  -1.92831  -0.683789 38.3003   -4.14064  -3.99477  -1.18323  -2.3801   -2.45495  -9.48222  0.0642082 
data[7872      : 7903      ]: -0.0421633-2.82226  -3.38891  -1.42875  -2.96388  0.35116   -1.4148   -0.33172  32.7664   -3.11215  -3.30467  -1.12146  -2.0879   -2.85301  -8.29905  0.0531327 0.156346  -3.34913  -3.60665  -1.70668  -3.20247  0.393856  -2.17416  -0.311615 35.9822   -3.84805  -3.83842  -1.09424  -2.32521  -2.85139  -8.28361  0.0592239 
data[7904      : 7935      ]: 0.00722218-3.13666  -3.40796  -1.88672  -3.17668  0.392979  -1.1945   -0.642924 35.8115   -3.60557  -3.66153  -1.30211  -2.53526  -2.94403  -8.77749  0.0597585 0.0573383 -2.79102  -3.06334  -1.34286  -3.09992  0.371029  -1.91448  -0.387293 33.0925   -3.28714  -3.45623  -1.04203  -2.55488  -2.08104  -8.55561  0.054978  
data[7936      : 7967      ]: -0.00896266-0.599346 -1.40291  -0.610648 -1.76265  0.171475  -1.24265  -0.046415515.2765   -1.59203  -1.44105  -0.34558  -1.37773  -1.20139  -3.84151  0.024922  0.127028  -1.16867  -1.73522  -0.636973 -1.64201  0.167138  -0.917812 -0.152577 15.3789   -1.40263  -1.58215  -0.547404 -1.3275   -1.09194  -3.49289  0.0247435 
data[7968      : 7999      ]: -0.0706368-0.923097 -1.71403  -0.726096 -1.75075  0.171288  -0.475905 -0.105023 15.0443   -1.44194  -1.84515  -0.56459  -1.1761   -0.832311 -3.61495  0.0249577 -0.0596828-1.18204  -1.7297   -0.489429 -1.51684  0.162259  -0.952152 -0.348086 14.5102   -1.50734  -1.33139  -0.218137 -0.843924 -0.943306 -3.57436  0.0239151 
data[8000      : 8031      ]: 0.0148676 -0.88983  -1.90843  -0.642262 -1.99015  0.197296  -0.624983 -0.21259  18.0836   -1.6475   -1.78866  -0.547047 -1.44961  -1.49939  -5.12439  0.0290509 0.0391344 -1.18077  -2.01622  -0.463166 -2.05696  0.196959  -0.93285  -0.152263 17.5708   -1.56822  -2.38636  -0.613852 -1.46277  -0.98782  -4.01403  0.0284204 
data[8032      : 8063      ]: 0.0193883 -1.13445  -1.96575  -0.715802 -1.91385  0.192593  -0.833768 -0.146548 16.8044   -1.84313  -1.85447  -0.603765 -1.20821  -0.731075 -4.09333  0.0278153 -0.0981275-1.39952  -1.94658  -0.75849  -1.6188   0.192718  -0.881826 -0.359983 17.1251   -1.5253   -1.66711  -0.272082 -1.12658  -1.06901  -4.62286  0.0284364 
data[8064      : 8095      ]: -0.16429  -0.983297 -1.69265  -0.818262 -1.81847  0.195837  -1.10939  -0.132405 17.2189   -1.87947  -1.69444  -0.330701 -1.10193  -0.943449 -4.77451  0.02852   -0.239489 -0.75278  -1.75925  -0.702928 -1.85539  0.192129  -0.931361 -0.0088996617.0989   -1.64031  -1.95014  -0.495416 -1.40996  -1.33708  -4.23592  0.027885  
data[8096      : 8127      ]: -0.0341823-0.804201 -1.89453  -0.692242 -1.97839  0.195725  -0.866371 -0.012632616.8237   -1.74387  -1.83289  -0.623018 -1.192    -0.892979 -4.48014  0.0280573 -0.207681 -0.949478 -1.91976  -0.406574 -1.3822   0.186233  -0.96403  -0.381695 16.4417   -1.60052  -1.7774   -0.455013 -1.24574  -0.815153 -4.54953  0.0268158 
data[8128      : 8159      ]: -0.0842057-0.948556 -1.6596   -0.601284 -1.92041  0.206761  -1.04591  -0.040904618.5474   -1.71431  -1.9209   -0.504489 -1.57757  -1.50699  -5.25925  0.0301967 0.107332  -1.11408  -2.18586  -0.651046 -2.00506  0.209142  -1.03106  -0.110654 19.1463   -1.75946  -2.09679  -0.372334 -1.44292  -1.57311  -5.15118  0.0307274 
data[8160      : 8191      ]: 0.029306  -1.06848  -2.16282  -0.681679 -2.14618  0.205374  -0.812718 -0.127573 17.7309   -1.98294  -2.1755   -0.526128 -1.12218  -0.809793 -4.37909  0.0294567 0.00857085-1.33852  -2.00154  -0.762518 -2.13701  0.207105  -1.21746  -0.325737 18.3486   -1.68929  -1.78038  -0.468325 -1.07335  -1.01963  -4.78077  0.0302492 
Time 8014410 ns: producer080000005 finish sending data!
