Time 22386420 ns: ack for producer080000001's req!
Time 22386450 ns: producer080000001 is sending data!
data[0         : 31        ]: -8.15472  -10.3961  -9.65299  -8.82431  -9.90745  -10.3222  -9.68713  -9.41701  -10.0803  -9.2545   -9.41619  -10.7165  -9.32622  -9.56697  -9.53304  -9.32554  -10.2343  -10.1667  -9.49615  -10.3047  -10.7885  -9.4564   -10.5323  -10.3098  -9.39849  -10.1846  -10.2946  -9.46668  -9.64461  -9.91566  -9.79072  -9.77568  
data[32        : 63        ]: -10.5084  -9.14383  -9.47393  -10.4665  -9.73606  -10.6272  -9.90476  -9.17706  -10.1255  -9.97154  -9.18179  -10.8493  -9.71909  -9.16422  -10.1618  -10.4081  -9.44479  -10.143   -10.6962  -9.05484  -10.1526  -10.4777  -9.0908   -10.402   -9.35794  -8.53484  -10.0429  -10.3398  -8.30435  -9.92657  -9.50404  -8.54807  
data[64        : 95        ]: -9.64231  -9.64668  -9.23578  -10.1318  -9.73476  -9.50342  -10.2569  -10.6253  -9.73118  -10.5886  -10.4569  -9.38995  -10.2123  -10.2476  -9.57486  -9.71718  -9.97675  -9.15067  -9.55328  -10.023   -9.23489  -9.90421  -10.6821  -9.43163  -9.77415  -10.3142  -8.53963  -9.04797  -9.59033  -9.79145  -10.0499  -10.795   
data[96        : 127       ]: -9.5555   -10.2605  -9.54511  -9.83626  -10.5066  -10.1078  -9.56385  -10.1845  -10.9685  -8.90344  -10.2616  -10.3569  -9.67008  -9.97831  -10.4429  -9.1209   -10.0161  -9.81232  -9.61061  -9.81855  -10.2563  -9.17866  -9.21237  -10.4226  -9.70018  -9.59678  -10.0363  -9.24319  -9.21128  -10.1562  -9.44943  -10.4995  
data[128       : 159       ]: -10.0289  -9.24709  -9.93721  -10.1681  -9.87972  -10.5106  -10.6429  -8.39215  -9.03168  -10.116   -8.3344   -10.4187  -10.0741  -9.09929  -10.4013  -9.74767  0.865421  1.72268   2.35429   -0.54153  0.528909  0.219085  0.0186728 0.786591  1.00376   1.16282   1.61735   1.8811    0.315033  0.810523  0.996341  -0.553974 
data[160       : 191       ]: 0.579187  0.953524  1.49072   1.87152   2.8628    -0.459287 0.519124  1.0071    -0.06632230.748726  1.36602   1.39438   1.85357   1.92423   -0.362235 -0.217801 0.552433  0.655903  1.44525   1.74011   0.459958  2.43897   1.25504   0.662751  0.753275  1.61429   -1.38468  0.910369  -0.01260620.901478  1.42902   1.31883   
data[192       : 223       ]: -0.448968 0.923724  0.387927  -0.833355 0.276388  0.725371  1.29378   2.10258   1.93087   -1.29461  0.484178  0.711333  0.639856  1.18757   1.13933   1.24032   1.67951   2.62166   0.181128  0.417317  1.21447   0.234408  0.08702   0.499249  0.700711  1.84568   1.99042   0.187852  0.555567  0.96495   -0.203802 0.381609  
data[224       : 255       ]: 0.862118  1.98898   1.57982   2.14464   -0.279313 0.384051  0.807304  0.915253  1.06489   1.327     0.992302  2.33825   2.3755    -0.268171 0.546261  0.763721  -0.452274 1.47232   0.888475  1.01027   1.26731   2.50487   0.196704  0.477441  2.2328    -0.270521 0.585289  1.66806   1.54201   2.14991   1.89149   -0.0853964
data[256       : 287       ]: 1.34894   1.14833   -0.348437 0.628087  0.753317  0.774044  1.59351   2.08573   0.61678   0.534335  1.3063    -0.315358 1.07431   0.349951  0.591393  1.85565   1.97526   0.33735   0.952885  1.53856   -0.789509 0.327271  1.08143   0.588474  1.41543   1.56607   -0.3228   1.15523   0.900118  -0.623263 1.03848   1.02496   
data[288       : 319       ]: 12.0754   11.7326   11.8423   11.9208   11.4966   11.9956   12.4499   11.6494   12.4541   11.9238   11.4648   11.482    11.8987   11.2422   12.0245   12.2447   12.2706   12.7177   10.7301   10.9339   11.6795   11.932    11.2638   11.7997   11.5823   12.011    11.8007   11.608    11.0348   11.4713   12.0058   11.644    
data[320       : 351       ]: 12.0823   12.1968   11.6408   11.5986   12.8196   11.1214   12.1439   12.384    12.031    12.2548   12.6532   12.0104   13.059    12.2903   11.407    11.7765   11.491    11.5904   11.5469   12.9963   11.5548   11.8929   12.4333   11.5647   12.0779   13.0261   11.8852   12.4867   12.5189   11.4661   11.933    11.3912   
data[352       : 383       ]: 10.9645   12.1126   11.4846   10.8183   12.0856   12.4996   11.3392   12.7277   12.0282   10.7408   11.7154   11.8442   11.5421   12.3046   12.8477   11.4347   12.9788   11.8073   11.5897   11.7461   12.6679   11.4813   12.1889   12.6574   11.6187   12.3983   11.8809   10.6845   11.7942   12.4353   10.9949   12.1835   
data[384       : 415       ]: 12.0786   10.7008   12.5356   11.8127   11.8473   10.9029   11.9556   11.0425   11.8593   12.6106   11.9893   12.2208   11.6641   11.4019   11.54     12.5562   11.3686   11.758    12.5643   11.8482   11.9622   11.8986   11.9933   11.8249   11.9682   12.0623   12.3426   12.7428   11.9276   11.9483   11.6117   10.5312   
data[416       : 447       ]: 11.9393   11.4308   11.5025   11.5846   12.3269   11.4323   12.1935   12.2661   11.1107   11.8068   12.2635   11.6679   12.0927   12.04     11.7893   11.91     -0.783783 0.549868  -0.546667 -1.07507  0.197249  -0.915612 -0.734442 0.550042  -0.670785 -0.577053 0.268878  -0.280899 -0.918233 0.623882  -0.920876 -0.761461 
data[448       : 479       ]: 0.432475  -0.685333 -1.45449  0.174371  -0.665607 -0.671609 0.623939  -0.804535 -1.06563  0.618852  -1.08917  -0.617856 0.202616  -0.715278 -1.24654  0.229813  -0.562359 -0.733024 0.34219   -1.16182  -0.838289 0.257433  -0.81212  -0.630948 0.551574  -0.810817 -0.958985 0.341423  -0.569262 -0.871132 0.798559  -0.942749 
data[480       : 511       ]: -1.02664  0.536095  -1.01069  -0.760489 0.328714  -0.677934 -0.707649 0.449953  -0.93801  -0.84085  0.553041  -0.273956 -1.06694  0.509637  -0.629875 -1.09369  0.487655  -0.705684 -1.16779  0.219812  -0.740529 -1.02366  0.827058  -0.724096 -1.05282  0.290883  -0.496945 -0.916702 0.315334  -0.809442 -1.1776   0.276209  
data[512       : 543       ]: -0.588528 -0.755474 0.361379  -0.594145 -0.583898 0.527507  -0.916497 -1.1268   0.583102  -0.688654 -0.860215 0.610462  -0.330328 -0.872904 0.236314  -0.758716 -1.10903  0.913074  -0.677027 -0.49582  0.47556   -0.917207 -1.06158  0.538548  -0.866785 -0.897502 0.42158   -0.797263 -0.506459 0.552179  -0.808879 -0.645672 
data[544       : 575       ]: 0.637926  -0.971261 -0.558343 0.670501  -0.558918 -0.839739 0.484773  -0.675937 -1.14072  0.443333  -0.573368 -0.454806 0.332495  -0.855399 -1.07623  0.197717  -0.62866  -1.01419  0.336103  -0.556714 -1.01983  0.341923  -0.732255 -0.732526 0.392049  -0.750919 -0.865914 0.644611  -1.00523  -1.12436  0.563431  -0.811932 
data[576       : 607       ]: -1.96077  -1.89806  -2.00977  -3.36321  -3.09964  -2.61366  -2.96393  -2.87862  -2.7612   -3.10066  -2.90498  -2.68924  -2.68317  -2.56914  -2.55271  -3.43039  -3.03015  -2.81259  -3.19941  -3.14068  -2.60002  -2.87144  -2.93836  -2.90001  -2.87597  -3.55001  -2.68987  -3.01684  -1.91076  -2.05728  -2.96237  -2.80571  
data[608       : 639       ]: -2.95937  -3.05232  -2.93129  -3.08424  -3.32835  -2.41982  -2.94182  -2.75432  -3.06937  -2.56686  -3.52103  -2.98501  -3.53681  -2.28867  -2.80088  -2.2788   -3.37961  -3.53616  -2.86028  -2.218    -2.35477  -2.5788   -2.77423  -2.53079  -2.52429  -2.3383   -3.14699  -2.30785  -3.22636  -3.12186  -3.13097  -2.28202  
data[640       : 671       ]: -3.01576  -1.81329  -3.43284  -2.96039  -3.45704  -2.80706  -2.96007  -2.45019  -2.82483  -2.55552  -2.08258  -3.31143  -2.93947  -3.13601  -2.90362  -2.27449  -2.2764   -2.98402  -2.54416  -2.2289   -3.03165  -3.56668  -2.63046  -3.23627  -2.92238  -2.86037  -2.26864  -2.41792  -2.05776  -3.44834  -3.24299  -3.32799  
data[672       : 703       ]: -2.84959  -2.74591  -2.80543  -3.16733  -2.94096  -2.96555  -2.52184  -3.08133  -2.54209  -3.71294  -2.9295   -3.29625  -2.44842  -2.1694   -1.96497  -3.18118  -3.07437  -2.85567  -2.99204  -2.72541  -2.87113  -2.17361  -2.17617  -2.28627  -3.55652  -3.16979  -3.20366  -3.13778  -2.6925   -2.88193  -3.07955  -3.08706  
data[704       : 735       ]: -2.79037  -3.27156  -2.77138  -3.58293  -3.51134  -3.09142  -2.50887  -2.60135  -2.55278  -2.49025  -2.78065  -2.77453  -3.38218  -3.01493  -3.49755  -2.6149   1.54194   -0.06524881.91907   1.15829   -0.618861 1.84585   1.18198   -0.517005 1.81458   1.12169   -0.348248 2.28471   1.28137   -0.549798 1.67159   0.979949  
data[736       : 767       ]: -0.601179 1.93087   1.54964   -0.47638  1.6695    1.31971   -0.566525 1.80291   1.56176   -0.682752 1.84409   1.28046   -0.414171 2.15852   1.28119   -0.512203 1.85908   1.21075   -0.621755 1.4729    1.52345   -0.314492 1.82498   1.0767    -0.638051 2.02962   0.987329  -0.447445 1.65376   1.14396   -0.544629 1.87703   
data[768       : 799       ]: 1.1514    -0.457848 1.78812   1.03616   -0.538999 1.35      1.10227   -0.519555 1.95361   1.14661   -0.618752 1.95114   1.12169   -0.437452 2.02773   1.29305   -0.310083 1.94338   1.13481   -0.346662 2.04697   1.1612    -0.355397 1.7383    1.42869   -0.427025 2.02052   1.43844   -0.721279 1.96152   1.25372   -0.644159 
data[800       : 831       ]: 1.96317   1.57331   -0.535544 2.06087   1.07276   -0.8096   2.00089   1.31212   -0.819221 1.70704   1.58285   -0.481937 1.94161   1.43033   -0.333309 1.98456   1.25047   -0.613632 1.80689   1.4641    -0.284456 1.61102   1.22374   -0.526318 1.60332   1.1926    -0.352074 1.50625   1.23823   -0.377288 2.20868   1.11381   
data[832       : 863       ]: -0.498845 1.48066   1.46877   -0.220504 2.02246   1.43872   -0.708368 2.12745   1.40808   -0.61191  1.71316   1.25766   -0.440518 1.82443   1.36026   -0.431441 1.71804   1.31246   -0.487496 1.7915    1.02801   -0.599375 1.87152   1.31135   -0.385144 1.65749   1.40216   -0.559217 1.57149   1.34098   -0.415972 1.78517   
data[864       : 895       ]: -3.29343  -3.10473  -2.53638  -2.90992  -2.19229  -3.08116  -3.35118  -2.7621   -3.4224   -3.01194  -2.80864  -2.46757  -2.02562  -2.46694  -2.30499  -2.666    -2.86299  -2.72163  -2.77059  -2.46248  -2.65977  -3.17239  -2.06847  -2.74246  -2.80032  -3.1125   -2.68002  -2.96252  -3.06529  -2.16007  -3.31775  -2.52912  
data[896       : 927       ]: -2.52505  -3.19009  -1.83643  -3.15295  -3.04396  -2.54901  -2.60328  -2.36278  -2.84332  -2.69301  -3.12149  -2.27997  -2.56399  -2.81929  -2.9407   -2.36865  -2.88173  -2.58103  -2.51887  -2.94366  -2.2232   -3.16072  -2.99677  -3.09689  -2.63012  -2.83598  -1.92325  -2.65467  -2.75921  -2.32992  -2.48462  -2.37993  
data[928       : 959       ]: -2.73639  -2.0629   -2.41669  -2.5616   -2.72737  -2.62269  -2.55089  -2.86598  -3.3509   -1.73801  -3.39575  -2.5775   -2.7541   -2.43989  -3.49496  -2.77495  -2.7574   -3.0637   -3.02791  -2.44751  -3.54575  -2.0432   -3.30459  -3.21969  -2.76903  -3.04205  -2.74026  -2.38228  -2.49967  -3.11349  -2.24124  -2.79232  
data[960       : 991       ]: -2.71728  -2.90706  -2.86939  -3.1102   -2.6587   -3.07888  -2.72734  -2.61436  -2.22109  -3.50684  -2.5088   -3.27923  -3.45571  -2.60142  -2.56191  -2.71149  -2.17758  -2.32057  -3.14583  -2.84488  -2.85492  -3.64127  -2.44     -3.59458  -2.93517  -2.50162  -3.00657  -3.20837  -2.50802  -2.67498  -2.80822  -2.46354  
data[992       : 1023      ]: -2.92657  -3.05963  -2.71946  -3.09072  -2.81205  -2.49324  -2.80243  -2.85954  -2.51288  -3.02343  -2.85197  -2.62843  -3.28092  -3.45549  -2.33779  -2.70124  -0.235914 0.387881  0.238411  -0.107536 0.241977  0.226712  0.0103631 0.228215  0.16995   -0.02584010.42431   0.21071   -0.0907721-0.118848 0.443417  -0.0676658
data[1024      : 1055      ]: 0.143135  0.338452  -0.170919 0.0223741 0.348077  -0.221321 0.188902  0.227208  0.002344  0.114651  0.0281252 -0.01204820.233773  0.490583  -0.241936 0.105975  0.331044  0.0615943 0.141882  0.360799  0.0377144 0.324742  0.310294  -0.110881 0.106406  0.389315  -0.09647880.257885  0.451839  -0.01875360.0973765 0.37353   
data[1056      : 1087      ]: 0.124359  0.0577557 0.462353  0.0636689 0.125759  0.19271   0.0319619 0.0621468 0.489622  0.114972  0.0747027 0.222408  0.114568  0.199971  0.35104   0.0364975 0.0958489 0.242213  -0.165533 0.334213  0.281521  0.266989  -0.01978170.262696  -0.06250360.0358452 0.451221  0.0100221 0.0946289 0.23993   0.0338565 0.0484096 
data[1088      : 1119      ]: 0.329406  -0.107456 0.250709  0.33828   0.07978   0.0620327 0.446021  -0.05670350.372667  0.252006  -0.103793 0.0563271 0.280989  0.0598716 -0.153638 0.330636  -0.231321 -0.08338990.386456  -0.08546360.163319  0.285607  -0.07035170.206058  0.533993  -0.0976705-0.03862030.293186  0.0255451 0.208619  0.356168  0.0882403 
data[1120      : 1151      ]: 0.282194  0.163842  -0.08091910.178212  0.632927  -0.129891 0.216148  0.319951  -0.161397 0.17609   0.341896  -0.03276140.183173  0.28315   0.131758  0.304633  0.542357  -0.02426740.31243   0.346742  0.263201  0.218961  0.276394  -0.157951 0.249083  0.544291  -0.146795 -0.07126420.511353  0.11169   0.147982  0.507827  
data[1152      : 1183      ]: -4.42886  -3.51305  -5.01939  -3.78008  -3.44977  -4.08577  -3.85056  -4.14759  -5.092    -4.68763  -3.76551  -4.78803  -3.68295  -3.4606   -4.31559  -3.88353  -3.28107  -4.43319  -4.43698  -3.69191  -5.42994  -3.9206   -4.11246  -4.60785  -3.87275  -3.52029  -5.11533  -5.08828  -4.83262  -5.17865  -3.71966  -3.83577  
data[1184      : 1215      ]: -4.65129  -4.51604  -4.4423   -5.40081  -3.99678  -4.44813  -4.76456  -4.13369  -3.72523  -4.48421  -3.71244  -3.84906  -5.01677  -4.2617   -4.09747  -4.41886  -4.28333  -4.01666  -4.67698  -3.95494  -4.07516  -4.76158  -4.57658  -3.75244  -5.40317  -3.7941   -4.34662  -4.57894  -4.23021  -3.55539  -4.75093  -4.077    
data[1216      : 1247      ]: -4.33084  -4.59291  -3.82422  -2.89146  -4.81136  -4.13452  -4.19965  -4.7556   -4.5264   -3.83446  -4.8767   -4.18792  -3.76207  -5.10498  -4.14316  -3.81456  -4.8839   -5.09274  -3.75363  -4.82855  -4.53393  -3.54773  -5.1075   -4.39013  -2.96879  -4.80652  -4.63058  -3.72646  -4.80639  -4.08968  -3.73549  -4.61682  
data[1248      : 1279      ]: -3.90305  -3.88249  -4.42361  -5.12137  -3.91878  -5.59222  -4.22161  -3.78205  -5.03592  -4.60037  -3.54923  -5.47045  -4.50046  -4.04003  -4.32676  -4.00992  -3.83723  -4.71324  -3.92471  -3.71039  -4.33742  -5.05398  -2.98835  -5.44382  -3.39324  -2.95842  -4.60757  -4.76525  -2.84027  -4.43834  -4.03302  -5.03424  
data[1280      : 1311      ]: -5.48635  -4.65446  -3.55311  -4.97251  -3.79008  -4.2452   -5.1583   -4.4966   -3.92253  -5.16763  -3.80147  -3.69962  -4.92897  -4.17091  -4.19402  -5.16555  -19.5459  -16.1333  -20.7428  -19.8924  -17.0389  -21.3104  -19.9529  -16.6892  -20.2983  -19.8187  -17.4888  -21.0565  -20.1254  -16.0339  -21.4001  -19.6528  
data[1312      : 1343      ]: -16.5827  -21.0761  -20.5398  -17.4014  -21.1226  -20.0871  -16.8934  -21.7025  -19.9256  -16.6204  -20.8654  -20.1896  -17.2257  -22.0521  -20.1817  -16.5899  -20.8964  -19.8057  -17.0968  -21.2424  -19.5226  -16.7578  -20.3964  -19.9906  -17.2188  -20.6371  -19.9382  -16.2731  -20.9504  -19.8687  -15.8955  -21.3063  
data[1344      : 1375      ]: -20.4913  -16.2014  -20.3217  -20.0488  -15.6184  -20.9033  -20.6372  -17.2376  -21.0691  -20.6825  -16.3434  -20.5947  -20.4056  -16.1644  -21.6066  -18.8591  -16.8157  -20.3139  -20.2728  -17.0205  -21.2358  -19.3258  -15.757   -20.8772  -20.9338  -16.563   -21.123   -19.4625  -16.5876  -21.0953  -20.2276  -17.2608  
data[1376      : 1407      ]: -21.2504  -21.0735  -17.4856  -21.0978  -19.7499  -17.1529  -20.8923  -19.973   -17.1891  -21.4523  -19.64    -16.7552  -21.374   -20.4387  -16.676   -21.1652  -19.6816  -16.766   -21.5542  -20.1543  -17.1554  -21.6374  -19.9398  -16.6986  -21.0491  -19.0958  -16.1167  -19.8865  -18.8952  -16.8692  -21.546   -20.236   
data[1408      : 1439      ]: -16.6139  -20.7897  -19.433   -16.525   -20.3527  -19.8168  -16.6533  -21.2066  -19.6014  -16.7657  -20.1717  -19.6093  -17.1716  -20.8606  -19.9595  -17.2074  -21.3396  -19.7595  -17.1837  -21.3577  -19.2671  -15.5156  -20.8332  -20.2794  -16.5322  -21.201   -19.6846  -15.9503  -21.3626  -19.9247  -16.2906  -20.6363  
data[1440      : 1471      ]: -1.82424  -2.32343  -1.88775  -1.83177  -1.76024  -1.83953  -2.01074  -2.19783  -1.79576  -1.80685  -2.29434  -1.85719  -2.54931  -1.93083  -1.65254  -2.14212  -2.3641   -1.63868  -1.95712  -1.75173  -1.73094  -2.01067  -1.70026  -1.33601  -2.20682  -2.43983  -1.90882  -2.16524  -2.21501  -1.46325  -2.87981  -2.52298  
data[1472      : 1503      ]: -1.63018  -2.47825  -2.66791  -1.68709  -2.54371  -2.88369  -2.52026  -2.01376  -2.32459  -1.6397   -2.93369  -2.44362  -2.35233  -2.29573  -2.23291  -1.73964  -1.48231  -1.77162  -1.52634  -2.27436  -2.34835  -1.76881  -2.76035  -2.008    -2.26084  -3.17065  -1.98646  -1.82262  -2.54867  -2.06772  -2.35628  -2.63097  
data[1504      : 1535      ]: -1.90344  -2.25779  -2.22618  -1.38256  -1.53473  -2.80657  -2.57123  -2.1887   -1.79281  -1.60155  -1.75386  -2.22033  -1.8043   -1.44119  -2.01134  -1.4407   -1.59658  -2.03035  -2.35687  -2.13842  -2.52514  -2.22065  -1.73746  -2.09114  -1.70843  -1.88059  -2.82752  -2.52302  -1.9536   -1.71512  -1.85445  -1.84287  
data[1536      : 1567      ]: -2.79392  -2.17843  -2.20078  -1.90358  -2.04049  -0.904034 -1.86665  -1.82201  -1.57364  -2.01943  -1.72801  -1.56585  -2.5298   -2.52509  -2.01098  -1.91202  -1.68332  -1.40824  -2.36272  -2.13933  -2.16595  -1.89011  -2.11302  -1.66029  -1.93119  -1.49733  -1.51277  -1.81996  -2.3582   -1.35447  -2.01018  -1.51757  
data[1568      : 1599      ]: -1.38385  -1.90227  -1.77579  -1.62589  -2.00149  -2.12445  -1.38947  -2.39518  -2.63664  -1.83387  -2.10451  -2.29591  -1.54107  -2.24772  -3.06756  -1.90695  -12.6512  -13.2054  -13.1624  -12.5517  -13.1668  -13.7862  -13.6015  -14.3098  -13.112   -13.5202  -13.6448  -14.0994  -13.4192  -13.5459  -13.6925  -12.8326  
data[1600      : 1631      ]: -12.8879  -13.169   -12.9671  -12.7992  -13.8016  -13.0596  -13.9762  -13.1972  -12.606   -13.4975  -13.1427  -13.5145  -12.9024  -13.2051  -12.7443  -14.456   -12.8031  -13.395   -13.2448  -13.8113  -12.8551  -12.5691  -13.5481  -13.5263  -13.4544  -12.994   -13.9324  -12.8129  -13.4143  -12.298   -13.6001  -12.4481  
data[1632      : 1663      ]: -13.6868  -12.9134  -12.7     -12.7358  -13.4109  -12.7845  -13.086   -12.8304  -12.6275  -13.7836  -13.9232  -13.3401  -13.2691  -13.0976  -13.6934  -13.078   -13.116   -13.4644  -12.3306  -13.7256  -13.4486  -13.0398  -13.5988  -13.2551  -14.0155  -12.8891  -12.9112  -13.4754  -13.4554  -13.2249  -13.9831  -13.3324  
data[1664      : 1695      ]: -13.3144  -12.9116  -13.7594  -12.2312  -14.6095  -13.0793  -13.0895  -13.1672  -13.9848  -13.127   -13.62    -12.8225  -12.9333  -13.5312  -14.065   -12.7348  -13.1349  -13.0128  -13.0717  -13.176   -13.822   -13.2353  -13.8319  -13.9801  -14.0218  -12.8115  -13.3539  -12.9048  -13.6307  -12.7928  -12.9867  -13.5892  
data[1696      : 1727      ]: -13.5771  -13.7288  -13.7339  -14.0063  -12.9959  -13.3708  -12.1139  -12.4057  -14.0456  -14.163   -12.935   -13.4729  -13.1574  -12.8135  -14.3895  -13.1079  -13.0195  -12.7828  -14.104   -13.7185  -13.7209  -13.9108  -12.8537  -13.0642  -13.3126  -13.0455  -12.8938  -14.0434  -13.9163  -12.9514  -13.9447  -13.0942  
data[1728      : 1759      ]: -0.236168 0.501453  -0.413911 0.15845   0.468211  0.0689817 -0.336969 0.478808  -0.129857 -0.484342 -0.0442828-0.276312 -0.435525 0.622613  -0.377742 -1.19128  0.230097  -0.857141 -0.957771 0.734346  -0.46676  -0.388945 0.280092  -0.0549403-0.775831 0.0878832 -0.98674  -0.479021 0.111596  -0.326284 -0.320698 0.633199  
data[1760      : 1791      ]: -0.616962 -0.426299 0.491744  -0.307096 -0.337408 0.281416  -0.307798 -0.06710360.541605  -0.308499 -0.02745690.531505  -0.199888 -0.288274 0.309487  -0.508701 -0.211895 0.216695  -0.136957 -0.277531 0.171949  -0.255923 -0.51176  0.855284  -0.226208 -0.04681280.705635  -0.25951  -0.236316 0.363058  -0.580849 -0.575126 
data[1792      : 1823      ]: 0.283447  -0.151708 -0.415988 0.329433  -0.483213 -0.697564 0.257768  -0.248329 -0.141517 0.694646  -0.511524 -0.122693 0.834672  0.0333131 -0.517803 0.270121  -0.508323 -0.344493 0.414413  -0.947062 -0.303848 0.367715  -0.108279 -0.886789 0.332174  -0.835584 -0.720362 0.392977  -0.390419 -0.650463 0.47084   -0.501046 
data[1824      : 1855      ]: -0.864494 0.589472  -0.565631 -0.08383680.870206  -0.943475 -0.755796 0.335314  0.104666  -0.462417 0.575867  -0.492061 -0.327088 0.559958  -0.401842 -0.507218 0.380473  -0.30636  -0.492672 0.335264  -0.61183  -0.297775 0.742094  -0.649428 -0.210928 0.505401  -0.205894 0.112158  0.0827703 -0.928843 -0.124139 0.483922  
data[1856      : 1887      ]: 0.086777  -0.627933 0.450059  -0.431478 -0.08303240.572771  -0.124072 -0.564845 0.549906  -0.124873 -0.468522 0.528551  -0.225862 -0.647619 0.255321  -0.217825 -34.8024  -38.829   -37.0203  -35.7813  -40.4949  -37.6813  -35.9075  -39.163   -37.5136  -34.8432  -38.7294  -37.2157  -35.9635  -40.5206  -37.4877  -35.7436  
data[1888      : 1919      ]: -39.9729  -37.2201  -35.3354  -39.2451  -37.4224  -35.1872  -40.2893  -38.0545  -35.4617  -40.3071  -37.7926  -35.1089  -39.9694  -36.7261  -36.8692  -40.0217  -38.2944  -35.5101  -40.3927  -37.4597  -35.0329  -39.3808  -37.345   -35.8102  -39.7351  -37.6888  -36.0519  -40.3034  -37.6043  -34.702   -38.5539  -35.9085  
data[1920      : 1951      ]: -35.053   -39.4958  -37.5369  -35.5254  -38.8492  -37.5779  -34.1774  -38.5784  -36.2447  -35.3984  -39.5337  -37.6677  -34.5632  -39.7983  -37.1095  -34.3061  -38.6842  -36.3469  -35.6202  -40.4085  -37.5566  -35.1421  -39.7945  -37.1633  -34.9897  -38.0969  -36.9352  -35.673   -40.1618  -37.6895  -35.3326  -38.3748  
data[1952      : 1983      ]: -37.1869  -35.6471  -39.067   -36.7278  -36.0049  -40.4994  -37.7041  -35.7726  -39.8363  -38.4407  -34.5983  -38.195   -36.6563  -35.7455  -41.1344  -37.9021  -35.6828  -39.3801  -37.8583  -34.6765  -38.7584  -37.465   -35.6381  -39.9809  -37.681   -35.5264  -39.1277  -37.8577  -34.1864  -39.8822  -36.2557  -36.1608  
data[1984      : 2015      ]: -39.9568  -38.3603  -35.8523  -40.2434  -37.1864  -34.8983  -38.1626  -36.3253  -35.6841  -40.1091  -37.1815  -35.8719  -39.6796  -37.3461  -34.1074  -39.0731  -36.6032  -35.6252  -39.7709  -37.5181  -34.6382  -40.2072  -36.9241  -35.2991  -38.9628  -37.061   -35.4727  -39.432   -37.5722  -35.6441  -39.4781  -37.6292  
data[2016      : 2047      ]: 4.20241   4.76208   5.09346   4.06508   4.50342   5.08363   4.34675   5.16756   5.45778   4.3886    4.96684   5.41864   4.15139   5.35913   5.07924   4.61416   4.47513   5.1845    4.24656   4.71253   5.03124   3.90053   5.27164   4.54508   5.12628   5.1383    5.95765   4.51868   5.53785   5.83343   3.74489   3.68748   
data[2048      : 2079      ]: 5.15843   4.39312   5.69819   6.09852   3.77456   4.6931    4.68457   4.12152   4.38314   5.8201    3.60357   5.46229   5.53188   4.23085   5.49964   4.95016   4.57222   4.76794   5.19298   4.32178   5.34879   5.47062   4.36414   4.61296   5.6457    3.9374    4.84574   4.87953   4.68647   5.60337   6.11169   3.85104   
data[2080      : 2111      ]: 4.43225   5.39852   3.54845   5.31658   4.91059   4.24089   5.14101   5.55373   4.52529   4.7999    5.43482   4.16825   4.63005   4.36512   4.73568   5.32595   4.7046    5.43252   5.11814   5.69972   3.43899   4.70367   5.69917   5.08845   5.32368   5.98305   4.3285    4.05192   4.93274   4.03967   4.70249   4.80775   
data[2112      : 2143      ]: 5.13492   5.12355   5.12519   4.7084    4.9659    5.42491   5.02452   4.11776   5.52141   4.76172   5.15648   5.86596   3.98182   3.83094   5.24449   4.14931   4.9435    4.87482   4.66424   4.78932   5.79819   4.34003   4.22595   5.88963   4.54917   4.04088   5.49552   4.6831    5.18135   5.16946   4.47785   4.39654   
data[2144      : 2175      ]: 5.35696   4.04196   4.98084   4.29813   4.44113   4.27249   5.82464   4.32002   4.70921   4.98974   4.56663   5.1906    4.90682   4.27762   5.37098   5.75834   1.18036   1.45069   -0.577756 1.39526   1.64405   -0.552571 1.37605   1.53374   -0.456322 1.41772   1.5848    -0.760555 1.12008   1.7599    -0.643355 1.35922   
data[2176      : 2207      ]: 1.81687   -0.844225 1.2765    1.87843   -0.504587 1.57883   1.39903   -0.539233 1.31889   1.5814    -0.611476 1.05498   1.6181    -0.85696  1.40634   1.7827    -0.568694 1.07481   1.65355   -0.779852 1.4209    1.68567   -0.578488 1.28826   1.50713   -0.706451 1.37008   1.71569   -0.782968 1.18189   1.5064    -0.748803 
data[2208      : 2239      ]: 1.39257   1.58695   -0.549269 1.18639   1.34118   -0.630791 1.16033   1.69391   -0.63567  1.17034   1.50774   -0.650565 1.42788   1.7252    -0.447751 1.40664   1.78976   -0.703883 1.35753   1.50458   -0.865526 1.20162   1.77193   -0.618557 1.34996   1.5129    -0.529893 1.34173   1.28631   -0.542919 1.42236   1.73524   
data[2240      : 2271      ]: -0.803936 1.29232   1.37029   -0.525674 1.49908   1.50392   -0.406047 1.36102   1.43991   -0.649199 1.4296    1.43085   -0.746964 1.40492   1.5898    -0.776072 1.18085   1.53602   -0.809047 1.17232   1.48019   -0.615927 1.23667   1.48908   -0.42781  1.24924   1.46313   -0.731439 1.4045    1.69001   -0.708125 1.1001    
data[2272      : 2303      ]: 1.3086    -0.589376 1.57647   1.38396   -0.955808 1.37954   1.73726   -0.734329 1.37416   1.78361   -0.754647 1.11925   1.47686   -0.800242 1.37871   1.56133   -0.834158 1.23892   1.42362   -0.498937 1.61628   1.45703   -0.647051 1.3292    1.5161    -0.488339 1.51545   1.45464   -0.662902 1.46173   1.66487   -0.508461 
Time 22387180 ns: producer080000001 finish sending data!
