Time 10161110 ns: ack for producer080000003's req!
Time 10161140 ns: producer080000003 is sending data!
data[0         : 31        ]: 0.196437  0.287885  0.469571  0.112646  0.319371  0.314793  0.163852  0.246426  0.215971  0.515258  0.433188  0.550034  0.409191  0.366887  0.429176  0.231403  0.32823   0.268165  1.18207   0.595959  0.439701  0.539095  0.479531  0.556383  1.00601   0.308622  0.378258  0.157465  0.317121  0.101455  0.124026  0.219526  
data[32        : 63        ]: 0.125766  0.125976  0.0146002 0.0744441 0.648143  0.346059  0.328977  0.394394  0.341771  0.585219  0.265591  0.372969  0.259829  0.114815  0.292559  0.0684086 0.224915  0.252372  0.180931  0.160911  0.335976  0.161792  0.188386  0.0959278 0.237634  0.237974  0.283568  0.141221  0.241799  0.202579  0.009575890.0255561 
data[64        : 95        ]: 0.179893  0.0243214 0.0243947 0.154777  0.0946944 0.0507726 0.0831443 0.0381762 0.88062   0.532926  0.363662  0.750957  0.637606  0.44194   0.488139  0.506875  0.656572  0.341518  1.03347   0.399307  0.553625  0.769846  0.429443  0.377753  0.75133   0.497689  1.04804   0.709998  0.435893  0.958591  0.444644  0.640294  
data[96        : 127       ]: 0.782187  0.493528  0.620967  0.317117  0.396899  0.413493  0.439604  0.302258  0.317619  0.458967  0.410843  0.420642  0.0681783 0.0460231 0.211899  0.0613427 -0.02809730.164295  0.160502  0.112378  0.117885  1.34163   1.42953   1.229     1.1704    1.19176   1.15216   1.25409   1.04369   1.00087   0.286822  0.328801  
data[128       : 159       ]: 0.684043  0.311437  0.295092  0.568151  0.218871  0.403497  0.672618  0.0466095 0.0706785 0.0221469 0.0169866 0.0223163 0.0364896 0.0320226 0.0376406 0.0352257 0.302896  0.0751896 0.0624201 0.231606  0.0737888 0.0160659 0.219396  0.0624526 0.0800048 0.500187  0.199476  0.12525   0.438322  0.193995  0.259264  0.507674  
data[160       : 191       ]: 0.302314  0.004696910.329543  1.14133   0.161948  0.230587  0.982268  0.299569  0.362069  1.08711   0.210078  0.0457038 0.0153183 0.408124  0.0485783 0.0437501 0.302146  0.0610808 0.009270120.432006  0.377908  0.317966  0.176199  0.37525   0.181801  0.17509   0.270453  0.444852  0.168942  0.0246906 -0.03285360.472753  
data[192       : 223       ]: 0.0179032 0.0371212 0.655481  -0.000323333-0.06496520.587104  0.0964839 0.114591  0.1117    0.19025   0.147254  0.192116  0.146277  0.175646  0.05942   -0.00821751-0.06731280.24073   -0.00163055-0.03350350.224123  -0.01131550.007320310.1803    0.520037  0.321474  0.295534  0.565885  0.296417  0.291905  0.606036  0.222145  
data[224       : 255       ]: 0.426457  0.434095  -0.05020921.068     0.423059  -0.09556590.991521  0.352011  0.0123958 1.11044   0.591668  0.931135  0.0934493 0.488562  1.05781   0.0606304 0.505159  0.970624  0.124885  0.319357  0.185901  0.210568  0.24517   0.174252  0.255393  0.237658  0.214825  0.183203  0.0857683 -0.005565360.110854  0.11006   
data[256       : 287       ]: -0.002278060.0937124 0.112812  -0.01504930.0506198 1.29321   0.478966  0.255976  1.20122   0.622782  0.26131   1.36554   0.487028  0.277478  0.293244  0.0784141 0.040465  0.2788    0.0358726 0.0863086 0.30374   0.0592557 -0.0004531870.0009307650.106864  0.0003503210.008922820.129321  0.0199482 0.0393927 0.148944  0.00591156
data[288       : 319       ]: -0.01315610.0208078 0.0394246 0.387434  0.274964  0.275013  0.217924  0.173009  0.1538    0.072698  0.204901  0.16125   0.281125  0.437795  0.321373  0.51304   0.269188  0.393931  -0.007457110.261231  -0.03205090.236578  0.432655  0.142861  0.213875  0.640306  0.371798  0.0175231 -0.02697710.0313944 0.0279907 -0.0390027
data[320       : 351       ]: 0.239803  0.021442  0.002706890.137291  0.0226348 0.086012  -0.009148410.189478  0.259463  0.193628  0.295248  0.289806  0.218125  0.00385308-0.04419170.0934507 0.1014    0.022935  0.264898  -0.007067060.037729  0.256812  0.005047220.002862030.03686   0.220115  0.244656  0.246089  0.128188  0.124304  0.112514  0.00533819
data[352       : 383       ]: -0.02550810.0679204 0.001417340.0114734 0.0527369 -0.0003868470.020862  0.0464284 0.160525  0.103514  0.109532  0.48153   0.375997  0.517765  0.432128  0.329922  0.411803  0.131822  -0.005354770.269351  0.236456  0.173225  0.490986  0.226031  0.0730705 0.550514  0.0227165 0.240804  -0.006094340.467687  0.661628  0.389256  
data[384       : 415       ]: 0.391408  0.596     0.299092  -0.0219508-0.03146680.0701237 0.253986  0.288749  0.307521  0.208312  0.256569  0.328824  0.040527  0.02103   -0.04574210.0630328 0.001276  0.0809674 0.0833107 0.0478899 0.0646461 0.363842  0.281793  0.188684  0.795291  0.464698  0.47938   1.07977   0.777458  0.615198  0.0832463 0.0422532 
data[416       : 447       ]: 0.027161  0.15346   0.15472   0.0521938 0.184722  0.152062  0.137007  0.0002268190.012027  -0.016616 0.008314730.0143169 -0.00828704-0.004411190.0222165 0.007787261.97135   2.28305   1.88292   1.09874   1.16382   0.982227  1.4326    1.90162   1.56071   4.47632   4.42256   4.34869   3.52295   3.38386   4.0082    3.26574   
data[448       : 479       ]: 3.57904   3.71657   3.07838   3.14344   4.13624   2.54169   2.40219   3.51699   2.43698   1.90842   3.0158    0.446825  0.0223718 0.0453176 0.363938  0.0440418 0.153881  0.313751  -0.0548437-0.06512742.30651   2.64276   3.05776   1.58712   2.08387   2.02878   1.5663    1.70107   2.29787   1.06881   -0.148635 0.00805557
data[480       : 511       ]: 0.452201  -0.40997  -0.437216 0.883411  -0.455655 -0.193466 1.5615    1.0999    1.53155   1.07818   0.708911  0.906371  1.23453   0.927517  1.40833   0.495477  0.110166  -0.118238 0.504754  -0.00601679-0.176365 0.29034   0.196467  -0.304884 4.55783   5.05686   6.03443   3.49284   3.87991   4.61795   3.77204   3.54689   
data[512       : 543       ]: 5.43055   3.73824   2.93338   3.20642   3.17316   1.97972   2.54715   2.70672   2.34526   2.39361   3.48538   4.28417   4.85902   1.83915   2.17329   3.42026   2.65857   3.18868   3.84613   2.04909   2.2501    2.40587   1.81474   2.11937   1.92197   1.74889   1.44968   1.71337   1.39118   0.972783  0.682369  1.09099   
data[544       : 575       ]: 0.93637   0.683955  0.811846  0.794725  0.325893  9.70682   12.078    11.6827   8.33738   10.6028   10.8171   7.79472   9.66622   10.0886   2.96105   3.6158    2.65907   2.77056   3.25482   2.43534   2.34715   3.08098   1.6339    0.0361407 -0.04408550.0373633 -0.0407231-0.113792 0.0559653 0.00374115-0.05923460.0505021 
data[576       : 607       ]: 5.33667   4.94207   5.27208   4.94498   6.00654   5.68207   5.74307   5.70998   6.52732   10.9972   10.7707   10.8149   11.1532   11.674    11.1259   11.0263   11.1054   11.5662   11.4317   9.99884   9.80922   11.9291   10.4379   9.53008   11.983    10.5035   10.4791   1.21239   1.77413   1.28725   1.66427   2.02217   
data[608       : 639       ]: 1.2873    1.39452   1.84931   1.35245   7.71044   6.8839    7.23167   8.18554   7.21738   7.08335   7.44293   7.48823   7.07811   1.29588   2.52784   1.38227   1.69237   2.76654   1.45264   1.30643   2.49278   1.34368   4.02976   3.5137    3.59789   4.13112   4.49593   3.98798   4.08951   3.96644   4.02996   0.488108  
data[640       : 671       ]: 0.836155  0.936628  0.357808  1.15173   0.929499  0.599142  0.768179  0.868718  12.0752   12.6805   11.9567   13.0315   12.6051   12.867    12.7514   13.5917   11.9399   9.16001   9.80631   8.75367   9.22445   10.8215   8.85532   9.64701   10.1898   8.85014   13.455    12.1903   11.1607   14.0928   12.1272   12.1541   
data[672       : 703       ]: 13.76     11.8256   11.9478   6.56928   6.75641   6.38543   7.24267   7.07813   7.05283   6.52283   7.40848   7.21829   2.39847   2.58375   3.15074   2.2615    2.6334    3.00167   2.58819   2.76671   3.19141   27.5738   25.7041   27.8841   28.524    27.2155   28.143    29.0668   27.4566   29.4879   6.8885    6.52849   
data[704       : 735       ]: 8.25674   6.49644   6.15663   8.00349   6.79763   7.09323   8.20367   0.361915  0.246521  0.240442  0.535573  0.267875  0.286021  0.47059   0.299105  0.366873  -1.90603  -1.73385  -1.4568   -2.31302  -2.0089   -1.36262  -1.65629  -1.60012  -1.50752  -4.62157  -3.70721  -3.5731   -3.82812  -3.91896  -3.4259   -3.78464  
data[736       : 767       ]: -3.97235  -3.32854  -2.43223  -3.12047  -4.7568   -3.17969  -3.15279  -5.11984  -3.06313  -3.15204  -4.74936  -0.300184 -0.378013 -0.20237  -0.245325 -0.281943 -0.11172  -0.645871 -0.368609 -0.429826 -2.61381  -2.75887  -2.94508  -2.44423  -2.32998  -2.81329  -2.54464  -2.47277  -2.82589  -0.615225 -0.215477 -0.611728 
data[768       : 799       ]: -0.330479 -0.285702 -0.338501 -0.621913 -0.372203 -0.573202 -0.751157 -1.15551  -1.13143  -1.61138  -0.966613 -1.41085  -0.847761 -1.20533  -1.25815  -0.239163 -0.0819128-0.249764 -0.160024 -0.155867 -0.171618 -0.163124 -0.29034  -0.113912 -4.32242  -4.46169  -4.04662  -4.11046  -4.55349  -3.70983  -4.07987  -4.45742  
data[800       : 831       ]: -3.37495  -3.60625  -3.03914  -2.21471  -2.76734  -2.68148  -2.46936  -2.80025  -2.70508  -1.80212  -3.93936  -4.67739  -5.35437  -3.68663  -3.57164  -5.43819  -3.76729  -4.0775   -5.04456  -2.23107  -2.09547  -2.26055  -1.93668  -1.9142   -2.39476  -1.81371  -2.24523  -2.2391   -0.989303 -0.715303 -0.471091 -0.952022 
data[832       : 863       ]: -0.817434 -0.318494 -1.00437  -1.0292   -0.549087 -10.124   -10.5691  -8.64621  -10.0845  -10.0943  -8.07101  -9.36386  -9.52139  -8.155    -2.92856  -2.25013  -1.83027  -2.63104  -2.27819  -1.66051  -2.69148  -2.44181  -1.5343   -0.0867685-0.10825  -0.149253 0.0109435 -0.10898  -0.160576 -0.0375675-0.0811274-0.173342 
data[864       : 895       ]: 9.40634   10.1136   9.99223   10.2624   10.7529   11.4423   9.77344   10.4516   10.2835   18.924    19.8717   19.1613   19.8973   20.7805   20.7004   19.6058   20.4397   20.0974   19.4629   16.735    18.718    20.3186   16.9775   19.6357   19.8454   17.3692   19.3842   2.27505   3.34734   1.62221   2.32368   3.38316   
data[896       : 927       ]: 1.83179   2.47476   3.62572   2.0986    13.0859   12.4509   13.3023   13.6114   13.8375   13.8836   13.9179   13.0754   13.9313   2.65297   4.42437   1.59163   2.764     4.70894   1.86705   2.635     4.47963   1.58884   6.23446   6.58165   6.47193   7.33635   6.89895   7.35861   6.71712   6.96712   6.81983   1.30067   
data[928       : 959       ]: 1.83994   1.35976   1.55725   1.89125   1.44845   1.23318   1.9669    1.37258   22.4101   23.3819   23.2867   23.4908   24.3123   24.2975   23.2588   24.124    24.0453   15.2447   18.9794   14.1852   15.7795   19.8818   14.719    15.4079   20.1265   14.5885   22.178    20.5624   22.3492   23.482    21.0241   23.2525   
data[960       : 991       ]: 23.2721   21.3148   23.1969   11.6152   12.1334   12.0584   12.3949   12.7075   12.4631   12.119    12.6286   12.1106   4.41537   4.94843   4.93983   4.49995   5.04457   4.98367   4.83185   5.29996   5.14687   47.5468   50.9667   51.6328   49.1576   51.7641   53.1206   49.17     53.3034   53.6413   12.578    13.4772   
data[992       : 1023      ]: 14.8635   12.8269   13.6935   15.042    13.0821   14.1306   15.3175   0.801483  0.451249  0.703399  0.848786  0.300152  0.681086  0.854255  0.402584  0.748248  1.88665   2.35854   2.2864    2.21732   2.49298   2.10618   2.54975   2.52963   2.41209   5.51739   5.12252   5.48322   4.69427   4.77207   5.23272   5.64808   
data[1024      : 1055      ]: 5.13313   5.95314   4.4268    3.98733   5.59123   4.50285   4.37614   5.20711   4.66782   4.31334   6.56091   0.654566  0.21227   0.44656   0.804344  0.205871  0.553051  0.550483  -0.09732860.27897   3.15363   2.53725   4.03332   3.11208   3.16731   3.50682   3.27913   2.49072   3.97696   0.954768  0.156139  0.281049  
data[1056      : 1087      ]: 0.782206  0.259376  0.39004   0.939274  0.0985905 0.447794  1.93743   1.37174   1.82829   2.14163   2.07722   2.25578   2.15725   1.53076   2.18129   0.241923  0.216717  -0.07717840.147137  0.323025  -0.01757820.420136  0.250695  0.0261449 6.21562   6.11617   6.76097   5.78031   6.08126   5.6794    5.73929   5.99808   
data[1088      : 1119      ]: 6.73065   4.78239   3.67363   3.68915   4.56676   3.37679   3.5505    4.61182   3.41999   3.76747   4.54048   5.41491   6.31183   4.54406   4.74268   6.27284   4.8394    5.47392   6.08848   2.92504   3.38458   3.00535   3.21295   3.14885   3.08735   2.72952   2.84936   2.95134   1.04835   1.30605   0.537468  0.904744  
data[1120      : 1151      ]: 1.50563   0.699557  0.909221  1.16811   0.809591  12.9672   12.995    13.5758   12.3565   14.0007   13.1362   13.0602   13.1256   14.0718   3.60158   3.43798   3.16715   3.04004   3.8288    3.04747   3.41104   3.99965   2.79555   0.0226462 0.0778676 0.182521  -0.04128460.0881472 0.064183  0.001178150.0481487 0.0962832 
data[1152      : 1183      ]: -1.84358  -2.84196  -2.68017  -3.37997  -3.46028  -3.80809  -2.86325  -3.47705  -3.28954  -4.96841  -5.57067  -5.59077  -6.30545  -6.41994  -6.70496  -6.13903  -6.51153  -6.42844  -5.1252   -5.43624  -4.70812  -6.21527  -6.32937  -5.9148   -6.16657  -6.10375  -5.7743   -1.01104  -0.445831 -0.859916 -1.05642  -0.546344 
data[1184      : 1215      ]: -0.983838 -0.991103 -0.60446  -0.545952 -3.73652  -3.82666  -4.11926  -3.71144  -4.33273  -3.35448  -3.93366  -4.12305  -4.42585  -1.21095  -0.532799 -0.670522 -1.11335  -0.985529 -1.12179  -1.26779  -0.594134 -0.832499 -1.79646  -2.36618  -1.95897  -2.8372   -1.97543  -2.52951  -2.62957  -2.56985  -2.56264  -0.211413 
data[1216      : 1247      ]: -0.754664 -0.353463 -0.300112 -0.47816  -0.290424 -0.271592 -0.723865 -0.446497 -7.56843  -6.05557  -7.45888  -8.27041  -7.17356  -7.97499  -8.36828  -7.47901  -8.21641  -6.32815  -4.64228  -5.72136  -6.04509  -4.82983  -6.22398  -6.66376  -5.53667  -6.44936  -6.68534  -6.20484  -6.64744  -7.06977  -6.68483  -6.87745  
data[1248      : 1279      ]: -8.14462  -7.40031  -7.84327  -3.80642  -3.39872  -3.60662  -4.25552  -4.14874  -4.74984  -4.39329  -3.99764  -4.00609  -0.975205 -1.36676  -1.20475  -1.2103   -1.4134   -1.668    -1.30725  -1.31094  -1.49867  -13.906   -15.0409  -14.7345  -15.7406  -16.5654  -15.5623  -16.246   -16.6428  -16.2904  -3.15304  -4.95272  
data[1280      : 1311      ]: -3.86876  -3.08612  -4.82206  -4.14168  -3.64022  -5.60247  -4.33928  -0.113735 -0.138403 -0.186449 -0.129194 -0.120306 -0.294478 -0.0759335-0.154499 -0.289102 -0.783257 -0.539424 -0.722624 -1.50685  -0.585987 -1.50087  -1.00234  -1.04845  -0.541414 -2.01691  -1.59815  -1.96395  -2.86734  -1.46432  -2.11346  -3.28661  
data[1312      : 1343      ]: -2.35434  -2.63686  -2.39639  -1.53421  -0.663301 -2.20414  -2.59756  -1.19688  -3.02372  -2.49428  -1.18947  -0.212585 0.336427  -0.502078 0.047034  -0.013796 -0.207567 -0.113977 0.338385  -0.464399 -1.49613  -1.57081  -0.884244 -2.64817  -2.05253  -2.31266  -2.50846  -2.02865  -1.52568  -0.200698 0.208245  -0.511936 
data[1344      : 1375      ]: -0.607186 0.0140413 -0.967674 -0.133702 0.144987  -0.753681 -0.849227 -0.274162 -0.780007 -0.805685 -0.744385 -0.61165  -0.91969  -0.468874 -1.00942  0.208829  0.0713948 -0.137408 0.0762629 0.0578687 -0.08149910.0656734 0.050429  -0.208976 -3.11034  -1.5047   -2.40185  -3.69568  -3.21395  -2.98538  -4.07066  -2.80556  
data[1376      : 1407      ]: -3.53626  -1.98756  -0.739546 -2.69751  -2.67705  -0.463703 -4.06532  -2.84028  -1.29636  -3.74527  -1.7936   -2.61714  -0.294181 -3.19369  -4.10576  -1.71739  -3.53965  -3.83568  -1.40205  -1.22384  -0.232037 -0.917539 -1.7796   -1.8848   -1.18465  -1.77792  -0.464193 -1.59277  0.148056  -0.117772 -0.241536 -0.345723 
data[1408      : 1439      ]: -0.137952 -0.312192 0.207587  -0.0698457-0.51788  -5.67295  -3.44733  -4.47627  -7.51158  -4.59304  -5.91519  -8.25083  -5.91284  -6.54078  -0.744725 0.0972131 -0.773084 -1.33383  -0.776333 -1.1806   -1.45586  -0.422319 -1.07585  0.0434185 -0.0421612-0.04531620.112987  -0.04609630.113559  0.0867464 -0.110724 -0.0566103
data[1440      : 1471      ]: -0.02615020.0880861 0.058099  0.009484190.0843069 0.0216546 0.176478  -0.0352592-0.04224740.204153  0.335487  0.22226   0.144844  0.159276  -0.07150290.142865  0.0608498 0.0756197 0.179797  0.283114  0.637141  0.204953  0.1084    0.33522   0.169991  0.223867  0.416525  0.0216031 0.0373249 -0.0421135-0.008991430.0252516 
data[1472      : 1503      ]: 0.0129747 -0.0215444-0.0350363-0.02446760.239792  0.127079  0.282097  -0.01781080.0631883 0.108696  0.0978    0.100496  0.0166368 0.009618990.006615940.00726636-0.102354 -0.07766810.00906021-0.0470079-0.0262494-0.0005285740.008657390.1467    0.0854781 0.0658544 0.0252761 0.086051  0.0601116 0.0006587470.0828019 0.0257144 
data[1504      : 1535      ]: 0.0122992 0.0367596 0.0168397 -0.0318553-0.00701315-0.000508823-0.01583260.0226446 0.241637  0.360271  0.147563  0.11005   0.165752  0.0781043 0.133904  0.345575  -0.03608670.149573  0.289863  0.156679  -0.07188570.0726268 -0.0661917-0.145864 0.178933  0.065314  0.157094  0.357563  0.573691  0.0179087 0.0612697 0.28092   
data[1536      : 1567      ]: 0.167878  0.353253  0.357049  0.0691756 0.292915  0.113253  -0.004127040.137715  0.0934989 0.0265508 0.190444  -0.04367360.0877959 0.0390663 0.0337273 0.00107379-0.00684287-0.04082310.111155  0.0360522 -0.002465750.604032  0.796122  0.314306  0.428986  0.375858  0.126211  0.288961  0.396332  0.0885917 0.224609  0.155686  
data[1568      : 1599      ]: 0.0605248 0.150479  0.107123  0.008145930.102233  0.141898  0.00527804-0.00735729-0.0507183-0.004843570.0230945 0.0447271 0.0375863 -0.0135834-0.04733860.0421857 0.093611  0.0281361 0.038817  0.0891986 0.0260524 0.0677332 0.106901  0.0681001 0.0501243 0.238294  0.101436  0.152382  0.221591  0.0651117 0.101055  0.235257  
data[1600      : 1631      ]: 0.0299614 0.250524  0.329874  0.278454  0.303801  0.208703  0.507274  0.0176256 0.280797  0.438826  0.233125  0.0900109 0.0169601 0.104262  0.169534  0.0278493 0.126774  0.0905078 -0.00224190.171703  0.27172   0.0644703 0.0790164 0.184918  0.0489773 0.197104  0.179745  0.222064  -0.09931120.200707  0.028762  0.209647  
data[1632      : 1663      ]: 0.203183  0.0190589 0.220087  0.160104  0.0109264 0.167832  0.141037  -0.02624750.0868301 0.0737845 0.052534  -0.005391220.178691  0.0132042 -0.006449260.0256168 0.0653106 0.0391773 -0.02341120.0305492 0.0824832 0.0489135 0.0976693 0.0606994 0.379357  0.171989  0.211772  0.306934  0.07489   0.164331  0.326487  0.204192  
data[1664      : 1695      ]: 0.232134  0.488719  0.0780478 0.385355  0.473139  0.0026494 0.417218  0.609556  0.0283575 0.312899  0.26723   0.385654  0.0571989 0.325828  0.356628  0.123669  0.241225  0.340159  0.138244  0.158187  0.217393  0.215107  0.288642  0.115082  -0.0002312060.0796189 0.0608571 0.193774  -0.03903220.0437829 -0.013124 0.0458092 
data[1696      : 1727      ]: 0.0284146 0.03765   0.129582  0.0412808 0.0098517 0.689699  0.163127  0.290282  0.641828  0.127392  0.174475  0.538153  0.266393  0.294947  0.0751433 0.162041  0.102113  0.0128586 0.183419  0.0832242 0.0677033 0.150951  0.170866  0.0150783 0.0882857 -0.000887765-0.01890240.006409210.0026142 0.004545130.0509289 0.0253587 
data[1728      : 1759      ]: 11.4659   12.1778   12.1933   13.6256   13.4319   13.8332   12.2635   12.3588   11.6829   23.0482   24.9457   25.5932   24.1157   25.9479   26.4204   24.6358   26.0395   26.4497   20.6429   21.3615   24.4117   22.2875   21.8965   26.2934   22.4643   22.4397   25.5585   2.60922   2.52742   2.83398   2.43865   2.67253   
data[1760      : 1791      ]: 2.30739   3.13673   2.79557   2.82109   14.9264   16.3291   17.194    16.6296   17.0854   18.8592   16.1569   17.2562   18.2338   2.65501   2.76548   2.16978   3.094     3.27601   2.81605   2.88398   2.9846    2.63993   8.27255   8.66171   8.77536   8.55943   8.35033   8.99098   8.53914   8.93517   9.18044   1.72022   
data[1792      : 1823      ]: 1.53031   1.22603   1.94763   1.25342   1.20172   1.75786   1.5366    1.18162   27.4973   29.3429   29.4298   28.2228   31.2884   30.9279   28.5881   30.4826   31.1043   18.3512   20.6653   19.3148   19.6141   20.7361   20.6859   19.2848   21.4966   20.3677   24.8328   26.2557   28.5759   26.2698   27.5288   30.5923   
data[1824      : 1855      ]: 26.95     27.446    29.5885   14.4546   14.4889   15.7615   14.1011   15.753    16.3468   14.7707   14.9532   16.428    5.63434   5.9672    5.20803   5.93727   5.88425   5.14018   6.0139    6.67611   5.71846   59.0459   65.0027   64.5185   62.8856   66.8037   67.1154   62.7119   68.0097   67.2969   17.7684   16.7654   
data[1856      : 1887      ]: 16.7357   17.6269   17.2743   16.887    18.2008   17.3241   16.7452   0.447125  0.532783  0.63841   0.616919  0.449464  1.00604   0.528264  0.434643  0.640623  1.07774   0.893434  0.829973  1.19411   0.65616   1.09291   0.705467  1.23016   1.10265   1.17402   1.34838   1.00484   2.08179   1.75399   2.37534   1.263     
data[1888      : 1919      ]: 2.15717   0.918766  1.27139   1.46579   1.39315   1.66759   1.88823   1.27586   1.47712   2.09044   1.28309   0.448879  0.0456926 0.17193   0.32583   0.166002  0.11952   0.460684  0.210388  0.264113  0.605416  1.26516   0.91523   1.26897   1.27546   1.14698   0.891884  1.39181   1.14727   0.471248  0.115906  0.060059  
data[1920      : 1951      ]: 0.785344  0.105465  0.206046  0.522031  0.0932628 0.124008  0.531566  0.345682  0.630241  0.707715  0.500451  0.879153  0.917138  0.459621  0.504586  0.301301  0.176883  -0.09837160.440379  0.160873  0.0777459 0.386937  0.12223   -0.009506351.83844   1.72568   1.98398   2.17015   1.92673   2.33024   2.51137   2.11103   
data[1952      : 1983      ]: 2.29709   1.76711   0.631928  1.31426   1.62713   1.36823   1.58016   2.36476   1.27044   1.59947   0.972116  2.00124   2.0407    1.76226   2.34769   2.24695   1.78809   1.97479   1.94242   0.833727  0.819667  0.828166  0.768723  1.33378   1.31006   1.3454    1.13117   1.28291   0.644637  -0.04805160.287533  1.12575   
data[1984      : 2015      ]: 0.521669  0.222909  0.637699  0.183583  0.361062  3.45992   4.80068   4.30001   4.23598   4.79757   4.61462   4.32787   5.41582   4.9474    1.35399   1.23283   1.03252   1.29191   1.15913   0.917708  1.54062   1.69284   1.35118   0.0416592 -0.0269837-0.01178970.003932140.002820470.0412812 -0.009345930.001222170.0570219 
data[2016      : 2047      ]: -4.84509  -4.07373  -4.11547  -4.2291   -3.56948  -3.28041  -3.78889  -3.38302  -3.80171  -7.3955   -8.03119  -6.47771  -8.44848  -8.04408  -6.6255   -6.71992  -6.99389  -5.29442  -8.13917  -7.98209  -8.31585  -7.82381  -7.36707  -7.8286   -7.10363  -6.91104  -7.10441  -0.431108 -1.53565  -0.706432 -0.633864 -1.25989  
data[2048      : 2079      ]: -0.778208 -0.908422 -1.76698  -1.09338  -5.15034  -5.4209   -4.70491  -4.67186  -4.87599  -4.88877  -5.23137  -5.42754  -4.80648  0.181443  -1.59526  -0.727195 0.169613  -1.50488  -0.572766 0.217454  -1.59031  -0.77618  -2.52152  -2.63245  -2.60963  -2.13003  -2.74919  -2.27096  -2.40551  -2.29461  -2.09234  -0.0763933
data[2080      : 2111      ]: -0.315904 -0.479939 -0.165605 -0.545859 -0.638792 -0.0378021-0.358499 -0.393937 -9.45899  -9.62677  -7.68501  -9.69073  -8.58469  -8.10491  -8.2772   -8.75369  -6.5801   -4.07081  -8.44648  -4.38781  -3.99202  -8.2587   -3.91976  -3.81139  -7.65578  -3.98231  -9.84039  -9.13794  -8.92054  -9.6796   -8.34081  -9.42745  
data[2112      : 2143      ]: -8.60247  -8.48637  -8.30296  -4.35762  -5.41412  -4.11388  -4.67133  -5.21936  -4.98922  -4.41864  -5.19253  -4.29075  -1.63525  -1.29841  -1.75364  -1.75531  -1.48332  -1.57016  -2.10877  -1.33309  -1.95539  -21.1959  -20.0023  -17.1877  -20.0957  -19.6263  -16.4787  -18.819   -18.9965  -15.3754  -5.43024  -4.09786  
data[2144      : 2175      ]: -3.74947  -5.04975  -3.70654  -4.38489  -4.54656  -4.03149  -4.49616  -0.328352 -0.17083  -0.44594  -0.392723 -0.198624 -0.38274  -0.347602 -0.135489 -0.552891 -0.116531 0.104495  -0.151887 -0.431613 -0.543122 -0.462091 -0.193519 -0.0017442-0.277416 -0.199655 -0.0519881-0.398148 -0.776999 -0.42863  -0.572742 -0.629557 
data[2176      : 2207      ]: -0.686497 -0.430026 -0.138006 -0.44314  0.70954   -0.465353 -0.736823 0.404276  -0.553692 -0.902086 0.376691  -0.03568390.0212624 -0.04503740.0286119 -0.0359511-0.162488 -0.14167  -0.0251443-0.189362 -0.165755 -0.04461180.0710781 -0.470127 -0.189826 -0.459869 -0.709975 -0.521496 -0.169635 0.00826319-0.040189 -0.361881 
data[2208      : 2239      ]: -0.159278 -0.197492 -0.544119 -0.0102874-0.0286199-0.49375  -0.151513 0.0881204 -0.0212292-0.323848 -0.388363 -0.105989 -0.0738633-0.0558204-0.170894 -0.001738790.0169014 -0.00323349-0.02546820.000118964-0.131785 0.0173872 -0.00797482-0.0923272-0.451698 0.106961  0.0488495 -0.626016 -0.545206 -0.761366 -1.07333  -0.406444 
data[2240      : 2271      ]: -0.433201 -0.243517 0.225073  -0.842748 -0.766104 -0.0293827-1.02428  -0.548817 -0.161531 -1.24957  -0.259661 0.028978  0.599179  -1.19727  -1.44763  -0.288645 -0.771596 -0.891525 0.213573  -0.167538 -0.324324 0.00883973-0.154238 -0.530281 -0.4996   -0.575105 -0.578528 -0.457803 -0.01475430.0561994 -0.0401589-0.13407  
data[2272      : 2303      ]: 0.0348276 -0.0343063-0.07194990.0344459 -0.188945 -0.516708 0.493418  -0.419057 -1.44993  -0.694533 -0.689013 -1.84245  -0.763913 -1.40043  -0.085068 0.409613  -0.00601164-0.219172 -0.0279406-0.453074 -0.26596  -0.0896578-0.441966 -0.00938613-0.04767780.108654  -0.00334465-0.06829420.121458  0.005076670.0717366 -0.00509937
data[2304      : 2335      ]: -0.622036 -0.417454 -0.544359 -0.414725 -0.279925 -0.651418 -0.645908 -0.519659 -0.858763 -0.495462 -0.692585 -0.882794 -0.574922 -1.08703  -1.02249  -0.471903 -0.783006 -0.902327 -0.484992 -0.165177 -0.658393 -0.420858 -0.52981  -0.613484 -0.809135 -0.249053 -0.770732 0.0136291 -0.161538 0.107103  -0.0272874-0.44169  
data[2336      : 2367      ]: 0.106075  0.067263  -0.155568 0.0749245 -0.126213 -0.0840291-0.39911  -0.353026 -0.577014 -0.364944 -0.340428 -0.364276 -0.511511 -0.0393139-0.534965 0.284653  -0.0643426-0.517107 0.0857929 -0.0337901-0.681398 0.075009  -0.00482304-0.116264 -0.349414 -0.144128 -0.197719 -0.156538 -0.278458 -0.471535 -0.349936 -0.164676 
data[2368      : 2399      ]: -0.111483 -0.0615449-0.324906 -0.0657932-0.190313 -0.245971 -0.242272 0.00659251-0.177586 -0.888154 -0.630556 -0.453375 -1.16578  -0.874846 -0.288446 -1.03279  -1.2263   -0.0128472-0.960556 -0.0370308-0.00882272-1.48411  -0.36545  -0.0114158-1.25865  -0.226941 -0.375564 -0.323024 -0.839808 -0.658401 -0.663639 -0.875411 
data[2400      : 2431      ]: -0.797187 -0.484549 -1.06963  -0.115439 -0.343551 -0.152398 -0.335801 -0.549011 -0.259894 -0.29874  -0.470076 -0.301726 -0.405915 -0.206806 -0.382122 -0.50619  -0.205124 -0.364584 -0.287715 -0.226366 -0.343599 -0.807447 -1.5892   -2.25049  -1.10499  -1.83913  -2.3729   -1.21807  -2.10779  -2.81501  -1.06994  -0.236024 
data[2432      : 2463      ]: -1.14156  -1.1842   -0.305747 -0.99952  -1.361    -0.266154 -1.27014  -0.06709290.036602  -0.0131531-0.0700782-0.004549660.0225392 -0.094369 0.0344065 -0.0213404-0.724558 -0.932856 -0.863566 -0.207396 -0.422206 -0.418442 -0.459749 -0.641078 -0.424891 -1.26504  -1.21676  -1.67113  -0.927479 -1.19755  -1.44439  -1.06782  
data[2464      : 2495      ]: -0.55628  -1.52178  -1.55237  -1.0423   -1.3394   -1.16046  -1.03041  -1.38505  -1.7015   -0.411235 -1.25912  -0.555067 -0.307941 -0.169723 -0.49759  -0.271896 -0.175732 -0.512693 -0.311136 -0.333076 -0.738774 -0.856801 -1.12562  -0.609566 -0.757565 -0.822827 -0.652553 -0.532019 -1.11341  -0.746442 -0.488966 -0.190617 
data[2496      : 2527      ]: -0.83726  -0.242995 -0.251849 -0.774864 -0.433036 -0.158624 -0.554336 -0.503525 -0.677833 -0.563846 -0.483172 -0.306767 -0.446667 -0.470942 -0.414386 -0.236854 -0.274838 -0.188019 -0.334969 -0.289906 -0.127738 -0.343223 -0.28239  -0.220793 -1.54804  -1.24789  -1.69344  -1.7279   -1.47819  -1.52991  -1.1358   -1.1076   
data[2528      : 2559      ]: -1.36028  -1.9418   -1.45987  -1.29927  -1.87323  -0.78673  -1.09168  -1.76232  -1.17508  -1.22187  -1.26583  -1.07132  -1.4622   -1.51199  -0.983666 -1.45997  -1.1839   -1.08347  -0.994257 -0.87067  -0.485798 -1.02179  -0.729203 -1.02738  -0.803893 -0.84434  -0.316614 -0.875561 -0.336988 -0.5523   -0.362987 -0.341752 
data[2560      : 2591      ]: -0.528699 -0.355996 -0.387984 -0.593847 -0.431295 -3.0339   -3.47026  -3.55722  -2.75803  -2.63741  -3.7199   -2.11918  -2.94873  -3.2247   -0.389479 -1.24734  -1.29103  -0.562471 -1.70711  -1.1892   -0.466291 -1.32616  -0.992604 -0.12153  -0.0615766-0.0221921-0.084835 0.00505744-0.0746658-0.130985 -0.04888  -0.0434776
data[2592      : 2623      ]: -0.0159201-0.0486529-0.0372284-0.0198663-0.006496740.0481748 -0.0222081-0.00371697-0.0199573-0.00577573-0.0767191-0.0525705-0.0241449-0.102388 -0.04987720.00113847-0.0363353-0.0264214-0.02499260.00912729-0.063022 -0.0811284-0.036318 0.0161575 -0.03461470.0325347 -0.045699 -0.00270636-0.00451222-0.0009329850.0171944 -0.0168211
data[2624      : 2655      ]: -0.001405380.0100792 -0.01807160.0184309 -0.00997797-0.0430463-0.0221361-0.010492 -0.0203269-0.0287624-0.00748263-0.0654917-0.0193563-0.0171449-0.0248373-0.0103237-0.00176033-0.002740910.004214970.0172836 -0.00198041-0.037222 0.00407739-0.06095450.00498606-0.01268150.0173181 -0.0219825-0.0459197-0.0242714-0.0133619-0.00971003
data[2656      : 2687      ]: -0.00753930.001929130.00723656-0.01729260.0145854 0.006731520.002826160.0123443 -0.04118640.00241013-0.09996880.0025553 -0.0955836-0.0490788-0.034154 -0.0525524-0.02451320.0108178 -0.095865 -0.07193820.0324493 -0.0345839-0.04256510.0533141 -0.047915 -0.0962107-0.0252787-0.0650836-0.05352910.00785314-0.050615 0.0641712 
data[2688      : 2719      ]: -0.10067  -0.03820010.0368853 0.0301549 -0.0649199-0.0788201-0.02233320.0264707 -0.0114122-0.0366692-0.074111 -0.079324 -0.0225301-0.00122645-0.008846212.23488e-050.00337832-0.05899080.0167875 -0.0344066-0.0172992-0.0332473-0.137726 -0.210144 -0.0551698-0.0986754-0.135673 -0.00690308-0.0641207-0.143139 -0.0317755-0.100243 
data[2720      : 2751      ]: -0.033873 0.0296953 -0.047102 -0.013506 0.0220357 -0.033122 -0.07380150.00314869-0.024473 -3.12745e-050.00726594-0.0308115-0.00945191-0.00283363-0.0327934-0.009548235.16816   5.70437   5.4411    5.83043   6.36585   6.24718   5.14779   6.40659   5.62308   9.13021   10.8606   10.8417   9.45794   10.7946   11.0689   9.09627   
data[2752      : 2783      ]: 11.3793   11.6691   7.80467   7.43214   11.1331   7.43636   8.40882   10.4458   7.20095   8.81089   11.7301   1.21508   0.782428  0.777081  1.27168   0.560804  0.705561  1.35819   0.950532  0.963326  5.64188   7.38999   8.01821   6.12169   6.90362   8.13391   6.17629   7.74607   8.27005   1.72668   0.669032  0.352353  
data[2784      : 2815      ]: 2.06566   0.555801  0.486169  1.78159   0.560332  0.579728  3.5778    3.92802   4.09066   3.36192   3.75396   3.86096   3.21617   3.08177   3.6686    1.1379    0.709207  0.0963786 1.45645   0.543387  0.155016  1.15482   0.53051   0.102514  11.1667   12.8211   13.8235   11.114    13.0266   14.2021   10.6411   13.0928   
data[2816      : 2847      ]: 12.7815   7.48515   7.6307    7.37483   9.08946   7.61619   7.90643   8.63025   7.19537   8.21527   8.75773   10.9046   13.0871   9.3684    11.0904   14.056    8.83918   11.2485   13.0953   5.66338   6.16326   7.26631   5.2589    7.07803   6.43344   5.979     6.54589   7.69286   2.93627   2.63639   1.84998   2.98436   
data[2848      : 2879      ]: 2.6235    1.83707   2.77517   2.87804   2.10438   24.9641   29.9892   30.0683   26.2941   30.4191   30.8175   25.1369   31.1335   30.3761   7.83727   8.18478   6.67674   8.16359   8.99835   6.44512   8.69801   9.17904   6.77461   0.138493  0.116997  0.13181   0.0651462 0.0815965 0.213356  0.115976  0.0907819 0.213494  
data[2880      : 2911      ]: -0.192561 -0.448608 -0.218962 -0.104723 -0.36613  -0.290492 -0.175789 -0.527633 -0.260809 -0.529031 -0.505198 -0.400506 -0.383207 -0.506398 -0.545455 -0.540353 -0.328689 -0.575752 -0.394749 -0.31351  -0.777636 -0.402744 -0.208921 -0.767237 -0.653882 -0.11575  -0.885634 -0.494017 -0.0234215-0.150908 -0.583028 0.0096439 
data[2912      : 2943      ]: -0.0547654-0.591524 -0.005722 -0.0344617-0.214554 -0.312331 -0.434033 -0.266261 -0.191898 -0.51236  -0.307447 -0.14264  -0.517782 -0.859161 -0.0259527-0.118544 -0.838563 -0.0376843-0.16826  -0.964318 -0.0205011-0.0754984-0.250853 -0.08195  -0.13617  -0.281484 -0.152625 -0.237039 -0.0712744-0.126379 -0.367704 -0.315919 
data[2944      : 2975      ]: -0.244184 -0.0867183-0.322989 -0.304379 -0.0418217-0.285897 -0.258017 0.00997658-0.598315 -0.383531 -0.642191 -0.82541  -0.2951   -0.669273 -0.584957 -0.18912  -0.648769 -1.67037  -0.144813 -0.585687 -1.68458  -0.119513 -0.704588 -1.63081  -0.071978 -0.481508 -0.321711 -0.311064 -0.795768 -0.254997 -0.230723 -1.00915  
data[2976      : 3007      ]: -0.149731 -0.339222 -0.916645 -0.297548 -0.281904 -0.412316 -0.305833 -0.267516 -0.454567 -0.421997 -0.100249 -0.548346 -0.161985 -0.438627 -0.133423 -0.147415 -0.423027 -0.128898 -0.217173 -0.503409 -0.0893492-0.771156 -1.2956   -1.41577  -0.752268 -1.39461  -1.47552  -0.936722 -1.20785  -1.33397  -0.145213 -1.16326  
data[3008      : 3039      ]: -0.265847 -0.107816 -1.11727  -0.0974068-0.130009 -1.07208  -0.205467 -0.0105168-0.0818607-0.0659859-0.0057759-0.0440836-0.06074010.000429098-0.0550324-0.0268136-2.18275  -2.03088  -2.7098   -2.69937  -2.94913  -3.16543  -2.8038   -2.66808  -2.46603  -4.34827  -4.54626  -4.88957  -4.92401  -4.83852  -5.15295  -5.14565  
data[3040      : 3071      ]: -5.60661  -5.75315  -4.23829  -3.95889  -4.38104  -4.74757  -4.0819   -5.75845  -4.51812  -5.04018  -5.79249  -0.672648 -0.485258 -0.394094 -0.761288 -0.582451 -0.47385  -0.931049 -0.793798 -0.61199  -3.1255   -2.97161  -3.46203  -3.28556  -2.92943  -3.9467   -3.66819  -3.82801  -4.00467  -1.12794  -0.74363  -0.528483 
data[3072      : 3103      ]: -1.17589  -0.951375 -0.332735 -1.13673  -0.774104 -0.394676 -1.48531  -1.51852  -1.44647  -1.73888  -1.94183  -2.14619  -1.9217   -1.89592  -1.66665  -0.673969 -0.376897 -0.301597 -0.401703 -0.262123 -0.184594 -0.713051 -0.401754 -0.33449  -5.06338  -5.79288  -5.19511  -5.83787  -6.28192  -6.04635  -5.74075  -6.52369  
data[3104      : 3135      ]: -6.7653   -3.94631  -3.77902  -3.31144  -5.08358  -4.21554  -3.79858  -4.14465  -4.08359  -4.31559  -4.80536  -4.93093  -5.72777  -5.45475  -6.01193  -6.46694  -5.50968  -5.18187  -6.48936  -2.88471  -2.97132  -3.66358  -2.93677  -2.90667  -3.03388  -3.76399  -2.80056  -3.1739   -1.30108  -1.33194  -1.20636  -0.974895 
data[3136      : 3167      ]: -1.39943  -1.14968  -1.67796  -1.64266  -1.48653  -10.9127  -12.1127  -11.9054  -12.1508  -13.5765  -13.3964  -12.6467  -13.6374  -14.2362  -3.09755  -3.50119  -3.4835   -3.45886  -3.79471  -3.75147  -3.5137   -3.2632   -3.41696  -0.00575329-0.0559776-0.161636 -0.135162 -0.0790558-0.300425 -0.0145699-0.0899052-0.0531228
data[3168      : 3199      ]: 0.167303  1.0105    0.679323  1.43949   1.5479    1.73816   1.16356   1.37885   1.0943    2.4239    2.02832   1.83824   3.34503   2.65738   2.74655   3.91815   3.28168   2.56873   1.95299   1.83371   0.486447  3.25137   1.6426    1.31746   3.10008   2.73977   1.07888   0.221899  0.325619  0.581619  -0.04215790.456635  
data[3200      : 3231      ]: 0.501115  0.0365048 0.532978  0.329666  1.8761    1.39694   0.963259  2.40134   1.04104   1.05026   2.08252   1.60327   1.37645   -0.447256 0.662939  0.577615  -0.515776 0.902059  0.47097   -0.371673 0.823584  0.491566  0.151277  1.03784   0.152674  1.22459   0.776338  0.661093  0.658814  1.18936   0.72319   -0.609631 
data[3232      : 3263      ]: 0.0726869 0.360116  -0.746482 0.0139273 0.403793  -0.733945 0.126428  0.375187  2.92412   1.83258   1.5762    2.81213   3.14642   1.98966   3.78331   2.6512    2.41929   1.96158   1.85527   2.02782   1.66145   2.59423   2.55986   2.06742   2.8791    2.54204   3.2937    2.16301   1.48344   3.96061   3.01789   1.79102   
data[3264      : 3295      ]: 4.7666    2.70558   2.47754   1.6228    1.20383   0.231986  2.23042   1.61492   1.70737   1.92066   1.18121   0.936751  -0.433702 0.586953  0.333696  -0.07714820.417493  0.838631  -0.445509 0.378522  0.428077  5.01193   3.27216   3.82231   6.17777   4.341     4.90871   6.43951   5.09938   5.42838   -0.851634 -0.124196 
data[3296      : 3327      ]: 1.35557   0.279516  0.513992  2.11854   -0.220454 0.0914709 2.10561   0.0274409 0.074268  -0.121573 0.233787  0.162948  -0.0953825-0.08191630.123219  -0.210795 0.0356277 -0.118842 -0.120723 -0.0495573-0.117379 -0.08865670.0234874 -0.0284988-0.104966 -0.0225041-0.142521 -0.135156 -0.0119679-0.106395 -0.106845 0.0440517 
data[3328      : 3359      ]: -0.116193 -0.231895 0.0215516 0.048835  -0.109031 -0.0338886-0.0802429-0.0550321-0.00754772-0.125105 -0.160461 0.00484876-0.0197328-0.005496140.0134528 -0.00307846-0.01012080.0155393 0.00135923-0.03667490.00146303-0.0358291-0.09247560.0100683 -0.0288342-0.140071 -0.0584521-0.0227116-0.0182438-0.013481 0.00818373-0.0167566
data[3360      : 3391      ]: -0.0117006-0.00695088-0.06648280.0136836 -0.017674 -0.03559010.0151088 -0.0429137-0.09077340.0128556 -0.0411555-0.09216450.0194216 0.00487337-0.13582  0.00156746-0.0123204-0.004674850.00100317-0.00763626-0.00833137-0.0203634-0.0145102-0.01616530.0867368 -0.099282 -0.231326 -0.0124305-0.0506989-0.08548770.0577252 -0.0547965
data[3392      : 3423      ]: -0.134577 0.0167933 -0.0511681-0.117306 0.0233157 -0.0898534-0.157378 -0.00710828-0.0929596-0.20421  0.00374176-0.188471 -0.160178 -0.00547483-0.0235963-0.052542 0.0410943 -0.029397 -0.129536 0.0883551 -0.0219187-0.0810688-0.028603 -0.0624171-0.06890450.0296512 0.0360844 -0.049925 -0.000581246-0.0346974-0.0380765-0.0335494
data[3424      : 3455      ]: -0.0897502-0.06430170.0259303 -0.0643688-0.0284552-0.0495239-0.291229 -0.342427 -0.0248094-0.231297 -0.413996 0.0218582 -0.304418 -0.452294 -0.0773982-0.172337 -0.0500507-0.0338533-0.189761 -0.05201090.0649466 -0.192281 -0.0663741-0.00913827-0.0128475-0.000142513-0.00865873-0.0147298-0.00811307-0.00469768-0.0126066-0.00427574
data[3456      : 3487      ]: 1.8593    1.76972   2.1328    2.80734   2.78745   3.00023   2.08956   1.84661   2.16293   3.22742   4.46311   3.97277   4.02898   4.52258   4.21092   3.23097   4.57087   4.64547   2.28366   3.40892   4.15129   2.93225   3.51031   4.5659    3.16528   3.65478   4.74724   0.27529   0.604556  0.371832  0.131652  0.682389  
data[3488      : 3519      ]: 0.328188  0.243109  0.741181  0.397989  1.70278   2.65578   2.29904   2.52299   2.94126   3.45939   2.27788   2.62242   3.32778   0.0636288 0.672596  0.37197   0.275098  0.969285  0.502104  0.173247  0.637341  0.370016  0.912389  1.22143   1.0629    1.30575   1.58626   1.65053   1.54247   1.70091   1.52071   0.666209  
data[3520      : 3551      ]: 0.180862  0.313595  0.692684  0.0216739 0.361362  0.700173  0.284442  0.266641  3.43987   4.61276   4.55056   3.76026   5.46459   5.39858   4.31724   5.60462   5.24288   1.92226   3.63388   3.0003    2.23552   4.23549   3.25765   1.88139   4.0289    3.22437   2.86139   4.40202   5.18855   3.9529    5.00096   5.3477    
data[3552      : 3583      ]: 3.70911   4.51462   6.18829   2.00759   2.89989   2.49558   1.78186   2.89923   2.62158   2.16861   2.95905   2.95373   1.11468   0.722449  0.794795  1.29847   0.801832  1.07043   1.54214   1.38574   1.1467    8.55589   10.7705   10.0428   10.094    11.4385   11.3892   9.76986   11.4475   11.6339   4.18043   2.58821   
data[3584      : 3615      ]: 3.16515   4.12896   2.40875   2.48915   4.58379   3.07061   3.9091    0.0886812 0.135506  0.18116   0.222052  0.143785  0.29398   0.0779874 0.200336  0.120576  -0.2688   -0.271295 -0.533332 -0.354204 -0.347612 -0.592327 -0.243448 -0.277486 -0.799115 -0.512713 -0.473984 -0.406727 -0.627834 -0.496158 -0.374758 -0.488425 
data[3616      : 3647      ]: -0.620035 -0.701058 -1.52518  -0.443045 -0.491274 -1.75979  -0.394445 -0.428469 -1.7876   -0.565671 -0.462974 -0.121387 -0.660183 -0.0669871-0.116277 -0.548679 -0.0296249-0.0558444-0.607725 -0.0717509-0.725989 -0.295205 -0.300441 -0.655081 -0.420974 -0.190584 -0.869546 -0.435507 -0.379004 -0.0669109-0.714413 -0.179299 
data[3648      : 3679      ]: -0.110438 -1.22587  -0.240636 -0.126034 -1.08727  -0.080075 -0.285207 -0.225645 -0.169681 -0.430339 -0.421881 -0.422692 -0.637246 -0.237771 -0.199877 -0.0421514-0.409086 -0.356421 -0.0398772-0.23913  -0.317682 -0.0292222-0.375536 -0.383933 -0.385052 -0.803762 -0.568087 -0.687774 -0.7739   -0.499159 -0.53163  -1.00076  
data[3680      : 3711      ]: -0.614489 -0.282883 -1.90682  -0.205267 -0.525541 -1.83565  -0.173461 -0.292923 -1.91938  -0.203637 -1.50421  -0.536799 -0.414761 -1.63917  -0.483657 -0.46862  -1.54363  -0.486088 -0.507007 -0.447116 -0.213688 -0.228297 -0.550439 -0.640791 -0.339474 -0.562419 -0.787737 -0.288817 -0.100639 -0.296969 -0.534776 -0.0724491
data[3712      : 3743      ]: -0.238761 -0.523106 -0.126021 -0.381549 -0.615059 -1.48613  -0.777359 -1.23119  -1.32295  -0.723095 -1.68873  -1.47124  -0.68682  -1.63519  -0.161489 -0.165235 -1.37417  -0.213612 -0.324139 -1.38027  -0.216416 -0.245743 -1.62305  -0.153086 -0.0474297-0.0151093-0.289922 -0.0294885-0.0753406-0.206649 -0.0196081-0.061762 
data[3744      : 3775      ]: -3.92806  -3.4538   -3.54835  -5.4028   -4.36698  -4.78471  -4.22498  -3.98158  -4.0756   -8.99768  -8.84023  -8.31887  -8.93721  -9.06643  -8.72928  -10.0583  -9.52982  -9.60613  -7.36064  -8.1872   -9.41226  -7.21816  -8.50315  -10.5581  -7.6402   -9.38437  -10.7359  -0.820515 -0.742946 -0.950184 -0.701551 -0.625658 
data[3776      : 3807      ]: -0.662033 -0.756356 -0.819292 -0.995489 -5.95533  -5.67059  -6.60833  -6.04854  -6.45326  -6.38665  -6.78376  -6.64059  -7.23274  -0.547529 -0.499068 -0.547625 -0.885915 -0.878162 -0.78542  -0.543417 -0.500299 -0.572705 -2.57956  -2.93081  -2.63957  -3.28126  -3.00015  -3.15722  -3.22861  -3.41911  -3.44636  -0.506644 
data[3808      : 3839      ]: -0.134544 -0.182926 -0.311584 -0.0799965-0.176795 -0.439313 -0.207409 -0.249474 -10.0145  -10.4441  -9.94884  -10.3045  -11.065   -9.97142  -11.0543  -12.0383  -10.9121  -6.59131  -5.75866  -5.90695  -6.76011  -6.72391  -6.39477  -7.58369  -6.69715  -7.01765  -8.95766  -9.22165  -10.6685  -9.34155  -10.2423  -11.8718  
data[3840      : 3871      ]: -9.94274  -10.5025  -12.2126  -5.06833  -5.39876  -5.20835  -5.85592  -5.64451  -5.281    -5.50173  -5.70769  -5.10503  -1.89796  -1.79168  -1.17188  -1.87388  -1.9147   -1.60724  -2.05844  -2.02651  -1.38972  -22.3088  -21.5826  -20.4147  -23.0581  -23.9243  -21.3539  -24.4589  -24.7781  -22.5381  -6.42467  -4.36842  
data[3872      : 3903      ]: -4.46944  -6.89496  -5.37331  -5.3883   -7.23645  -4.55821  -4.86609  -0.007780130.0751591 -0.384192 -0.0758915-0.056946 -0.599986 0.0289925 0.102785  -0.520131 9.098     9.08642   9.04784   9.0076    9.94539   9.74033   8.96004   9.07773   9.21544   18.2033   18.3181   18.7569   18.1308   18.4219   17.9454   18.2042   
data[3904      : 3935      ]: 18.1972   19.2316   17.6824   17.0579   18.0936   18.0818   17.6459   18.5107   17.5867   17.0635   18.7189   2.21886   2.08491   2.3272    2.25036   2.54128   2.32288   2.52131   2.29453   2.75278   12.3994   13.0483   13.1296   12.8656   13.1885   13.7591   12.4079   13.5044   13.1643   2.58644   2.53355   2.89161   
data[3936      : 3967      ]: 2.73971   2.89103   3.20789   2.8381    2.60155   3.02648   6.65447   6.28357   6.38383   6.47946   6.25674   7.06076   6.56779   6.08822   6.3387    1.21164   1.40402   1.20007   1.10844   1.22936   1.33051   1.18272   1.32043   1.31344   21.7789   21.7358   21.9084   22.408    21.7439   22.3845   22.1145   22.3253   
data[3968      : 3999      ]: 22.1855   14.9523   15.5449   15.5739   15.6873   15.1902   16.212    15.1701   15.6517   15.5432   20.4699   20.7321   21.2988   20.6522   20.3771   21.8948   20.3274   20.9801   21.7161   10.9946   10.5098   11.4179   11.6457   12.0826   12.0808   11.4031   11.5362   11.9455   4.09115   4.22487   4.02098   3.83008   
data[4000      : 4031      ]: 4.38493   4.01025   4.36701   4.84248   4.64538   46.1311   47.829    47.1426   46.9096   48.3423   47.7736   46.5533   48.9632   47.6517   11.5137   12.4173   12.2109   11.8498   12.7921   11.9964   12.233    13.0297   12.6632   0.583918  0.540377  0.578364  0.396483  0.536264  0.46801   0.471396  0.555082  0.560372  
data[4032      : 4063      ]: 9.45346   8.56765   9.35276   9.83373   9.41073   10.2256   9.46245   8.65911   9.58409   18.3057   18.3601   17.6788   18.0333   18.8542   17.8351   18.4267   19.568    18.5823   18.0503   16.3291   17.8258   18.7523   16.107    18.8509   18.8317   17.0515   19.247    1.59771   3.04858   1.75137   1.47479   2.97816   
data[4064      : 4095      ]: 1.6413    1.5446    2.81306   1.72076   12.5445   11.9787   12.2608   13.2624   12.746    13.3263   12.6946   12.6325   12.8247   1.62339   3.9053    1.70579   1.78659   4.27686   1.85438   1.75902   3.9063    1.7692    6.41509   6.11337   6.13177   6.76636   7.19262   6.39911   6.42475   6.52653   6.54373   1.22617   
data[4096      : 4127      ]: 1.19574   1.46392   1.19504   1.21836   1.34947   1.28167   1.28911   1.31539   20.1305   21.9149   20.0477   20.4741   22.8263   20.7595   21.27     22.9203   21.6842   12.7255   17.6171   12.6077   13.7581   18.3086   13.0451   13.3578   18.3768   12.9174   21.1066   19.4068   20.8066   21.9769   20.3652   21.9908   
data[4128      : 4159      ]: 22.2644   19.8349   22.0133   10.6961   11.5386   10.7519   11.3455   12.0917   11.2372   11.2585   12.3705   11.4753   4.41777   4.12881   4.51403   4.10779   3.78003   4.41079   4.483     4.5374    4.68149   46.1824   46.2184   44.8821   46.7625   47.8977   46.5518   47.8249   48.0596   47.7834   12.5362   10.2583   
data[4160      : 4191      ]: 13.0822   12.7876   10.7364   13.5309   13.2504   11.3997   13.461    0.582353  0.250583  0.603375  0.712079  0.305471  0.673915  0.55343   0.24616   0.692359  0.323158  0.165704  0.0663889 0.365564  0.269505  0.0988215 0.424149  0.187803  0.0690044 0.674315  0.354189  0.253399  0.773513  0.355838  0.200118  0.594048  
data[4192      : 4223      ]: 0.376706  0.313617  0.768655  1.54584   0.436334  0.689657  1.45491   0.477263  0.706622  1.57874   0.606922  0.0830486 0.0600491 0.634828  0.0289855 0.0547977 0.479878  0.0432744 0.0408296 0.508551  0.539645  0.680761  0.23191   0.529732  0.559284  0.228562  0.529389  0.636188  0.211342  0.0488557 0.0724939 0.776094  
data[4224      : 4255      ]: 0.0119442 0.0221119 0.801882  0.030014  0.0479913 0.957961  0.287849  0.238162  0.29995   0.148053  0.282467  0.255802  0.305271  0.243903  0.273373  0.001924150.002270810.284616  0.003556290.0483991 0.291841  0.003639590.0077084 0.225196  0.841093  0.524601  0.600674  0.909697  0.352495  0.562195  0.977796  0.521136  
data[4256      : 4287      ]: 0.54607   0.493128  0.194281  1.54695   0.532627  0.210344  1.45609   0.47593   0.152409  1.39818   0.743521  1.43482   0.29642   0.956537  1.36987   0.279673  0.885309  1.32401   0.336285  0.508654  0.539059  0.384701  0.545642  0.443854  0.371437  0.333191  0.477801  0.394022  0.162902  0.0320866 0.158685  0.118315  
data[4288      : 4319      ]: 0.0181546 0.127902  0.134453  0.054026  0.120368  2.06644   0.819248  0.332646  2.01093   0.70822   0.332361  1.85236   0.828399  0.300919  0.36963   0.100214  0.0818612 0.515423  0.199607  0.125077  0.37381   0.0932543 0.120521  0.0130017 0.177732  0.0928725 -0.008050890.17549   0.0545623 0.004652310.222379  0.0474692 
data[4320      : 4351      ]: -4.12464  -4.18846  -4.23214  -5.16298  -3.62861  -4.76151  -4.81173  -4.6757   -4.79918  -9.3123   -10.0549  -9.46484  -9.82233  -9.28149  -9.41089  -9.93881  -9.87256  -10.1243  -8.6029   -8.99884  -8.79141  -8.73887  -8.48755  -8.94982  -8.38776  -8.712    -9.04885  -0.914198 -0.602861 -0.816276 -0.679626 -0.764983 
data[4352      : 4383      ]: -0.668929 -0.62482  -0.411994 -0.561424 -6.244    -6.85874  -6.66086  -6.21963  -6.37704  -6.80894  -6.25859  -6.25391  -6.29155  -0.831407 -0.652545 -0.659496 -0.686009 -0.737159 -0.459396 -0.924953 -0.558926 -0.576488 -3.46185  -3.05404  -3.09354  -2.91057  -3.15408  -2.90039  -3.92431  -3.22762  -3.91008  -0.484484 
data[4384      : 4415      ]: -0.275037 -0.284228 -0.814745 -0.392873 -0.413562 -0.504151 -0.274351 -0.256978 -11.4628  -11.7914  -10.9991  -10.8541  -11.3441  -10.9169  -11.4922  -12.1921  -11.7218  -6.67802  -8.00975  -7.47595  -7.6333   -7.50592  -7.16173  -7.03794  -7.98932  -7.27232  -10.1192  -10.4883  -10.6059  -9.74611  -9.68764  -10.3379  
data[4416      : 4447      ]: -10.3778  -10.9844  -11.142   -5.38125  -5.50433  -5.44026  -5.06743  -6.00616  -6.15672  -5.46811  -5.61265  -5.03294  -2.15134  -1.78798  -1.42995  -2.10372  -1.95163  -2.03504  -1.88473  -1.52868  -1.16485  -24.7151  -25.1895  -24.5804  -24.8307  -24.6038  -24.3572  -24.9155  -25.8478  -24.9182  -7.13707  -5.16119  
data[4448      : 4479      ]: -5.6088   -7.12807  -4.8895   -5.83255  -7.06011  -5.26664  -5.90828  -0.188564 -0.0922843-0.250344 -0.209595 0.0061276 -0.397297 -0.135306 -0.0547202-0.299087 -0.665394 -1.033    -0.798429 -0.413707 -0.811055 -0.704828 -0.470898 -1.18158  -0.771    -1.21865  -1.43627  -1.64972  -1.83519  -1.26086  -1.54322  -1.58879  
data[4480      : 4511      ]: -1.38729  -1.80375  -1.34464  -1.18493  -1.25568  -1.58662  -1.66475  -1.48871  -1.70446  -1.24659  -1.89738  -0.567102 -0.0814138-0.345946 -0.585239 0.00352213-0.239804 -0.686542 0.00697659-0.206725 -1.22243  -0.809386 -1.4898   -1.00602  -0.992745 -1.24867  -1.35438  -0.729875 -1.05653  -0.927494 -0.0311058-0.472729 
data[4512      : 4543      ]: -1.23626  -0.0721674-0.715675 -1.05541  -0.0716256-0.471816 -0.734643 -0.407664 -0.778759 -0.641655 -0.618185 -0.725224 -0.678678 -0.541263 -0.882225 -0.333647 -0.201161 -0.159668 -0.398929 -0.359961 -0.102458 -0.356172 -0.196293 -0.169667 -1.70762  -1.55771  -1.34276  -2.05884  -1.53353  -2.22694  -2.09299  -1.49886  
data[4544      : 4575      ]: -2.04306  -2.6632   -0.377629 -2.03216  -2.58878  -0.370559 -1.67419  -2.85117  -0.483588 -1.77473  -1.29884  -1.84524  -1.84513  -1.24227  -1.56624  -1.42947  -1.50361  -1.68026  -2.1413   -0.931722 -1.0755   -1.14273  -0.975145 -0.704742 -1.12799  -1.00615  -0.49507  -0.70662  -0.193485 -0.561373 -0.28566  -0.274236 
data[4576      : 4607      ]: -0.679409 -0.240228 -0.294737 -0.616185 -0.254481 -3.56752  -3.52307  -3.70293  -3.5915   -3.58217  -3.76702  -3.86001  -4.35379  -4.46107  -0.612437 -1.57251  -0.968725 -0.572167 -1.70686  -0.829925 -0.422003 -1.47383  -1.19024  -0.0161797-0.079735 0.0198211 0.0091274 0.0260946 0.0201317 -0.00752956-0.0585225-0.00726836
Time 10162590 ns: producer080000003 finish sending data!
