Time 5363030 ns: ack for producer080000005's req!
Time 5363060 ns: producer080000005 is sending data!
data[0         : 31        ]: 0.196501  0.28797   0.469711  0.11269   0.319614  0.314858  0.163906  0.246541  0.216017  0.515439  0.433446  0.550325  0.409476  0.367102  0.429328  0.23156   0.328321  0.268362  1.18218   0.596187  0.439761  0.539008  0.479702  0.556457  1.00625   0.308789  0.378344  0.157447  0.317132  0.101495  0.124071  0.219533  
data[32        : 63        ]: 0.125778  0.125934  0.0146296 0.0744963 0.648229  0.346168  0.32906   0.394501  0.341822  0.585276  0.265513  0.373048  0.259933  0.11489   0.292525  0.0684667 0.224895  0.252347  0.180937  0.16101   0.335985  0.16182   0.188459  0.0959801 0.237762  0.238046  0.283787  0.141259  0.241755  0.202694  0.009524720.0254832 
data[64        : 95        ]: 0.179736  0.0243262 0.0244268 0.154789  0.0947103 0.0507745 0.0831171 0.0381762 0.880919  0.533233  0.363856  0.751234  0.637731  0.442134  0.488432  0.506875  0.656777  0.341633  1.03358   0.399656  0.554037  0.76989   0.429595  0.377892  0.75143   0.497775  1.04813   0.710299  0.43611   0.958795  0.444856  0.640492  
data[96        : 127       ]: 0.782341  0.493633  0.621072  0.317148  0.396978  0.413558  0.439774  0.30243   0.317713  0.459264  0.410792  0.420646  0.0682366 0.0459044 0.211863  0.0613669 -0.02814430.164357  0.160555  0.112469  0.117985  1.34208   1.43009   1.22913   1.17073   1.19229   1.15238   1.25441   1.04418   1.00105   0.286935  0.329044  
data[128       : 159       ]: 0.684112  0.311512  0.295276  0.568245  0.218939  0.403632  0.672724  0.0466593 0.0707006 0.0221469 0.0169807 0.0222948 0.0364896 0.0320304 0.0376462 0.0352257 0.302965  0.0751784 0.0624285 0.231794  0.0738382 0.016077  0.219645  0.0625214 0.0800026 0.500454  0.19971   0.125422  0.438772  0.19401   0.259357  0.508032  
data[160       : 191       ]: 0.302499  0.004860510.329931  1.14213   0.162239  0.231155  0.982919  0.299756  0.362541  1.08816   0.210305  0.0456944 0.0153145 0.408632  0.0486576 0.0437505 0.30246   0.0610784 0.009267590.432592  0.378154  0.31832   0.176344  0.375551  0.181984  0.175308  0.270805  0.445291  0.16907   0.0246891 -0.03285230.473249  
data[192       : 223       ]: 0.017892  0.0371212 0.65635   -0.000347415-0.06496530.587696  0.0967472 0.114815  0.111764  0.190397  0.147422  0.192352  0.146493  0.175839  0.0595797 -0.00821751-0.06731310.24097   -0.00162947-0.03350350.224341  -0.01131550.007320310.180545  0.520369  0.321727  0.295807  0.566202  0.296545  0.292256  0.606557  0.222309  
data[224       : 255       ]: 0.426817  0.434469  -0.05020861.06896   0.423456  -0.09558380.992339  0.35234   0.012411  1.11145   0.592094  0.931916  0.093505  0.488982  1.05875   0.0606568 0.505799  0.971441  0.124968  0.31956   0.185849  0.210774  0.24538   0.174673  0.255614  0.237879  0.214956  0.183251  0.0858039 -0.005573610.110949  0.110171  
data[256       : 287       ]: -0.002278520.0938408 0.11286   -0.01505350.0507278 1.29421   0.479454  0.256124  1.20246   0.623015  0.261392  1.36656   0.48733   0.277659  0.293546  0.078461  0.0404894 0.278976  0.0359558 0.0862872 0.304032  0.0593139 -0.0004681350.0009307670.106996  0.0003743 0.008922820.129423  0.0199385 0.0393927 0.149094  0.00593502
data[288       : 319       ]: -0.01308460.0208232 0.0394346 0.387613  0.275071  0.275159  0.218011  0.173045  0.153885  0.0727834 0.204944  0.161378  0.281354  0.438087  0.321542  0.513357  0.269336  0.394046  -0.00732080.261517  -0.03196  0.236747  0.432996  0.142985  0.214104  0.6409    0.371819  0.0175023 -0.02696860.0314538 0.0279992 -0.0390012
data[320       : 351       ]: 0.240065  0.0214334 0.002728870.13739   0.0228393 0.086167  -0.009084150.189646  0.259583  0.193799  0.295359  0.290035  0.218214  0.00385968-0.04419170.0937057 0.101464  0.0229628 0.265204  -0.007065180.0377512 0.257122  0.005166840.002849160.0369309 0.22026   0.244716  0.2462    0.128284  0.124462  0.112677  0.00533819
data[352       : 383       ]: -0.02550810.067989  0.001417670.0114734 0.0528093 -0.0003868470.0208687 0.0465214 0.160653  0.103611  0.109646  0.481864  0.376199  0.518033  0.432404  0.330086  0.412094  0.131946  -0.005369220.269742  0.236653  0.173336  0.49149   0.226144  0.0731177 0.551079  0.0229088 0.241161  -0.006084610.467975  0.662189  0.389408  
data[384       : 415       ]: 0.391517  0.596529  0.299245  -0.0217822-0.03137990.0701402 0.254066  0.288882  0.307668  0.208508  0.256778  0.329046  0.0405436 0.0210296 -0.04569050.0630387 0.0012821 0.0809801 0.0833893 0.0478897 0.0646641 0.364169  0.28199   0.188814  0.795889  0.46495   0.479567  1.08048   0.777846  0.615546  0.0832564 0.0422554 
data[416       : 447       ]: 0.0271736 0.153494  0.154834  0.0522357 0.18483   0.152102  0.137061  0.0002268210.0120461 -0.016616 0.008314720.0143613 -0.00829898-0.004411190.0222781 0.007792541.97148   2.28317   1.88323   1.09864   1.16388   0.982287  1.43299   1.90166   1.56108   4.4767    4.42289   4.34921   3.52291   3.38455   4.00823   3.2657    
data[448       : 479       ]: 3.57922   3.71673   3.0785    3.14391   4.13628   2.54188   2.4025    3.51735   2.43679   1.90856   3.01552   0.446681  0.0223259 0.0451235 0.36407   0.0440485 0.153967  0.313478  -0.0547197-0.06536772.30671   2.64335   3.0577    1.58773   2.08394   2.02932   1.56616   1.70156   2.29791   1.06878   -0.148608 0.00792354
data[480       : 511       ]: 0.452159  -0.41008  -0.437417 0.883436  -0.455601 -0.193584 1.56157   1.09974   1.5316    1.07833   0.708905  0.90659   1.23462   0.927489  1.40812   0.495481  0.110009  -0.118381 0.504703  -0.00605947-0.176445 0.290275  0.196452  -0.305027 4.55862   5.05746   6.03535   3.49308   3.88045   4.61867   3.77228   3.5471    
data[512       : 543       ]: 5.43131   3.73863   2.93367   3.20685   3.17353   1.97985   2.5474    2.70703   2.34571   2.39375   3.4859    4.28446   4.85944   1.83952   2.17338   3.42064   2.65886   3.18875   3.84638   2.04913   2.24999   2.40613   1.81491   2.11949   1.92141   1.74901   1.44992   1.71337   1.39121   0.972874  0.682472  1.09093   
data[544       : 575       ]: 0.936516  0.684215  0.811905  0.794882  0.326066  9.70758   12.0796   11.6837   8.33862   10.6037   10.8183   7.79494   9.6672    10.0892   2.96102   3.6158    2.65942   2.77064   3.25477   2.43514   2.3473    3.08107   1.63402   0.0361685 -0.04406360.0373574 -0.0407426-0.113835 0.0559477 0.00373047-0.059269 0.0505047 
data[576       : 607       ]: 5.33767   4.94301   5.27295   4.94634   6.00774   5.68352   5.74411   5.71123   6.52847   10.9995   10.7727   10.8176   11.1552   11.6752   11.1283   11.0292   11.1083   11.5695   11.4342   10.0009   9.81159   11.9316   10.44     9.53197   11.9859   10.5057   10.4817   1.21297   1.77425   1.28751   1.66465   2.0224    
data[608       : 639       ]: 1.28734   1.39486   1.84936   1.35269   7.71203   6.88513   7.23316   8.18699   7.21881   7.08438   7.44476   7.48934   7.07969   1.29632   2.52814   1.38259   1.69303   2.76688   1.45309   1.307     2.49301   1.34376   4.03062   3.51433   3.59897   4.13203   4.49685   3.98859   4.0904    3.96712   4.03109   0.48847   
data[640       : 671       ]: 0.836532  0.936666  0.357833  1.15177   0.929614  0.599413  0.768533  0.868833  12.0775   12.683    11.9588   13.0342   12.6074   12.8694   12.754    13.5942   11.9429   9.16181   9.80754   8.75484   9.22681   10.8235   8.85745   9.64905   10.1917   8.85153   13.4575   12.1927   11.1636   14.0952   12.1294   12.1563   
data[672       : 703       ]: 13.7627   11.8279   11.9505   6.57145   6.75807   6.3871    7.24455   7.07966   7.05448   6.52419   7.40963   7.22012   2.3988    2.58449   3.15101   2.26194   2.63408   3.00211   2.58846   2.7674    3.19162   27.5796   25.7098   27.891    28.5289   27.2209   28.1486   29.0731   27.4626   29.4951   6.89013   6.52941   
data[704       : 735       ]: 8.25838   6.49803   6.15789   8.0055    6.79929   7.09425   8.20551   0.361893  0.246795  0.240461  0.535613  0.26784   0.286041  0.470575  0.299319  0.366867  -1.90644  -1.73422  -1.45758  -2.31316  -2.01017  -1.36302  -1.6569   -1.6011   -1.5085   -4.6229   -3.70846  -3.57454  -3.8294   -3.92047  -3.42717  -3.78581  
data[736       : 767       ]: -3.9737   -3.32995  -2.43273  -3.12024  -4.75809  -3.18053  -3.15264  -5.12134  -3.06407  -3.15186  -4.75024  -0.300657 -0.378076 -0.201704 -0.245973 -0.281864 -0.11144  -0.646283 -0.368685 -0.429424 -2.61476  -2.75944  -2.94631  -2.44482  -2.33043  -2.81417  -2.5454   -2.47395  -2.8271   -0.616086 -0.215485 -0.610959 
data[768       : 799       ]: -0.331319 -0.285811 -0.337996 -0.622968 -0.372286 -0.572445 -0.751191 -1.15557  -1.13175  -1.61167  -0.966745 -1.41126  -0.848128 -1.20566  -1.2584   -0.239342 -0.0821207-0.249371 -0.160176 -0.156262 -0.171279 -0.163479 -0.290651 -0.113647 -4.32391  -4.46331  -4.04872  -4.11111  -4.55461  -3.71086  -4.08117  -4.45842  
data[800       : 831       ]: -3.37642  -3.60792  -3.0399   -2.2146   -2.76926  -2.68262  -2.46938  -2.80266  -2.70579  -1.80237  -3.94001  -4.67739  -5.35634  -3.68707  -3.57145  -5.4398   -3.76802  -4.07766  -5.0468   -2.23129  -2.09629  -2.26156  -1.93744  -1.91434  -2.39575  -1.81392  -2.24628  -2.23941  -0.989746 -0.716027 -0.471234 -0.952362 
data[832       : 863       ]: -0.817888 -0.318639 -1.00493  -1.02986  -0.549209 -10.1262  -10.5725  -8.64994  -10.0868  -10.0983  -8.07525  -9.36592  -9.52487  -8.15927  -2.92835  -2.25164  -1.831    -2.63124  -2.2799   -1.66139  -2.69121  -2.44343  -1.5351   -0.0868255-0.108146 -0.14925  0.0109049 -0.108854 -0.160569 -0.0376007-0.0809669-0.173337 
data[864       : 895       ]: 9.40893   10.1163   9.99497   10.2655   10.7567   11.4453   9.77581   10.4549   10.2863   18.9294   19.8777   19.1671   19.9033   20.7864   20.7065   19.6114   20.4461   20.1037   19.468    16.7403   18.7238   20.3232   16.9837   19.6417   19.8504   17.3748   19.3898   2.2765    3.34792   1.62305   2.32517   3.38358   
data[896       : 927       ]: 1.83276   2.47631   3.62617   2.09965   13.0889   12.4539   13.3061   13.6156   13.8419   13.888    13.921    13.0792   13.9351   2.65487   4.42469   1.59289   2.76571   4.70914   1.86801   2.63686   4.47994   1.59008   6.23661   6.58353   6.47413   7.33815   6.90119   7.3609    6.71942   6.96914   6.82195   1.3012    
data[928       : 959       ]: 1.84021   1.36005   1.55773   1.89188   1.44871   1.23366   1.96718   1.3729    22.4173   23.3882   23.2944   23.4979   24.3188   24.305    23.2669   24.1305   24.0532   15.2516   18.9827   14.1908   15.7864   19.8851   14.7252   15.4147   20.1301   14.5945   22.1833   20.5687   22.3559   23.4876   21.03     23.2592   
data[960       : 991       ]: 23.2781   21.3217   23.204    11.6187   12.1361   12.062    12.3983   12.7112   12.4668   12.1228   12.6316   12.1141   4.41649   4.95028   4.94094   4.50178   5.04634   4.98544   4.83336   5.30171   5.14817   47.5603   50.9816   51.6473   49.172    51.7793   53.1363   49.1842   53.3189   53.6569   12.5811   13.4821   
data[992       : 1023      ]: 14.867    12.8295   13.6985   15.0449   13.0854   14.1358   15.3212   0.80156   0.451457  0.703447  0.848805  0.300313  0.681081  0.854329  0.402748  0.748313  1.88699   2.35891   2.28659   2.21794   2.49314   2.10694   2.54996   2.52995   2.4125    5.5188    5.12297   5.48454   4.69532   4.77287   5.23387   5.64962   
data[1024      : 1055      ]: 5.13368   5.95439   4.42755   3.98755   5.59214   4.50391   4.37657   5.20792   4.66869   4.31419   6.56178   0.654234  0.212412  0.446628  0.804166  0.205879  0.55296   0.549929  -0.09747250.278693  3.15415   2.53816   4.03387   3.11294   3.16725   3.50778   3.27949   2.49117   3.97764   0.954704  0.156166  0.280964  
data[1056      : 1087      ]: 0.78187   0.259357  0.38995   0.939328  0.0986368 0.447751  1.93748   1.37194   1.82863   2.14225   2.077     2.25579   2.15759   1.53156   2.18141   0.241801  0.21662   -0.07727050.147132  0.322803  -0.01757510.420095  0.250633  0.0260777 6.21661   6.11775   6.76213   5.78119   6.08243   5.68019   5.7405    5.9998    
data[1088      : 1119      ]: 6.73212   4.78223   3.67468   3.68876   4.56698   3.37761   3.55076   4.61179   3.42095   3.76793   4.54119   5.416     6.31296   4.54505   4.74384   6.27411   4.84037   5.47503   6.0895    2.92589   3.38561   3.00615   3.21321   3.14963   3.08779   2.73      2.84999   2.95247   1.04823   1.30627   0.537435  0.904738  
data[1120      : 1151      ]: 1.50597   0.699616  0.909269  1.16812   0.809491  12.9701   12.9976   13.5782   12.3593   14.0035   13.1384   13.0628   13.1285   14.0739   3.60235   3.43789   3.1676    3.04027   3.82899   3.04783   3.41192   4.00007   2.796     0.0226612 0.0779627 0.18255   -0.041334 0.0881355 0.0641891 0.001211030.0481902 0.0962866 
data[1152      : 1183      ]: -1.84516  -2.84321  -2.68122  -3.38222  -3.46188  -3.80999  -2.86494  -3.47839  -3.29089  -4.97175  -5.57416  -5.59379  -6.30907  -6.42367  -6.70807  -6.14277  -6.5153   -6.43204  -5.12808  -5.43959  -4.71084  -6.21816  -6.33255  -5.91745  -6.16937  -6.10703  -5.7769   -1.01103  -0.446046 -0.86016  -1.05678  -0.54662  
data[1184      : 1215      ]: -0.984438 -0.991214 -0.604701 -0.546135 -3.73786  -3.82852  -4.12077  -3.71408  -4.33556  -3.35711  -3.93522  -4.12497  -4.42693  -1.2113   -0.532923 -0.671537 -1.11367  -0.985656 -1.12243  -1.26839  -0.594174 -0.833341 -1.79772  -2.36717  -1.96031  -2.838    -1.97635  -2.53065  -2.63123  -2.57095  -2.56425  -0.211303 
data[1216      : 1247      ]: -0.754743 -0.353572 -0.300132 -0.477961 -0.290691 -0.271638 -0.724026 -0.44671  -7.57271  -6.05941  -7.46324  -8.275    -7.17745  -7.97861  -8.37292  -7.48267  -8.22096  -6.33046  -4.64438  -5.72423  -6.04812  -4.83186  -6.22777  -6.66595  -5.53895  -6.45252  -6.689    -6.20894  -6.65063  -7.07372  -6.68915  -6.88107  
data[1248      : 1279      ]: -8.14827  -7.40494  -7.84673  -3.80826  -3.40085  -3.60874  -4.25735  -4.15111  -4.7518   -4.39588  -3.99973  -4.00848  -0.9758   -1.36745  -1.20516  -1.21094  -1.4143   -1.66885  -1.30777  -1.31171  -1.49935  -13.9147  -15.0491  -14.7426  -15.7498  -16.5738  -15.5708  -16.2549  -16.6517  -16.2988  -3.15453  -4.95478  
data[1280      : 1311      ]: -3.87031  -3.08794  -4.82393  -4.14333  -3.64254  -5.60428  -4.34137  -0.113812 -0.13854  -0.186494 -0.129203 -0.120352 -0.294522 -0.075941 -0.154629 -0.289124 -0.783049 -0.539625 -0.722801 -1.50721  -0.585727 -1.5014   -1.00241  -1.04887  -0.541417 -2.01755  -1.59867  -1.96482  -2.86821  -1.46515  -2.11485  -3.28781  
data[1312      : 1343      ]: -2.35459  -2.63772  -2.39696  -1.53422  -0.663689 -2.20498  -2.59772  -1.19723  -3.02476  -2.49466  -1.19044  -0.21252  0.336629  -0.501742 0.0469322 -0.0140065-0.207452 -0.113915 0.338424  -0.464001 -1.49668  -1.5717   -0.885048 -2.6489   -2.05208  -2.31328  -2.50953  -2.0291   -1.52647  -0.200595 0.208223  -0.511363 
data[1344      : 1375      ]: -0.60733  0.0140631 -0.967199 -0.133671 0.144909  -0.753066 -0.849309 -0.274462 -0.780086 -0.806142 -0.745164 -0.612174 -0.920236 -0.469111 -1.01029  0.208914  0.0714511 -0.137259 0.0762745 0.0578318 -0.08133270.0656583 0.0503831 -0.208911 -3.11126  -1.50543  -2.40275  -3.69674  -3.2155   -2.98668  -4.07149  -2.80608  
data[1376      : 1407      ]: -3.53699  -1.98834  -0.740546 -2.69762  -2.67766  -0.464412 -4.06536  -2.84117  -1.2969   -3.74554  -1.79365  -2.61688  -0.29406  -3.19517  -4.10688  -1.71858  -3.54035  -3.83607  -1.40163  -1.22437  -0.23207  -0.917834 -1.7798   -1.88551  -1.18481  -1.77876  -0.464383 -1.59298  0.147833  -0.117723 -0.241316 -0.345736 
data[1408      : 1439      ]: -0.138045 -0.312356 0.20748   -0.0696408-0.517832 -5.67479  -3.44897  -4.4786   -7.51466  -4.5947   -5.91827  -8.25354  -5.91545  -6.54311  -0.745158 0.0969858 -0.773526 -1.33401  -0.776825 -1.18052  -1.45646  -0.422917 -1.0763   0.0434216 -0.0420265-0.04528190.11303   -0.04600070.113585  0.0867674 -0.110626 -0.0565828
data[1440      : 1471      ]: -0.02616490.0880577 0.0580334 0.009463360.0842041 0.0215924 0.176422  -0.0353228-0.042274 0.204212  0.335385  0.22211   0.144743  0.159169  -0.07156010.142715  0.0607777 0.0754275 0.179731  0.282693  0.636999  0.20482   0.107906  0.33503   0.169722  0.223359  0.416429  0.0215418 0.0373034 -0.0422392-0.009029890.0252452 
data[1472      : 1503      ]: 0.0128608 -0.0216111-0.0350388-0.02453650.239667  0.126886  0.28205   -0.01772660.0631629 0.108714  0.0977175 0.100288  0.0166358 0.009527710.006615950.00708857-0.102451 -0.07766810.00883101-0.0470884-0.0262515-0.0007474570.0085029 0.146679  0.0853282 0.0657112 0.0251562 0.0860588 0.0599587 0.0005680660.0827334 0.0257139 
data[1504      : 1535      ]: 0.0122992 0.0366361 0.0168098 -0.0318553-0.00713967-0.000542481-0.01583470.0225082 0.241421  0.36002   0.147429  0.109778  0.165639  0.0777359 0.1337    0.345503  -0.03634670.149357  0.289888  0.156273  -0.07222810.0726192 -0.0666281-0.146108 0.178891  0.0647936 0.15698   0.357296  0.573644  0.0176616 0.0608509 0.28081   
data[1536      : 1567      ]: 0.167783  0.352905  0.356992  0.0690283 0.292771  0.113212  -0.004216130.13765   0.093444  0.0263812 0.190289  -0.04378220.0877199 0.0390604 0.033669  0.00100365-0.00688717-0.04093430.111131  0.0360594 -0.002503420.603686  0.795927  0.314192  0.428553  0.375545  0.125987  0.288483  0.396033  0.088321  0.224586  0.155552  
data[1568      : 1599      ]: 0.0604964 0.150359  0.107039  0.008080910.102141  0.141816  0.00525665-0.00735729-0.0508271-0.004890360.0230945 0.0447259 0.0375956 -0.0135834-0.04742750.0421961 0.0938477 0.0282441 0.0388935 0.0893319 0.0263701 0.067782  0.107031  0.0683038 0.0502055 0.23867   0.101734  0.152677  0.221811  0.065281  0.10131   0.235425  
data[1600      : 1631      ]: 0.0301493 0.250738  0.330251  0.278873  0.304013  0.208887  0.507578  0.0177065 0.28102   0.439093  0.233491  0.0900511 0.0169558 0.104356  0.169601  0.0278236 0.126959  0.090588  -0.002217260.171749  0.271925  0.0647195 0.0792503 0.185271  0.0491418 0.197437  0.179908  0.222164  -0.09915290.200807  0.0287951 0.209918  
data[1632      : 1663      ]: 0.203269  0.0190405 0.220334  0.160221  0.0109261 0.167951  0.141153  -0.02622310.0868476 0.0738686 0.0526888 -0.005219390.178766  0.0132705 -0.006358590.0256333 0.0652996 0.0393006 -0.023414 0.0306029 0.082434  0.0489623 0.0977494 0.0607549 0.379726  0.172171  0.211951  0.307315  0.0750249 0.164555  0.326815  0.204368  
data[1664      : 1695      ]: 0.23223   0.489019  0.0781866 0.385754  0.473517  0.002727640.417716  0.609809  0.0283987 0.313208  0.26744   0.386189  0.0573914 0.326296  0.35712   0.124003  0.241384  0.340564  0.138404  0.158365  0.217603  0.215264  0.288905  0.11535   7.27847e-050.0797329 0.0610393 0.193906  -0.03897480.0438149 -0.01315110.0458056 
data[1696      : 1727      ]: 0.0285277 0.0377    0.129548  0.0414342 0.009891690.69045   0.16376   0.290852  0.642491  0.127837  0.175093  0.538724  0.266893  0.295636  0.0752555 0.162313  0.102261  0.0129825 0.183676  0.0832811 0.0678241 0.151204  0.171024  0.0150821 0.0882892 -0.000885894-0.01890230.006485340.002648670.004545920.0509215 0.0253611 
data[1728      : 1759      ]: 11.4679   12.1804   12.1957   13.6285   13.4353   13.8361   12.2661   12.3618   11.6856   23.0535   24.9514   25.5991   24.1216   25.9538   26.4269   24.6418   26.0454   26.456    20.6475   21.3675   24.4167   22.2929   21.9036   26.2989   22.4699   22.4466   25.5639   2.61067   2.52781   2.83573   2.43961   2.67275   
data[1760      : 1791      ]: 2.30867   3.13817   2.79592   2.82281   14.9304   16.3331   17.1982   16.6336   17.0895   18.8631   16.1614   17.2603   18.2384   2.65663   2.76585   2.1718    3.09582   3.27653   2.81848   2.88572   2.98508   2.64229   8.27483   8.66413   8.77764   8.56222   8.35298   8.99356   8.54169   8.93772   9.18307   1.72068   
data[1792      : 1823      ]: 1.53063   1.2266    1.94823   1.25419   1.20263   1.75847   1.53704   1.18235   27.5045   29.3492   29.4375   28.2303   31.2952   30.9358   28.5958   30.4889   31.1122   18.3582   20.6682   19.3229   19.6215   20.7394   20.6943   19.292    21.4999   20.3764   24.8383   26.2627   28.5816   26.2768   27.5371   30.5987   
data[1824      : 1855      ]: 26.9556   27.4536   29.5944   14.4581   14.4922   15.7659   14.1049   15.7572   16.3507   14.7753   14.9573   16.4322   5.63578   5.96918   5.2093    5.93882   5.8861    5.14187   6.0152    6.67803   5.71987   59.0604   65.0173   64.5329   62.9021   66.8188   67.1323   62.7278   68.025    67.3129   17.7723   16.7702   
data[1856      : 1887      ]: 16.7396   17.6302   17.2796   16.8905   18.2049   17.3292   16.7496   0.447181  0.53331   0.63851   0.616929  0.449756  1.00609   0.528374  0.435142  0.640737  1.07903   0.894417  0.830815  1.19531   0.6573    1.09398   0.706528  1.23113   1.10378   1.17616   1.35099   1.00752   2.08378   1.75583   2.37737   1.26516   
data[1888      : 1919      ]: 2.15983   0.921638  1.27356   1.46791   1.3955    1.66955   1.89028   1.27751   1.47922   2.09255   1.28523   0.44962   0.0458523 0.171982  0.326596  0.166329  0.119878  0.461401  0.210565  0.263924  0.606921  1.2668    0.916911  1.2705    1.27707   1.14869   0.893629  1.39326   1.14864   0.472144  0.115914  0.0604186 
data[1920      : 1951      ]: 0.786449  0.105456  0.206062  0.522862  0.0935712 0.124363  0.532369  0.346141  0.631019  0.708194  0.501299  0.879906  0.917642  0.460134  0.505577  0.301525  0.177153  -0.09827310.440512  0.161256  0.0777116 0.387172  0.122409  -0.009452971.84169   1.72791   1.9871    2.17277   1.92907   2.33282   2.51468   2.11261   
data[1952      : 1983      ]: 2.30004   1.76956   0.632951  1.31585   1.63003   1.3697    1.58259   2.36763   1.27183   1.60118   0.974318  2.00366   2.04384   1.76447   2.34965   2.24934   1.79105   1.97734   1.94525   0.835254  0.820546  0.82949   0.770011  1.33495   1.3114    1.34689   1.13205   1.28424   0.645298  -0.04735650.287884  1.12632   
data[1984      : 2015      ]: 0.522075  0.223249  0.638117  0.184167  0.361657  3.46468   4.80654   4.30617   4.24168   4.8032    4.6209    4.33303   5.42217   4.95337   1.35481   1.23455   1.03356   1.29288   1.16104   0.918909  1.54164   1.69451   1.35239   0.0416837 -0.02701  -0.01177660.003927330.002907490.0412738 -0.009296190.001212870.0570214 
data[2016      : 2047      ]: -4.84645  -4.07474  -4.11672  -4.23054  -3.57026  -3.28183  -3.79011  -3.38449  -3.80289  -7.39798  -8.0336   -6.48003  -8.45129  -8.0458   -6.62761  -6.72198  -6.99652  -5.29622  -8.14198  -7.98517  -8.31901  -7.82606  -7.36959  -7.83059  -7.10602  -6.91395  -7.10652  -0.431507 -1.53588  -0.70672  -0.634567 -1.26014  
data[2048      : 2079      ]: -0.778621 -0.909076 -1.76721  -1.0938   -5.15129  -5.42291  -4.70624  -4.67338  -4.87748  -4.89074  -5.23248  -5.42983  -4.80773  0.180677  -1.59528  -0.727823 0.169079  -1.50489  -0.573159 0.216955  -1.59043  -0.77668  -2.52275  -2.63319  -2.61064  -2.1304   -2.75029  -2.27166  -2.40646  -2.29546  -2.09331  -0.0764666
data[2080      : 2111      ]: -0.315899 -0.480122 -0.165603 -0.545904 -0.638849 -0.0380113-0.358539 -0.394074 -9.46209  -9.63006  -7.68787  -9.69447  -8.58727  -8.10797  -8.28068  -8.7561   -6.58342  -4.0728   -8.44831  -4.38943  -3.99482  -8.26045  -3.92215  -3.81401  -7.65759  -3.98416  -9.84369  -9.14141  -8.92412  -9.68204  -8.3428   -9.43039  
data[2112      : 2143      ]: -8.60559  -8.48964  -8.30667  -4.3594   -5.41506  -4.11536  -4.67271  -5.22121  -4.99115  -4.42076  -5.19341  -4.29274  -1.63568  -1.29884  -1.75418  -1.7559   -1.4838   -1.57077  -2.10947  -1.33346  -1.95592  -21.2022  -20.0093  -17.1935  -20.102   -19.6333  -16.4841  -18.8247  -19.0034  -15.3808  -5.43193  -4.09943  
data[2144      : 2175      ]: -3.75066  -5.05132  -3.70795  -4.38623  -4.54824  -4.03317  -4.49824  -0.328392 -0.170871 -0.445986 -0.392743 -0.198699 -0.382725 -0.34761  -0.135596 -0.552953 -0.116327 0.104679  -0.151666 -0.431182 -0.54254  -0.462046 -0.193198 -0.00155125-0.277256 -0.199565 -0.0513825-0.39818  -0.777041 -0.428363 -0.572346 -0.629506 
data[2176      : 2207      ]: -0.686169 -0.429907 -0.13765  -0.442837 0.709848  -0.465382 -0.736846 0.404344  -0.553516 -0.902251 0.376953  -0.035622 0.0213399 -0.04460770.028587  -0.035957 -0.162373 -0.141654 -0.0250714-0.189159 -0.165639 -0.04448420.0712891 -0.469871 -0.189653 -0.459669 -0.710306 -0.521417 -0.169324 0.0082136 -0.0401891-0.361979 
data[2208      : 2239      ]: -0.159238 -0.197477 -0.544189 -0.0102668-0.0285705-0.494011 -0.151041 0.0881484 -0.0213176-0.323799 -0.388069 -0.105902 -0.0737856-0.0557219-0.170831 -0.001741610.0169011 -0.0032132-0.02546510.000139551-0.131772 0.0173884 -0.00797349-0.0924445-0.451163 0.107477  0.0495398 -0.625683 -0.544817 -0.760908 -1.0731   -0.406081 
data[2240      : 2271      ]: -0.432742 -0.24293  0.22517   -0.842232 -0.766169 -0.0292383-1.024    -0.54898  -0.161196 -1.24949  -0.258922 0.0294253 0.599484  -1.19669  -1.44755  -0.288536 -0.771392 -0.891404 0.214008  -0.167577 -0.324533 0.00893927-0.1542   -0.529938 -0.499201 -0.57483  -0.578789 -0.45802  -0.01481930.0562157 -0.0403125-0.133967 
data[2272      : 2303      ]: 0.0348354 -0.03408  -0.07206620.0343834 -0.188944 -0.515346 0.494361  -0.418413 -1.44922  -0.694345 -0.688312 -1.84188  -0.763269 -1.39948  -0.08485270.409965  -0.00581106-0.219066 -0.027368 -0.453006 -0.265678 -0.0894977-0.44206  -0.00938613-0.04774230.108633  -0.00329674-0.06827290.121439  0.005076670.0716411 -0.00512577
data[2304      : 2335      ]: -0.622091 -0.417517 -0.544507 -0.414943 -0.280129 -0.651567 -0.646031 -0.519791 -0.85903  -0.495761 -0.692669 -0.882959 -0.575472 -1.08733  -1.02283  -0.47218  -0.783233 -0.902569 -0.485143 -0.165709 -0.658603 -0.420891 -0.530358 -0.61359  -0.809351 -0.249403 -0.770935 0.0136261 -0.161564 0.107053  -0.0272638-0.441681 
data[2336      : 2367      ]: 0.10601   0.0672776 -0.15556  0.0747339 -0.126391 -0.0839707-0.399096 -0.353256 -0.57729  -0.365131 -0.340391 -0.364481 -0.511679 -0.0392664-0.534981 0.284504  -0.0643419-0.517136 0.0857055 -0.0338378-0.68144  0.0748452 -0.00486473-0.11637  -0.349436 -0.144087 -0.197612 -0.156613 -0.278591 -0.471602 -0.350118 -0.164664 
data[2368      : 2399      ]: -0.111485 -0.0616385-0.324888 -0.065812 -0.190472 -0.245944 -0.242252 0.00655765-0.177906 -0.888449 -0.630665 -0.45372  -1.16625  -0.875088 -0.28881  -1.03308  -1.22676  -0.0128592-0.960579 -0.0374131-0.00884251-1.4843   -0.365902 -0.0117328-1.25897  -0.227406 -0.375629 -0.323279 -0.839935 -0.658826 -0.664178 -0.875572 
data[2400      : 2431      ]: -0.797548 -0.484942 -1.06991  -0.115725 -0.343839 -0.152672 -0.33593  -0.549109 -0.259854 -0.299109 -0.470217 -0.302039 -0.40598  -0.206752 -0.382219 -0.506319 -0.205185 -0.364663 -0.287668 -0.226492 -0.343655 -0.808105 -1.58984  -2.25094  -1.10589  -1.83974  -2.37348  -1.2188   -2.10851  -2.81582  -1.07015  -0.235948 
data[2432      : 2463      ]: -1.14173  -1.18426  -0.305778 -0.999547 -1.3613   -0.266336 -1.27016  -0.067093 0.0365836 -0.0131512-0.0700555-0.004600770.0225749 -0.09436890.0343096 -0.0213502-0.724942 -0.933261 -0.864069 -0.207542 -0.422771 -0.418746 -0.460019 -0.641233 -0.425043 -1.26563  -1.21711  -1.67204  -0.927869 -1.19829  -1.44538  -1.06847  
data[2464      : 2495      ]: -0.55669  -1.52276  -1.55283  -1.04272  -1.34     -1.16081  -1.03105  -1.38565  -1.70214  -0.411642 -1.25977  -0.555543 -0.30797  -0.169792 -0.497983 -0.271885 -0.175855 -0.513044 -0.31125  -0.33344  -0.738965 -0.85719  -1.12644  -0.609824 -0.758023 -0.823272 -0.653079 -0.532383 -1.11398  -0.747141 -0.489041 -0.190745 
data[2496      : 2527      ]: -0.838114 -0.24315  -0.252141 -0.775551 -0.433099 -0.158857 -0.554699 -0.503688 -0.677958 -0.564144 -0.483123 -0.30694  -0.446845 -0.471167 -0.414654 -0.23719  -0.275022 -0.188064 -0.335144 -0.290292 -0.127777 -0.343522 -0.28255  -0.220898 -1.54874  -1.24859  -1.69448  -1.72913  -1.47886  -1.5304   -1.1367   -1.10829  
data[2528      : 2559      ]: -1.36114  -1.94315  -1.4601   -1.30016  -1.87453  -0.786767 -1.09259  -1.76369  -1.17521  -1.22289  -1.26622  -1.07191  -1.46294  -1.51251  -0.984348 -1.46054  -1.18422  -1.08419  -0.995044 -0.870736 -0.485959 -1.02269  -0.729834 -1.02787  -0.804353 -0.844457 -0.316687 -0.876002 -0.337052 -0.552684 -0.363282 -0.34203  
data[2560      : 2591      ]: -0.529155 -0.356017 -0.388326 -0.594211 -0.431476 -3.03505  -3.4716   -3.55917  -2.7593   -2.63872  -3.72181  -2.12051  -2.95012  -3.22653  -0.389688 -1.24826  -1.29144  -0.562643 -1.70843  -1.18956  -0.466462 -1.32699  -0.992971 -0.121567 -0.0616466-0.0221995-0.08482260.00506846-0.0746708-0.131029 -0.0489138-0.0434764
data[2592      : 2623      ]: -0.016142 -0.0486916-0.0372956-0.0200587-0.006511920.0481801 -0.0223539-0.00376447-0.0199618-0.00591121-0.0768621-0.0526375-0.0244481-0.102472 -0.05003670.000950672-0.0364486-0.0264229-0.02519010.00870165-0.0632631-0.0814578-0.03676710.016016  -0.03479560.03201   -0.0458522-0.00271464-0.00452758-0.00108680.0171692 -0.0168216
data[2624      : 2655      ]: -0.001704650.0100534 -0.01810780.0182088 -0.010108 -0.0433894-0.0222307-0.0106822-0.0205235-0.028899 -0.00770106-0.0656053-0.019411 -0.0171767-0.0248373-0.0106434-0.00175033-0.002725550.003788420.017314  -0.00197896-0.03762610.00400233-0.06098390.0048562 -0.01276150.0172568 -0.0220124-0.0460694-0.0243231-0.0135389-0.00971003
data[2656      : 2687      ]: -0.00753930.001866570.00724053-0.01729260.0144826 0.006733850.002835560.0122306 -0.04139920.00232521-0.100233 0.0022164 -0.0958435-0.0493579-0.0344144-0.0526713-0.02475650.0105975 -0.095918 -0.07250460.0322528 -0.0345793-0.04317110.0531968 -0.0479259-0.0967852-0.025467 -0.0655777-0.05363870.00752879-0.05125780.064095  
data[2688      : 2719      ]: -0.100915 -0.03859520.0368468 0.0299779 -0.065054 -0.0789522-0.02251250.0262705 -0.0114745-0.036862 -0.074185 -0.079497 -0.0225525-0.00123464-0.00886285-1.27633e-050.00339216-0.05903910.0166622 -0.0344233-0.017292 -0.0338614-0.138062 -0.210347 -0.0557764-0.09883  -0.135756 -0.00748336-0.0644303-0.143236 -0.0319027-0.1003   
data[2720      : 2751      ]: -0.03389420.0295823 -0.0471159-0.01351090.0218796 -0.0331043-0.07382520.00314869-0.0244858-3.34727e-050.00726594-0.030901 -0.00946203-0.00283363-0.0328175-0.00954815.16994   5.70652   5.44355   5.83249   6.36809   6.24952   5.15004   6.40922   5.62548   9.13404   10.8649   10.8462   9.4623    10.7986   11.0736   9.10016   
data[2752      : 2783      ]: 11.384    11.6738   7.80833   7.43507   11.137    7.43921   8.41167   10.4495   7.2044    8.81423   11.7343   1.21607   0.782799  0.77768   1.27258   0.561126  0.705976  1.3592    0.950964  0.963899  5.64441   7.39273   8.02141   6.12431   6.90605   8.13715   6.17881   7.74901   8.27283   1.72787   0.669396  0.352542  
data[2784      : 2815      ]: 2.06667   0.555979  0.486353  1.78261   0.560575  0.580002  3.57965   3.92921   4.09232   3.36305   3.75543   3.86237   3.21792   3.08264   3.67001   1.13811   0.709552  0.0963886 1.45669   0.543844  0.155065  1.15501   0.530672  0.1025    11.1722   12.8261   13.8291   11.1187   13.0317   14.2079   10.6456   13.0972   
data[2816      : 2847      ]: 12.7863   7.48944   7.63317   7.37761   9.09422   7.61911   7.90996   8.63505   7.1977    8.21936   8.76163   10.9084   13.0921   9.37245   11.0942   14.0615   8.84297   11.2525   13.1003   5.66621   6.16526   7.26923   5.26167   7.08038   6.43627   5.98166   6.54828   7.69562   2.93719   2.63758   1.85077   2.9856    
data[2848      : 2879      ]: 2.62458   1.8381    2.77601   2.87898   2.1049    24.9737   30.0002   30.0798   26.3039   30.431    30.8295   25.1468   31.1461   30.3878   7.839     8.18828   6.67861   8.16597   9.00168   6.44757   8.69995   9.18288   6.77721   0.138492  0.116991  0.131815  0.0651932 0.0816288 0.213368  0.115995  0.0908597 0.213496  
data[2880      : 2911      ]: -0.192578 -0.44844  -0.219061 -0.104587 -0.366054 -0.290422 -0.175841 -0.527606 -0.26071  -0.529011 -0.505165 -0.400404 -0.383123 -0.50641  -0.545379 -0.540188 -0.328602 -0.575567 -0.394872 -0.313427 -0.777575 -0.402806 -0.209007 -0.767024 -0.65383  -0.115726 -0.885555 -0.493967 -0.0234307-0.150888 -0.582892 0.00971149
data[2912      : 2943      ]: -0.0547872-0.591566 -0.00570724-0.0345013-0.214679 -0.312207 -0.433939 -0.266148 -0.191805 -0.512209 -0.30745  -0.142682 -0.517704 -0.859048 -0.0259324-0.11862  -0.838511 -0.0376585-0.168376 -0.964227 -0.02046  -0.0755484-0.250915 -0.0819745-0.136269 -0.281381 -0.152655 -0.236935 -0.0711675-0.126411 -0.367673 -0.31598  
data[2944      : 2975      ]: -0.244119 -0.0867248-0.322985 -0.304516 -0.0417697-0.285874 -0.257973 0.00992724-0.59817  -0.38351  -0.642058 -0.825404 -0.294799 -0.669116 -0.584858 -0.18902  -0.648751 -1.6702   -0.144806 -0.585744 -1.68453  -0.119435 -0.704476 -1.63061  -0.0719635-0.481415 -0.321754 -0.311002 -0.795739 -0.254924 -0.230552 -1.00883  
data[2976      : 3007      ]: -0.149656 -0.339285 -0.916515 -0.297487 -0.281901 -0.412353 -0.305827 -0.267425 -0.454384 -0.421795 -0.100278 -0.548277 -0.161955 -0.438594 -0.133509 -0.147382 -0.423    -0.128995 -0.217214 -0.50334  -0.0893376-0.771081 -1.29552  -1.41549  -0.752083 -1.39433  -1.47515  -0.936573 -1.20755  -1.33361  -0.145102 -1.16329  
data[3008      : 3039      ]: -0.265652 -0.10775  -1.11728  -0.0973218-0.129954 -1.07193  -0.205261 -0.0105004-0.0818451-0.065986 -0.00575761-0.0441023-0.06074460.000423873-0.0550167-0.0268183-2.18218  -2.03028  -2.70919  -2.69934  -2.94871  -3.16532  -2.80349  -2.66781  -2.4655   -4.34712  -4.54491  -4.88823  -4.92331  -4.83739  -5.15191  -5.14482  
data[3040      : 3071      ]: -5.60566  -5.75202  -4.23754  -3.9585   -4.37964  -4.74728  -4.08163  -5.75761  -4.51743  -5.03957  -5.79157  -0.672584 -0.485123 -0.394267 -0.760894 -0.582339 -0.473721 -0.931209 -0.79382  -0.612378 -3.12486  -2.97091  -3.46111  -3.28498  -2.92893  -3.94622  -3.66804  -3.82744  -4.0039   -1.12749  -0.743609 -0.52869  
data[3072      : 3103      ]: -1.17582  -0.951496 -0.333153 -1.13622  -0.774093 -0.394924 -1.48508  -1.51816  -1.4463   -1.73877  -1.94169  -2.14611  -1.92151  -1.89576  -1.66637  -0.67388  -0.376799 -0.301644 -0.40174  -0.262204 -0.18466  -0.712961 -0.401668 -0.334626 -5.06211  -5.79156  -5.19407  -5.83688  -6.28123  -6.04562  -5.73979  -6.52278  
data[3104      : 3135      ]: -6.76454  -3.94517  -3.77832  -3.31129  -5.08288  -4.21494  -3.79818  -4.14379  -4.08312  -4.31589  -4.80407  -4.92978  -5.72609  -5.45423  -6.01199  -6.46594  -5.50857  -5.18115  -6.48775  -2.88406  -2.97072  -3.663    -2.93648  -2.90619  -3.03336  -3.76388  -2.80008  -3.17338  -1.30098  -1.33183  -1.20615  -0.974798 
data[3136      : 3167      ]: -1.39921  -1.1495   -1.67779  -1.64243  -1.48623  -10.9104  -12.1099  -11.9029  -12.1492  -13.5737  -13.3941  -12.645   -13.635   -14.2344  -3.09708  -3.50036  -3.48294  -3.45857  -3.79403  -3.75119  -3.51367  -3.26231  -3.41699  -0.00569726-0.0559992-0.161627 -0.135157 -0.0790882-0.300437 -0.0145156-0.0899622-0.053117 
data[3168      : 3199      ]: 0.166432  1.01018   0.679212  1.43866   1.54815   1.73789   1.16301   1.37813   1.09403   2.42362   2.02782   1.83735   3.34481   2.65708   2.74591   3.91851   3.28165   2.56835   1.95252   1.83317   0.486538  3.25177   1.64247   1.3174    3.09983   2.7393    1.07843   0.221548  0.325535  0.58146   -0.04209420.456476  
data[3200      : 3231      ]: 0.501268  0.0363081 0.532975  0.329363  1.87584   1.39644   0.962388  2.40165   1.04068   1.05042   2.08235   1.60308   1.37576   -0.447125 0.662911  0.577971  -0.515568 0.902171  0.470908  -0.371263 0.823475  0.491876  0.151102  1.03747   0.152426  1.22479   0.775967  0.661121  0.658645  1.18892   0.722984  -0.609664 
data[3232      : 3263      ]: 0.0727698 0.360122  -0.74624  0.0137788 0.403966  -0.73398  0.126531  0.375272  2.92264   1.83145   1.5753    2.81155   3.14593   1.98927   3.78203   2.65011   2.41846   1.96173   1.8549    2.02764   1.66151   2.59368   2.55955   2.06751   2.879     2.54207   3.29277   2.16263   1.48242   3.95956   3.01792   1.79053   
data[3264      : 3295      ]: 4.76608   2.70519   2.47687   1.62224   1.20424   0.231305  2.22976   1.6145    1.7069    1.92007   1.18166   0.93571   -0.434128 0.587125  0.333553  -0.07766570.417832  0.838182  -0.445842 0.378582  0.427872  5.01023   3.26924   3.82036   6.17701   4.33867   4.90754   6.43846   5.0975    5.42654   -0.851685 -0.124587 
data[3296      : 3327      ]: 1.35507   0.279417  0.514106  2.11797   -0.220419 0.0907581 2.10522   0.0275142 0.0741846 -0.121551 0.233795  0.163011  -0.0953569-0.08187530.12311   -0.210781 0.0355767 -0.118926 -0.120755 -0.049662 -0.117481 -0.08871760.0234648 -0.0285919-0.105093 -0.0225458-0.14262  -0.13524  -0.0121065-0.106495 -0.106982 0.0439646 
data[3328      : 3359      ]: -0.116367 -0.231989 0.0215069 0.0487562 -0.109209 -0.0339995-0.0803527-0.0551175-0.0075882-0.125225 -0.160557 0.00484876-0.0197545-0.005500470.0134449 -0.00307846-0.01015350.0155341 0.00135002-0.03670660.00139971-0.0358723-0.09249730.0100305 -0.0289122-0.140196 -0.0585097-0.0227808-0.0183434-0.01348110.00818373-0.0167566
data[3360      : 3391      ]: -0.0117188-0.00695204-0.06649590.0136836 -0.0176797-0.03562010.0150843 -0.0429493-0.09082020.0128444 -0.041159 -0.09218  0.0193926 0.00483206-0.135879 0.00156746-0.0123217-0.004676560.00100317-0.00763864-0.00833672-0.0203634-0.0145116-0.01616530.0866496 -0.0993786-0.231509 -0.0125855-0.0508756-0.08562130.0575347 -0.0549065
data[3392      : 3423      ]: -0.134734 0.0167541 -0.0512105-0.117378 0.0232488 -0.0898916-0.157434 -0.00718097-0.093019 -0.204386 0.00372116-0.188534 -0.160271 -0.00559077-0.0237369-0.05264110.0410229 -0.0295212-0.129668 0.0883243 -0.0219458-0.0811016-0.0286289-0.0624707-0.06897620.029573  0.0359952 -0.0499826-0.000591924-0.0347444-0.0381144-0.0335882
data[3424      : 3455      ]: -0.089792 -0.06431930.0259037 -0.0644174-0.0284444-0.049727 -0.291548 -0.342722 -0.0250265-0.231557 -0.414285 0.0216513 -0.304792 -0.452656 -0.0774179-0.172472 -0.05009  -0.0338679-0.189861 -0.05204830.0649201 -0.192376 -0.0664209-0.00913961-0.0128475-0.000142515-0.00867769-0.0147401-0.00811307-0.00469768-0.0126066-0.00427574
data[3456      : 3487      ]: 1.85967   1.77032   2.13336   2.808     2.78828   3.00068   2.08998   1.84787   2.16346   3.22825   4.46431   3.97395   4.03007   4.52395   4.21204   3.23197   4.57204   4.64683   2.28449   3.41017   4.15228   2.93304   3.51157   4.56629   3.16622   3.65581   4.74833   0.275417  0.604733  0.372378  0.131685  0.682366  
data[3488      : 3519      ]: 0.328475  0.243329  0.741148  0.398207  1.70345   2.65645   2.29953   2.5235    2.94242   3.45985   2.27852   2.623     3.32892   0.0636341 0.672616  0.372355  0.275158  0.969479  0.502549  0.173208  0.637326  0.370506  0.912891  1.22225   1.06327   1.30612   1.58702   1.65086   1.54294   1.70143   1.52146   0.66613   
data[3520      : 3551      ]: 0.180899  0.313645  0.692815  0.0219105 0.361541  0.700212  0.284627  0.266808  3.44109   4.6142    4.55228   3.76106   5.46579   5.40042   4.31886   5.6057    5.24424   1.92344   3.6343    3.00235   2.23604   4.23634   3.25928   1.88242   4.02956   3.22596   2.86272   4.40364   5.18995   3.95397   5.00271   5.34857   
data[3552      : 3583      ]: 3.71026   4.51595   6.1894    2.00832   2.90062   2.49671   1.78262   2.90001   2.62297   2.16941   2.95963   2.95466   1.1148    0.722756  0.794887  1.29901   0.801862  1.071     1.54241   1.38624   1.14709   8.5588    10.7743   10.0458   10.0964   11.4419   11.3923   9.77234   11.4505   11.6378   4.18125   2.5893    
data[3584      : 3615      ]: 3.16593   4.12951   2.41036   2.4898    4.58434   3.072     3.90981   0.0886468 0.135593  0.181174  0.222084  0.143831  0.293966  0.0779784 0.20038   0.120583  -0.268811 -0.271375 -0.533334 -0.354195 -0.347657 -0.592254 -0.243468 -0.277376 -0.799071 -0.512613 -0.473953 -0.406683 -0.627872 -0.496254 -0.374648 -0.48833  
data[3616      : 3647      ]: -0.619939 -0.700961 -1.52508  -0.443243 -0.491255 -1.75983  -0.39452  -0.428386 -1.78745  -0.565641 -0.462884 -0.121303 -0.660194 -0.06697  -0.11616  -0.548679 -0.0296089-0.0557053-0.607702 -0.0717808-0.725905 -0.295147 -0.300324 -0.65503  -0.421001 -0.190445 -0.869536 -0.435489 -0.378912 -0.0668699-0.714362 -0.179313 
data[3648      : 3679      ]: -0.11013  -1.22585  -0.240611 -0.125796 -1.08729  -0.0800833-0.285224 -0.225687 -0.169578 -0.430328 -0.421859 -0.42273  -0.637312 -0.237813 -0.199918 -0.0421012-0.409009 -0.356421 -0.0397925-0.239093 -0.317691 -0.0292157-0.375425 -0.383933 -0.385016 -0.80383  -0.567934 -0.687778 -0.773832 -0.499174 -0.531542 -1.00085  
data[3680      : 3711      ]: -0.614363 -0.282509 -1.90681  -0.20511  -0.525196 -1.83569  -0.173337 -0.292583 -1.91937  -0.203612 -1.50414  -0.536837 -0.414502 -1.63918  -0.483692 -0.468427 -1.5436   -0.486199 -0.506873 -0.447032 -0.213672 -0.228182 -0.550438 -0.640811 -0.339491 -0.562407 -0.787759 -0.28877  -0.100682 -0.29693  -0.534759 -0.0724666
data[3712      : 3743      ]: -0.238639 -0.523092 -0.126093 -0.381528 -0.614993 -1.48625  -0.777279 -1.23094  -1.32304  -0.72297  -1.6886   -1.47131  -0.686753 -1.63509  -0.161506 -0.165104 -1.37416  -0.213607 -0.323881 -1.38023  -0.216374 -0.24547  -1.62309  -0.153057 -0.0474048-0.0151093-0.289923 -0.0294885-0.0753439-0.206649 -0.0195514-0.0617634
data[3744      : 3775      ]: -3.92887  -3.45526  -3.54945  -5.4039   -4.36862  -4.7862   -4.22618  -3.98283  -4.07639  -9.00083  -8.84247  -8.32208  -8.9403   -9.06936  -8.73202  -10.0618  -9.53213  -9.6096   -7.36244  -8.18929  -9.41445  -7.22118  -8.50545  -10.5606  -7.64259  -9.38701  -10.7384  -0.821452 -0.743156 -0.950964 -0.702186 -0.625848 
data[3776      : 3807      ]: -0.662552 -0.757071 -0.81949  -0.99631  -5.95691  -5.67181  -6.60996  -6.05046  -6.45505  -6.38874  -6.78609  -6.64195  -7.23437  -0.548602 -0.499258 -0.548444 -0.88702  -0.878435 -0.786426 -0.544643 -0.500447 -0.573809 -2.58069  -2.93149  -2.6407   -3.2822   -3.00087  -3.15797  -3.22974  -3.41987  -3.44722  -0.506867 
data[3808      : 3839      ]: -0.134982 -0.183051 -0.312111 -0.0803569-0.177216 -0.43957  -0.207833 -0.249693 -10.0183  -10.4464  -9.95235  -10.3075  -11.0676  -9.97458  -11.0576  -12.041   -10.9159  -6.59437  -5.76011  -5.91016  -6.7634   -6.72491  -6.39789  -7.58712  -6.69842  -7.02077  -8.95977  -9.22477  -10.6706  -9.34429  -10.246   -11.8749  
data[3840      : 3871      ]: -9.94531  -10.5058  -12.215   -5.07062  -5.40068  -5.2103   -5.85778  -5.64602  -5.28235  -5.50402  -5.7095   -5.10665  -1.89851  -1.79281  -1.17215  -1.87432  -1.91574  -1.60745  -2.05902  -2.02764  -1.39003  -22.3152  -21.5881  -20.4214  -23.0655  -23.9303  -21.3609  -24.4658  -24.7846  -22.545   -6.42602  -4.37068  
data[3872      : 3903      ]: -4.47096  -6.89607  -5.37604  -5.38969  -7.23809  -4.56068  -4.86752  -0.00783740.0748733 -0.384263 -0.0759419-0.057187 -0.600051 0.0289448 0.102532  -0.520197 9.09998   9.0879    9.04956   9.00925   9.94756   9.74192   8.96177   9.07914   9.21723   18.2076   18.3217   18.7612   18.1344   18.4249   17.9495   18.2087   
data[3904      : 3935      ]: 18.2008   19.2362   17.6859   17.0622   18.0962   18.085    17.6509   18.5137   17.5905   17.068    18.722    2.21918   2.08527   2.32824   2.25062   2.54138   2.32383   2.52166   2.29495   2.75395   12.4015   13.051    13.1317   12.8678   13.191    13.7617   12.4105   13.5075   13.1666   2.587     2.53374   2.89335   
data[3936      : 3967      ]: 2.74028   2.89136   3.20966   2.8385    2.6019    3.02823   6.65598   6.28485   6.38518   6.48076   6.25853   7.06208   6.56953   6.08945   6.33996   1.21178   1.40421   1.20054   1.10866   1.22956   1.33105   1.18292   1.32056   1.31411   21.7833   21.7398   21.9122   22.4131   21.7476   22.3893   22.119    22.3294   
data[3968      : 3999      ]: 22.1901   14.9556   15.547    15.5788   15.6908   15.192    16.2177   15.1735   15.6539   15.5484   20.474    20.7373   21.3017   20.6565   20.3823   21.8982   20.3311   20.9853   21.7192   10.9972   10.512    11.4202   11.6482   12.0855   12.0836   11.4057   11.5383   11.9484   4.09165   4.22572   4.0218    3.83107   
data[4000      : 4031      ]: 4.38594   4.01158   4.36789   4.84349   4.64628   46.1408   47.8377   47.1508   46.9199   48.3515   47.7827   46.5636   48.9727   47.6606   11.5161   12.4195   12.2128   11.8521   12.7944   11.9986   12.2356   13.032    12.6655   0.583924  0.540685  0.57844   0.396472  0.53652   0.468023  0.471429  0.555332  0.560415  
data[4032      : 4063      ]: 9.45506   8.569     9.35436   9.83584   9.41269   10.2274   9.46403   8.66076   9.58564   18.31     18.3634   17.6827   18.0371   18.8578   17.8391   18.4313   19.5717   18.5865   18.0538   16.3332   17.8291   18.7555   16.1111   18.8545   18.8351   17.0557   19.2509   1.59816   3.04893   1.75211   1.47481   2.97846   
data[4064      : 4095      ]: 1.6418    1.54505   2.8134    1.72146   12.5472   11.9817   12.2632   13.2654   12.7491   13.3294   12.6972   12.636    12.8273   1.62321   3.90548   1.70669   1.78678   4.27708   1.8553    1.75885   3.90646   1.77012   6.41637   6.11473   6.13336   6.76776   7.19436   6.40059   6.42596   6.52826   6.54516   1.22612   
data[4096      : 4127      ]: 1.19565   1.46409   1.19503   1.21837   1.34982   1.28168   1.28907   1.31552   20.1352   21.9199   20.0524   20.4794   22.8311   20.7652   21.2747   22.9252   21.6896   12.7285   17.6201   12.6115   13.7611   18.3116   13.0488   13.3608   18.3801   12.9213   21.1111   19.412    20.8108   21.9817   20.3699   21.9949   
data[4128      : 4159      ]: 22.2689   19.8401   22.0176   10.6987   11.5413   10.7548   11.3479   12.0949   11.2395   11.2616   12.3735   11.4786   4.41835   4.12924   4.51484   4.10823   3.78054   4.41157   4.48393   4.53808   4.68244   46.193    46.2287   44.8915   46.7735   47.9085   46.5619   47.836    48.0706   47.7935   12.5389   10.2603   
data[4160      : 4191      ]: 13.0843   12.7902   10.7389   13.5328   13.2535   11.4024   13.4632   0.582327  0.250721  0.603374  0.712074  0.305696  0.673936  0.55343   0.246305  0.692401  0.32327   0.165734  0.0664469 0.365655  0.269564  0.0988508 0.424229  0.187835  0.069044  0.674494  0.354346  0.25353   0.773759  0.356037  0.200203  0.594234  
data[4192      : 4223      ]: 0.376837  0.313763  0.768871  1.54646   0.436497  0.689944  1.45543   0.477259  0.706735  1.57937   0.607114  0.08304   0.0600483 0.635074  0.0290246 0.0548098 0.480009  0.043293  0.0408316 0.508808  0.539832  0.681038  0.232072  0.529873  0.559414  0.228711  0.529464  0.636565  0.211438  0.0489074 0.0724939 0.776425  
data[4224      : 4255      ]: 0.0119442 0.0221119 0.802301  0.0300305 0.0479884 0.958373  0.287905  0.238297  0.300133  0.148139  0.282515  0.255924  0.305324  0.243957  0.273538  0.001924150.002270810.284714  0.003554750.0483942 0.292005  0.003639590.007710370.225327  0.841405  0.524782  0.600962  0.909994  0.352571  0.562351  0.978195  0.521307  
data[4256      : 4287      ]: 0.546221  0.493302  0.194285  1.54758   0.53285   0.210369  1.45676   0.476033  0.152424  1.39876   0.743666  1.4354    0.296531  0.956922  1.3704    0.27973   0.885543  1.32456   0.336344  0.508876  0.539352  0.384867  0.546001  0.443963  0.371582  0.333229  0.478076  0.394199  0.162945  0.032117  0.158729  0.118321  
data[4288      : 4319      ]: 0.0181454 0.127951  0.134588  0.0540411 0.120399  2.06711   0.819585  0.332919  2.01161   0.708502  0.332476  1.85285   0.828694  0.30103   0.36971   0.100261  0.0818601 0.515561  0.199634  0.125095  0.37384   0.0933078 0.120533  0.0130017 0.177856  0.0928882 -0.008065850.175584  0.0545651 0.004652310.222406  0.0474702 
data[4320      : 4351      ]: -4.12554  -4.18911  -4.23279  -5.16427  -3.62895  -4.7628   -4.81285  -4.67604  -4.80019  -9.31488  -10.0568  -9.46724  -9.82506  -9.28354  -9.4132   -9.94121  -9.87418  -10.1265  -8.60533  -9.00192  -8.79304  -8.74171  -8.49004  -8.95177  -8.3903   -8.71461  -9.05056  -0.914092 -0.602914 -0.816712 -0.67967  -0.76509  
data[4352      : 4383      ]: -0.669331 -0.624719 -0.412055 -0.561778 -6.24509  -6.86117  -6.66177  -6.22179  -6.37859  -6.81107  -6.26042  -6.25603  -6.29301  -0.831427 -0.652454 -0.660083 -0.685826 -0.737264 -0.45994  -0.92519  -0.558905 -0.577081 -3.46293  -3.05498  -3.09434  -2.91136  -3.15497  -2.90102  -3.92536  -3.22852  -3.91099  -0.48445  
data[4384      : 4415      ]: -0.274936 -0.284394 -0.814752 -0.392923 -0.413737 -0.504109 -0.274289 -0.257215 -11.4663  -11.7945  -11.0024  -10.8578  -11.3469  -10.9197  -11.4957  -12.195   -11.7247  -6.67989  -8.01167  -7.47882  -7.63534  -7.50706  -7.16434  -7.03972  -7.99134  -7.27509  -10.1217  -10.4914  -10.6077  -9.74911  -9.6907   -10.3399  
data[4416      : 4447      ]: -10.3807  -10.9876  -11.1442  -5.3832   -5.50553  -5.44217  -5.06862  -6.00783  -6.15748  -5.4702   -5.61397  -5.03448  -2.15182  -1.78819  -1.43032  -2.10384  -1.95201  -2.0353   -1.88501  -1.52904  -1.1651   -24.7219  -25.1956  -24.5858  -24.8387  -24.6094  -24.3636  -24.9226  -25.8542  -24.924   -7.13891  -5.16194  
data[4448      : 4479      ]: -5.61048  -7.12986  -4.89006  -5.83415  -7.06226  -5.26727  -5.90997  -0.188566 -0.0923498-0.250362 -0.209565 0.00603406-0.397302 -0.135314 -0.0548096-0.299094 -0.665076 -1.03279  -0.79819  -0.413835 -0.81085  -0.704878 -0.470911 -1.18136  -0.770931 -1.21884  -1.43658  -1.64941  -1.83538  -1.26122  -1.54323  -1.58902  
data[4480      : 4511      ]: -1.38723  -1.80363  -1.34467  -1.18499  -1.25555  -1.58696  -1.66507  -1.48817  -1.70492  -1.24671  -1.89736  -0.566465 -0.0815052-0.345667 -0.584956 0.00348834-0.239694 -0.686213 0.00696073-0.206487 -1.22273  -0.809688 -1.48969  -1.00586  -0.992641 -1.24841  -1.35473  -0.729774 -1.05672  -0.926976 -0.0311035-0.472633 
data[4512      : 4543      ]: -1.23599  -0.0721514-0.715406 -1.05496  -0.0715593-0.471625 -0.734716 -0.4076   -0.778588 -0.641781 -0.61833  -0.725218 -0.678591 -0.541298 -0.882086 -0.333481 -0.200928 -0.159521 -0.398745 -0.359819 -0.102426 -0.356085 -0.196147 -0.169597 -1.70756  -1.55807  -1.34232  -2.05908  -1.53373  -2.22642  -2.09296  -1.49911  
data[4544      : 4575      ]: -2.04225  -2.66227  -0.37783  -2.03191  -2.5881   -0.370624 -1.67447  -2.85034  -0.483608 -1.77464  -1.29902  -1.8456   -1.84496  -1.24299  -1.56672  -1.42944  -1.50392  -1.68044  -2.14079  -0.932026 -1.07589  -1.14254  -0.975514 -0.70501  -1.12776  -1.00633  -0.495269 -0.70675  -0.193321 -0.560819 -0.285467 -0.274065 
data[4576      : 4607      ]: -0.679356 -0.240267 -0.294666 -0.615779 -0.254328 -3.56852  -3.52329  -3.70309  -3.5924   -3.58228  -3.76674  -3.86087  -4.35394  -4.46076  -0.61255  -1.57165  -0.968805 -0.572521 -1.7061   -0.829851 -0.422003 -1.4733   -1.19037  -0.0161894-0.07975470.0198052 0.009162410.0263069 0.0201249 -0.00750009-0.0584773-0.00726671
Time 5364510 ns: producer080000005 finish sending data!
