Time 6708730 ns: ack for producer080000001's req!
Time 6708760 ns: producer080000001 is sending data!
data[0         : 31        ]: -8.15482  -10.3985  -9.65383  -8.82499  -9.90944  -10.3233  -9.68729  -9.41836  -10.081   -9.25487  -9.41794  -10.7177  -9.32679  -9.56864  -9.53426  -9.32604  -10.2364  -10.168   -9.4968   -10.3072  -10.7897  -9.45714  -10.5339  -10.3107  -9.39915  -10.1866  -10.2957  -9.46792  -9.64655  -9.91732  -9.79185  -9.77728  
data[32        : 63        ]: -10.5104  -9.14462  -9.47542  -10.4684  -9.73716  -10.6286  -9.90611  -9.17785  -10.1273  -9.97358  -9.18301  -10.8508  -9.72089  -9.16534  -10.164   -10.4099  -9.44579  -10.1448  -10.6975  -9.05567  -10.1549  -10.4795  -9.09126  -10.404   -9.35896  -8.53565  -10.0451  -10.341   -8.30512  -9.92805  -9.50528  -8.5492   
data[64        : 95        ]: -9.64398  -9.64765  -9.23661  -10.134   -9.73561  -9.50474  -10.2588  -10.6272  -9.73197  -10.5901  -10.4585  -9.39062  -10.2142  -10.2493  -9.57543  -9.71933  -9.9782   -9.15189  -9.5552   -10.0239  -9.236    -9.90553  -10.6834  -9.43247  -9.77586  -10.3158  -8.5407   -9.04957  -9.59172  -9.79233  -10.0521  -10.796   
data[96        : 127       ]: -9.55667  -10.2624  -9.54677  -9.83738  -10.5083  -10.1095  -9.5649   -10.1861  -10.9703  -8.90424  -10.2633  -10.3582  -9.67134  -9.98071  -10.4447  -9.12131  -10.0184  -9.81364  -9.6113   -9.82091  -10.2579  -9.17947  -9.21514  -10.4236  -9.70083  -9.59853  -10.0376  -9.2439   -9.21356  -10.1574  -9.45034  -10.5012  
data[128       : 159       ]: -10.0301  -9.24761  -9.93973  -10.1688  -9.88063  -10.5128  -10.6442  -8.39253  -9.03357  -10.117   -8.33547  -10.4197  -10.076   -9.10036  -10.4027  -9.74902  0.86595   1.7241    2.35439   -0.541119 0.53065   0.21898   0.0186616 0.787974  1.00333   1.16336   1.61774   1.88162   0.315255  0.812286  0.996887  -0.553951 
data[160       : 191       ]: 0.579326  0.953662  1.49117   1.8735    2.86371   -0.458808 0.519626  1.00703   -0.06537970.750644  1.36637   1.39501   1.85519   1.92493   -0.361405 -0.217173 0.552895  0.656659  1.44558   1.74077   0.461199  2.44041   1.25545   0.663283  0.753952  1.61482   -1.38423  0.910941  -0.01249390.901774  1.43036   1.31879   
data[192       : 223       ]: -0.449519 0.924901  0.387493  -0.833274 0.277415  0.725501  1.29467   2.10402   1.93129   -1.29447  0.484987  0.711344  0.639942  1.18814   1.13939   1.24112   1.68077   2.6221    0.181456  0.418782  1.21493   0.235     0.0878608 0.499711  0.702545  1.84712   1.99153   0.188796  0.556027  0.964946  -0.202843 0.382736  
data[224       : 255       ]: 0.862259  1.99008   1.58029   2.1452    -0.278489 0.384824  0.807241  0.916243  1.06495   1.32685   0.992993  2.33978   2.37595   -0.268315 0.547155  0.763805  -0.452072 1.47351   0.888713  1.01162   1.26829   2.50569   0.196984  0.478247  2.23289   -0.269975 0.586061  1.66797   1.54257   2.15192   1.89201   -0.0847732
data[256       : 287       ]: 1.3505    1.14847   -0.347625 0.629745  0.753781  0.7742    1.59504   2.08601   0.616775  0.535214  1.30585   -0.315356 1.07551   0.350343  0.591475  1.857     1.97546   0.337794  0.954177  1.53905   -0.789248 0.328138  1.08169   0.589323  1.41592   1.56648   -0.322127 1.15694   0.900672  -0.623679 1.03857   1.02524   
data[288       : 319       ]: 12.0802   11.7367   11.8458   11.9249   11.5005   11.9989   12.4542   11.6533   12.4575   11.9276   11.4692   11.4853   11.9026   11.2462   12.0277   12.2482   12.2754   12.7217   10.7329   10.9378   11.6823   11.9363   11.2681   11.8035   11.5854   12.0152   11.8034   11.6117   11.0388   11.4745   12.0096   11.6476   
data[320       : 351       ]: 12.0856   12.2001   11.6451   11.6022   12.8229   11.1258   12.1475   12.3878   12.0356   12.2578   12.6562   12.0153   13.0621   12.2935   11.4115   11.7788   11.4944   11.5946   11.5502   12.9997   11.5587   11.8961   12.4374   11.5687   12.0814   13.0291   11.8898   12.4905   12.5234   11.47     11.9371   11.3944   
data[352       : 383       ]: 10.9689   12.1161   11.4879   10.8228   12.089    12.5032   11.3436   12.731    12.0315   10.7448   11.7181   11.8484   11.5469   12.308    12.8514   11.4391   12.9822   11.8103   11.5942   11.7493   12.6713   11.4857   12.1911   12.6613   11.623    12.4017   11.8844   10.6884   11.798    12.4389   10.9986   12.1867   
data[384       : 415       ]: 12.0824   10.7044   12.5397   11.8165   11.8515   10.9059   11.9593   11.047    11.8621   12.6145   11.9931   12.2244   11.6689   11.4062   11.5434   12.5605   11.3735   11.7618   12.5684   11.8526   11.9657   11.9025   11.9978   11.8285   11.9719   12.0666   12.3464   12.747    11.9318   11.9525   11.6151   10.5351   
data[416       : 447       ]: 11.9425   11.4348   11.5068   11.5882   12.3307   11.4366   12.1963   12.27     11.1155   11.81     12.2673   11.6726   12.096    12.0439   11.7939   11.913    -0.784098 0.55027   -0.546727 -1.07573  0.197351  -0.91598  -0.734801 0.550153  -0.671361 -0.577662 0.268704  -0.281756 -0.918826 0.624165  -0.921038 -0.761701 
data[448       : 479       ]: 0.432856  -0.68557  -1.45503  0.174892  -0.666087 -0.671928 0.624317  -0.804778 -1.06594  0.618989  -1.08955  -0.618599 0.202823  -0.715895 -1.24718  0.229823  -0.563185 -0.733991 0.342365  -1.16231  -0.838998 0.257865  -0.812276 -0.631307 0.552146  -0.811478 -0.959407 0.341399  -0.56965  -0.871475 0.798623  -0.943248 
data[480       : 511       ]: -1.02703  0.536189  -1.01103  -0.760818 0.32884   -0.678193 -0.708179 0.449937  -0.938118 -0.841579 0.553252  -0.273996 -1.06725  0.509468  -0.63009  -1.09434  0.48778   -0.705462 -1.16861  0.219549  -0.740802 -1.02419  0.827272  -0.724506 -1.05346  0.29126   -0.497563 -0.916945 0.315643  -0.809913 -1.17822  0.276872  
data[512       : 543       ]: -0.588829 -0.756264 0.361726  -0.594303 -0.584349 0.527801  -0.916942 -1.12733  0.582823  -0.68875  -0.861115 0.610626  -0.33053  -0.873266 0.2364    -0.759468 -1.10951  0.912948  -0.677386 -0.495957 0.476071  -0.917688 -1.062    0.538658  -0.867277 -0.897911 0.421445  -0.797844 -0.506969 0.552156  -0.809722 -0.64602  
data[544       : 575       ]: 0.637999  -0.971162 -0.558845 0.670365  -0.559359 -0.840019 0.484779  -0.676364 -1.14092  0.443552  -0.573684 -0.455345 0.332604  -0.855347 -1.07677  0.197765  -0.629041 -1.01463  0.336308  -0.556843 -1.02002  0.341926  -0.732841 -0.733092 0.392599  -0.751393 -0.866478 0.645086  -1.00528  -1.12482  0.563773  -0.812074 
data[576       : 607       ]: -1.96067  -1.89692  -2.00831  -3.36365  -3.09914  -2.61309  -2.96381  -2.87782  -2.75938  -3.10128  -2.90418  -2.68823  -2.68275  -2.569    -2.5518   -3.43093  -3.02881  -2.81221  -3.19971  -3.14033  -2.59943  -2.87167  -2.93692  -2.89889  -2.87688  -3.55011  -2.68961  -3.01727  -1.91044  -2.05735  -2.96232  -2.8048   
data[608       : 639       ]: -2.95867  -3.05256  -2.93082  -3.08334  -3.3283   -2.41917  -2.94112  -2.75463  -3.06869  -2.56606  -3.52084  -2.98459  -3.53588  -2.28944  -2.80071  -2.27786  -3.37971  -3.53561  -2.85923  -2.21815  -2.35449  -2.57788  -2.77399  -2.53003  -2.52321  -2.33867  -3.14669  -2.30691  -3.22596  -3.12067  -3.1301   -2.28155  
data[640       : 671       ]: -3.0154   -1.81221  -3.43366  -2.95976  -3.45586  -2.80685  -2.95985  -2.4498   -2.82521  -2.55515  -2.08146  -3.31153  -2.93894  -3.13523  -2.90379  -2.27386  -2.27593  -2.98413  -2.54367  -2.22777  -3.03223  -3.56603  -2.62916  -3.23654  -2.92123  -2.85901  -2.26855  -2.41759  -2.05698  -3.44976  -3.2423   -3.32754  
data[672       : 703       ]: -2.84981  -2.74505  -2.80398  -3.16701  -2.94072  -2.96374  -2.52204  -3.08141  -2.54112  -3.71295  -2.9292   -3.29504  -2.44838  -2.1695   -1.96416  -3.1809   -3.07395  -2.85438  -2.99239  -2.72565  -2.87088  -2.17347  -2.17543  -2.28499  -3.55712  -3.16914  -3.20323  -3.1376   -2.69161  -2.88099  -3.07953  -3.08679  
data[704       : 735       ]: -2.78997  -3.27154  -2.77045  -3.58185  -3.51089  -3.0907   -2.50796  -2.60081  -2.55218  -2.48869  -2.78034  -2.77383  -3.38114  -3.01459  -3.49692  -2.6133   1.54209   -0.06535281.91931   1.15813   -0.61929  1.84594   1.18205   -0.517092 1.81446   1.12188   -0.348722 2.28497   1.28149   -0.549996 1.67188   0.979995  
data[736       : 767       ]: -0.601638 1.93129   1.54994   -0.477117 1.6696    1.31964   -0.566889 1.80295   1.56201   -0.683204 1.84398   1.28062   -0.41461  2.15853   1.28116   -0.512395 1.8592    1.21115   -0.622037 1.47317   1.52361   -0.315099 1.82541   1.07701   -0.638364 2.02978   0.987545  -0.448014 1.65387   1.14414   -0.545184 1.87696   
data[768       : 799       ]: 1.15138   -0.458417 1.78824   1.03623   -0.539428 1.34986   1.10275   -0.519836 1.95394   1.14654   -0.619293 1.9511    1.12202   -0.43789  2.02799   1.29325   -0.310311 1.94362   1.13506   -0.347284 2.04703   1.16155   -0.355868 1.73856   1.42859   -0.427704 2.0208    1.43859   -0.721793 1.96137   1.25397   -0.644514 
data[800       : 831       ]: 1.96333   1.57344   -0.536004 2.06092   1.07307   -0.809885 2.00098   1.31223   -0.819853 1.70709   1.58302   -0.482131 1.9418    1.43039   -0.333623 1.98481   1.25076   -0.614154 1.80724   1.46438   -0.284908 1.61136   1.22398   -0.52688  1.60343   1.19264   -0.352535 1.50632   1.23829   -0.377881 2.20894   1.1139    
data[832       : 863       ]: -0.499431 1.48091   1.46923   -0.220985 2.02211   1.43887   -0.708718 2.12768   1.4084    -0.612405 1.71326   1.25783   -0.441199 1.8244    1.36018   -0.431738 1.71825   1.31246   -0.488005 1.79171   1.02821   -0.599554 1.87171   1.31146   -0.385564 1.65792   1.40241   -0.559659 1.57145   1.34128   -0.41666  1.78523   
data[864       : 895       ]: -3.29375  -3.1061   -2.53613  -2.91122  -2.19372  -3.08188  -3.35216  -2.76458  -3.42277  -3.01336  -2.80975  -2.46806  -2.02599  -2.46838  -2.30537  -2.66692  -2.86445  -2.72195  -2.77168  -2.46455  -2.66039  -3.17363  -2.0701   -2.74313  -2.801    -3.11428  -2.6809   -2.96382  -3.06629  -2.161    -3.31894  -2.5304   
data[896       : 927       ]: -2.52536  -3.19156  -1.83797  -3.15396  -3.04524  -2.55039  -2.60345  -2.36345  -2.8456   -2.69354  -3.12265  -2.28115  -2.56427  -2.82024  -2.94256  -2.36881  -2.88266  -2.58253  -2.51972  -2.94467  -2.22496  -3.16157  -2.99812  -3.09851  -2.63089  -2.83677  -1.92405  -2.65525  -2.76044  -2.33095  -2.48534  -2.38087  
data[928       : 959       ]: -2.73896  -2.06332  -2.41728  -2.56362  -2.72766  -2.62335  -2.55297  -2.86661  -3.35202  -1.73961  -3.39604  -2.57854  -2.75538  -2.44036  -3.49558  -2.77673  -2.75758  -3.06452  -3.0297   -2.44792  -3.54654  -2.04422  -3.30458  -3.22107  -2.77088  -3.04257  -2.74145  -2.38455  -2.50051  -3.1146   -2.24281  -2.79269  
data[960       : 991       ]: -2.7187   -2.90856  -2.87062  -3.11129  -2.66028  -3.0791   -2.72813  -2.61629  -2.22146  -3.50772  -2.51052  -3.27966  -3.45707  -2.60346  -2.56206  -2.71266  -2.17924  -2.32101  -3.14678  -2.84692  -2.85523  -3.64253  -2.44172  -3.59573  -2.93608  -2.50356  -3.00723  -3.20937  -2.50983  -2.67568  -2.80937  -2.46458  
data[992       : 1023      ]: -2.92727  -3.06026  -2.72099  -3.09104  -2.81292  -2.49475  -2.80247  -2.85989  -2.51482  -3.0234   -2.85321  -2.62973  -3.28165  -3.4563   -2.33973  -2.70136  -0.235445 0.387644  0.238428  -0.107205 0.241499  0.226612  0.0106943 0.227848  0.169985  -0.02572820.423989  0.21068   -0.0904763-0.11897  0.443585  -0.0675101
data[1024      : 1055      ]: 0.142879  0.338241  -0.170572 0.0221732 0.348123  -0.220973 0.188574  0.227015  0.002633690.114425  0.0280996 -0.01178490.233363  0.490472  -0.241635 0.105486  0.331124  0.0618686 0.141399  0.360756  0.037854  0.324228  0.309955  -0.110661 0.106104  0.389312  -0.09626980.257273  0.451681  -0.01845640.0970225 0.373693  
data[1056      : 1087      ]: 0.124614  0.0573486 0.462272  0.0637336 0.125358  0.192989  0.0321384 0.0618236 0.489499  0.115185  0.074376  0.222394  0.114628  0.199591  0.351042  0.0367736 0.0956902 0.242196  -0.165109 0.333881  0.281775  0.267412  -0.01986570.26269   -0.06241390.0354814 0.451534  0.0100572 0.0943865 0.240021  0.0339647 0.0480685 
data[1088      : 1119      ]: 0.329668  -0.107043 0.250178  0.338339  0.080192  0.0616251 0.446159  -0.05630480.372461  0.252118  -0.103544 0.0557119 0.281125  0.060175  -0.154018 0.33079   -0.231307 -0.08393610.386335  -0.08495820.162938  0.285723  -0.07020090.205772  0.534238  -0.0973988-0.03872510.293063  0.0258773 0.208395  0.356226  0.0886056 
data[1120      : 1151      ]: 0.281801  0.163876  -0.08028120.17813   0.632856  -0.12937  0.215726  0.320092  -0.161147 0.17555   0.342367  -0.03216720.18286   0.283221  0.132127  0.304092  0.54245   -0.02399840.311782  0.346915  0.263481  0.218332  0.276409  -0.157939 0.248811  0.544131  -0.146528 -0.07154920.511455  0.1118    0.147622  0.507801  
data[1152      : 1183      ]: -4.42689  -3.51328  -5.01753  -3.7775   -3.44954  -4.08348  -3.84802  -4.14757  -5.08986  -4.68616  -3.76521  -4.78644  -3.6806   -3.46083  -4.31294  -3.882    -3.28096  -4.432    -4.43518  -3.69197  -5.42798  -3.91893  -4.11265  -4.60585  -3.87111  -3.52046  -5.11367  -5.08758  -4.83282  -5.17817  -3.71841  -3.83532  
data[1184      : 1215      ]: -4.65019  -4.51503  -4.44211  -5.40011  -3.99552  -4.44783  -4.76359  -4.13193  -3.72485  -4.48234  -3.71132  -3.84866  -5.01528  -4.25924  -4.09814  -4.41627  -4.2813   -4.01717  -4.67498  -3.95202  -4.07583  -4.75882  -4.57473  -3.75274  -5.40142  -3.79299  -4.3462   -4.57716  -4.22865  -3.55523  -4.7488   -4.07493  
data[1216      : 1247      ]: -4.33162  -4.59072  -3.82197  -2.89177  -4.80914  -4.13262  -4.20027  -4.75357  -4.52496  -3.83397  -4.87514  -4.1867   -3.76159  -5.10386  -4.14156  -3.8146   -4.88221  -5.09146  -3.75346  -4.82668  -4.53175  -3.5481   -5.10519  -4.38851  -2.96783  -4.8046   -4.62863  -3.7267   -4.80446  -4.08767  -3.73584  -4.61489  
data[1248      : 1279      ]: -3.90119  -3.88213  -4.42203  -5.11969  -3.9193   -5.59026  -4.22043  -3.78204  -5.03445  -4.59822  -3.54987  -5.46862  -4.4987   -4.04035  -4.32494  -4.00858  -3.83825  -4.71159  -3.92242  -3.71119  -4.33529  -5.05197  -2.9891   -5.44194  -3.39144  -2.95937  -4.6057   -4.76318  -2.84058  -4.43633  -4.03097  -5.03498  
data[1280      : 1311      ]: -5.48504  -4.65215  -3.55307  -4.97029  -3.78804  -4.24611  -5.15707  -4.49491  -3.9223   -5.1656   -3.79993  -3.69968  -4.92741  -4.16966  -4.19388  -5.16368  -19.5499  -16.1367  -20.7464  -19.8967  -17.042   -21.3148  -19.9565  -16.6924  -20.3023  -19.823   -17.4921  -21.0607  -20.1296  -16.0366  -21.4038  -19.6573  
data[1312      : 1343      ]: -16.5865  -21.08    -20.544   -17.4051  -21.1266  -20.0913  -16.8968  -21.7066  -19.9296  -16.6234  -20.8692  -20.1936  -17.2293  -22.0557  -20.1857  -16.5931  -20.9003  -19.8095  -17.1007  -21.2457  -19.526   -16.7613  -20.4004  -19.9945  -17.2225  -20.6408  -19.942   -16.2767  -20.9541  -19.8735  -15.8988  -21.3104  
data[1344      : 1375      ]: -20.4957  -16.2045  -20.3262  -20.0531  -15.6216  -20.9075  -20.6405  -17.2411  -21.0727  -20.6871  -16.3467  -20.5989  -20.4095  -16.1678  -21.6106  -18.8633  -16.8188  -20.318   -20.2764  -17.0234  -21.2393  -19.3302  -15.7601  -20.8813  -20.9382  -16.5666  -21.1267  -19.4658  -16.5904  -21.0986  -20.2317  -17.2646  
data[1376      : 1407      ]: -21.2539  -21.0781  -17.4888  -21.1018  -19.7543  -17.1564  -20.8962  -19.9775  -17.1928  -21.4564  -19.644   -16.7588  -21.3778  -20.4433  -16.6796  -21.1688  -19.6853  -16.7696  -21.5576  -20.1577  -17.1592  -21.641   -19.9445  -16.702   -21.0532  -19.0997  -16.1199  -19.8903  -18.8993  -16.8722  -21.5497  -20.2402  
data[1408      : 1439      ]: -16.6169  -20.7941  -19.4366  -16.5274  -20.3562  -19.8214  -16.6566  -21.2104  -19.6051  -16.7689  -20.1752  -19.6135  -17.1752  -20.8645  -19.9639  -17.2102  -21.3437  -19.7633  -17.1868  -21.361   -19.2709  -15.5186  -20.8373  -20.2837  -16.5349  -21.2045  -19.6895  -15.9535  -21.367   -19.9287  -16.2936  -20.6398  
data[1440      : 1471      ]: -1.82771  -2.32673  -1.88993  -1.83394  -1.76223  -1.84057  -2.01333  -2.20061  -1.79708  -1.80966  -2.29709  -1.85924  -2.55256  -1.93404  -1.65447  -2.14396  -2.36693  -1.64039  -1.95863  -1.75447  -1.73211  -2.01284  -1.70248  -1.33737  -2.20867  -2.44225  -1.91013  -2.16728  -2.21728  -1.46422  -2.88243  -2.52583  
data[1472      : 1503      ]: -1.63193  -2.48017  -2.67088  -1.68831  -2.54519  -2.88652  -2.52201  -2.01562  -2.32726  -1.64096  -2.93569  -2.44679  -2.354    -2.29776  -2.23549  -1.74117  -1.48413  -1.77393  -1.52658  -2.27622  -2.35132  -1.77013  -2.76288  -2.01078  -2.26226  -3.17267  -1.9889   -1.82453  -2.55155  -2.07052  -2.35839  -2.63248  
data[1504      : 1535      ]: -1.90594  -2.25936  -2.22786  -1.38508  -1.53601  -2.80834  -2.57413  -2.18986  -1.7948   -1.60394  -1.75516  -2.22254  -1.80651  -1.44236  -2.01371  -1.44316  -1.59865  -2.03194  -2.36027  -2.14003  -2.52766  -2.22362  -1.73949  -2.09273  -1.71102  -1.88221  -2.82969  -2.5257   -1.95512  -1.71695  -1.85681  -1.84446  
data[1536      : 1567      ]: -2.79559  -2.18097  -2.20245  -1.90601  -2.04373  -0.905804 -1.86816  -1.82474  -1.57452  -2.02201  -1.73127  -1.56777  -2.5317   -2.52758  -2.01184  -1.91418  -1.68573  -1.4094   -2.36478  -2.14186  -2.16757  -1.89177  -2.11484  -1.66157  -1.93301  -1.49981  -1.51463  -1.82181  -2.36018  -1.35526  -2.01272  -1.51971  
data[1568      : 1599      ]: -1.3853   -1.90518  -1.77913  -1.62793  -2.00353  -2.12777  -1.39118  -2.39719  -2.63943  -1.8352   -2.10594  -2.29855  -1.54169  -2.25012  -3.07064  -1.90841  -12.6531  -13.2072  -13.1643  -12.5544  -13.169   -13.7891  -13.6034  -14.3117  -13.1138  -13.522   -13.6469  -14.1017  -13.4214  -13.5481  -13.6948  -12.834   
data[1600      : 1631      ]: -12.8901  -13.1707  -12.9688  -12.8018  -13.8037  -13.0619  -13.9779  -13.1991  -12.6079  -13.4992  -13.145   -13.5169  -12.9045  -13.2067  -12.7465  -14.4584  -12.8056  -13.3969  -13.2472  -13.8134  -12.8573  -12.5713  -13.5504  -13.5284  -13.4571  -12.9956  -13.9347  -12.8144  -13.4159  -12.2994  -13.6028  -12.4495  
data[1632      : 1663      ]: -13.6887  -12.916   -12.7017  -12.7374  -13.414   -12.7865  -13.0877  -12.8325  -12.629   -13.7855  -13.9254  -13.3427  -13.2707  -13.0995  -13.6947  -13.0803  -13.1181  -13.4666  -12.3319  -13.7288  -13.4503  -13.0418  -13.6015  -13.2569  -14.0171  -12.8914  -12.9128  -13.4775  -13.4577  -13.2266  -13.985   -13.3342  
data[1664      : 1695      ]: -13.3164  -12.9135  -13.762   -12.2329  -14.6115  -13.082   -13.0912  -13.1694  -13.9879  -13.1294  -13.6215  -12.8243  -12.935   -13.5334  -14.067   -12.737   -13.1368  -13.0151  -13.0737  -13.1779  -13.8243  -13.2381  -13.8337  -13.9831  -14.0237  -12.8137  -13.3562  -12.907   -13.6317  -12.7952  -12.9883  -13.5917  
data[1696      : 1727      ]: -13.5795  -13.7311  -13.7362  -14.0086  -12.9974  -13.3733  -12.1163  -12.4078  -14.0478  -14.1657  -12.9367  -13.4753  -13.1596  -12.8157  -14.3913  -13.1099  -13.0212  -12.7851  -14.1063  -13.7202  -13.7227  -13.9125  -12.8557  -13.0662  -13.3153  -13.047   -12.8958  -14.0458  -13.9188  -12.9533  -13.9476  -13.0963  
data[1728      : 1759      ]: -0.236401 0.500531  -0.415086 0.158386  0.46713   0.0682377 -0.337468 0.477887  -0.131308 -0.484622 -0.0454006-0.277499 -0.435486 0.621805  -0.378243 -1.1915   0.228736  -0.85801  -0.958553 0.733379  -0.468079 -0.389253 0.27892   -0.0561987-0.776165 0.0867201 -0.987974 -0.47928  0.11065   -0.327205 -0.32059  0.632545  
data[1760      : 1791      ]: -0.618328 -0.426754 0.490441  -0.308312 -0.337329 0.280328  -0.308677 -0.06713360.540882  -0.309451 -0.02754410.530568  -0.200743 -0.287983 0.308448  -0.509226 -0.21167  0.215719  -0.138191 -0.278164 0.171363  -0.256401 -0.512096 0.854049  -0.227155 -0.047562 0.70431   -0.260696 -0.236457 0.361537  -0.581647 -0.575025 
data[1792      : 1823      ]: 0.282125  -0.152518 -0.415843 0.32842   -0.484024 -0.697826 0.256715  -0.249124 -0.141656 0.693377  -0.51277  -0.122594 0.833992  0.0325789 -0.518448 0.269261  -0.50931  -0.344556 0.412801  -0.948537 -0.30408  0.366624  -0.109486 -0.887267 0.331014  -0.836587 -0.720562 0.392456  -0.391357 -0.650752 0.46928   -0.502015 
data[1824      : 1855      ]: -0.864717 0.58878   -0.566535 -0.08408880.869112  -0.943994 -0.756246 0.334022  0.103901  -0.462673 0.574302  -0.493112 -0.327716 0.559216  -0.403235 -0.507349 0.379197  -0.307036 -0.492682 0.33367   -0.61241  -0.297583 0.74032   -0.650109 -0.211108 0.504209  -0.207062 0.112548  0.0815177 -0.92958  -0.124093 0.482804  
data[1856      : 1887      ]: 0.0859178 -0.628634 0.449303  -0.432576 -0.08288190.571411  -0.124888 -0.565579 0.549093  -0.126078 -0.468155 0.527572  -0.226372 -0.647825 0.254495  -0.21885  -34.811   -38.8373  -37.028   -35.7905  -40.5042  -37.6899  -35.9165  -39.1718  -37.5219  -34.8529  -38.7376  -37.2249  -35.9714  -40.5297  -37.4955  -35.7525  
data[1888      : 1919      ]: -39.9815  -37.2286  -35.3439  -39.2533  -37.4307  -35.1962  -40.2998  -38.0626  -35.4699  -40.3167  -37.8015  -35.1177  -39.978   -36.7351  -36.8784  -40.0314  -38.3027  -35.52    -40.4023  -37.4691  -35.0415  -39.3903  -37.3537  -35.8195  -39.7439  -37.6966  -36.0608  -40.3125  -37.6122  -34.7107  -38.5634  -35.9163  
data[1920      : 1951      ]: -35.0621  -39.5059  -37.5451  -35.5341  -38.8582  -37.5866  -34.1853  -38.5876  -36.2529  -35.407   -39.5431  -37.6757  -34.5726  -39.8079  -37.1181  -34.3146  -38.693   -36.3547  -35.6298  -40.4177  -37.5651  -35.1511  -39.804   -37.1723  -34.9978  -38.1057  -36.9424  -35.6818  -40.1704  -37.6986  -35.3416  -38.3839  
data[1952      : 1983      ]: -37.1956  -35.6563  -39.0755  -36.737   -36.0137  -40.5091  -37.7119  -35.7826  -39.8456  -38.4498  -34.6069  -38.2035  -36.6648  -35.7548  -41.1442  -37.91    -35.6916  -39.3896  -37.8666  -34.6844  -38.7663  -37.4731  -35.6474  -39.9899  -37.6893  -35.5345  -39.1375  -37.8661  -34.1954  -39.891   -36.2643  -36.1698  
data[1984      : 2015      ]: -39.9664  -38.3691  -35.8615  -40.2526  -37.1957  -34.9071  -38.1707  -36.3339  -35.6926  -40.1194  -37.1891  -35.8806  -39.6885  -37.3543  -34.1155  -39.0821  -36.612   -35.634   -39.7798  -37.5258  -34.6464  -40.2166  -36.9325  -35.308   -38.9716  -37.0691  -35.4815  -39.4419  -37.5803  -35.6535  -39.4874  -37.6371  
data[2016      : 2047      ]: 4.20343   4.76259   5.09522   4.0667    4.50527   5.08495   4.348     5.16867   5.45967   4.39032   4.96783   5.42062   4.15349   5.36101   5.0808    4.61559   4.47627   5.1859    4.24894   4.71412   5.03401   3.90197   5.2736    4.54625   5.12852   5.14027   5.96034   4.52062   5.5394    5.83591   3.74676   3.68896   
data[2048      : 2079      ]: 5.16038   4.39478   5.70058   6.10074   3.77632   4.69456   4.68648   4.12427   4.38439   5.82265   3.60569   5.46409   5.53363   4.23281   5.50129   4.95182   4.57403   4.76965   5.19412   4.32402   5.35157   5.47191   4.36548   4.61447   5.64698   3.94014   4.84723   4.88176   4.68796   5.60527   6.1125    3.85282   
data[2080      : 2111      ]: 4.4335    5.40052   3.54958   5.31893   4.91255   4.24341   5.14285   5.55551   4.5277    4.80135   5.43667   4.16991   4.63065   4.36637   4.73817   5.32782   4.70692   5.43485   5.12024   5.70129   3.441     4.70448   5.70137   5.09028   5.32539   5.98437   4.33016   4.05392   4.93427   4.04181   4.70407   4.80935   
data[2112      : 2143      ]: 5.1364    5.12548   5.1267    4.70999   4.96739   5.42679   5.02678   4.11986   5.52323   4.76338   5.15798   5.8677    3.98372   3.83316   5.2465    4.15105   4.94545   4.87703   4.66697   4.79149   5.80018   4.34167   4.22702   5.89166   4.55123   4.04274   5.49744   4.68586   5.18294   5.17165   4.47959   4.39804   
data[2144      : 2175      ]: 5.35913   4.04339   4.98285   4.29929   4.44307   4.27356   5.82673   4.32284   4.7107    4.99154   4.56901   5.19254   4.90912   4.27956   5.37301   5.76041   1.18015   1.4508    -0.577496 1.39511   1.64403   -0.552315 1.37582   1.53389   -0.455994 1.41772   1.58475   -0.76035  1.12007   1.76      -0.643154 1.35914   
data[2176      : 2207      ]: 1.81691   -0.844    1.27626   1.8784    -0.504128 1.57879   1.39911   -0.538996 1.31859   1.58151   -0.611081 1.05479   1.61811   -0.856635 1.4061    1.78281   -0.568446 1.07459   1.65373   -0.77952  1.42083   1.68575   -0.578226 1.2881    1.5072    -0.706068 1.36988   1.71578   -0.782522 1.18183   1.50639   -0.748501 
data[2208      : 2239      ]: 1.39248   1.587     -0.54892  1.18625   1.3411    -0.630464 1.16025   1.69383   -0.635364 1.1701    1.50792   -0.650431 1.42762   1.72541   -0.447477 1.4066    1.7898    -0.703607 1.35723   1.5047    -0.865244 1.20142   1.77198   -0.618337 1.34993   1.513     -0.529664 1.34177   1.28627   -0.542645 1.42215   1.73521   
data[2240      : 2271      ]: -0.803777 1.29218   1.37033   -0.525404 1.4988    1.50385   -0.405672 1.36095   1.44005   -0.648826 1.42937   1.43101   -0.746741 1.40467   1.58986   -0.775845 1.18052   1.53611   -0.808761 1.17221   1.48025   -0.615716 1.23654   1.48924   -0.427589 1.24922   1.46326   -0.731199 1.40446   1.68999   -0.70785  1.09975   
data[2272      : 2303      ]: 1.30853   -0.588972 1.57639   1.38384   -0.95563  1.37935   1.73735   -0.734034 1.37377   1.7837    -0.754181 1.11916   1.47692   -0.800022 1.37854   1.56136   -0.833813 1.23879   1.42376   -0.498604 1.61609   1.45724   -0.646806 1.32898   1.51629   -0.488034 1.5152    1.4546    -0.662888 1.46144   1.66487   -0.508188 
Time 6709490 ns: producer080000001 finish sending data!
