Time 3153780 ns: ack for producer08000000e's req!
Time 3153810 ns: producer08000000e is sending data!
data[0         : 31        ]: 0.206626  -1.23868  -0.6285   -0.573898 -1.1056   0.110454  -0.297757 -0.228657 10.7105   -1.43776  -0.885371 -0.365681 -0.793544 -0.828685 -2.66101  0.0175918 0.123655  -0.877661 -0.412415 -0.325985 -0.519358 0.058476  -0.0941069-0.141787 5.83851   -0.574983 -0.484841 -0.191491 -0.343059 -0.749755 -1.31478  0.00958058
data[32        : 63        ]: 0.0994188 -0.925713 -0.588543 -0.403464 -0.41639  0.0586574 -0.158187 -0.07806395.86109   -0.521538 -0.554756 -0.338773 -0.28552  -0.807667 -0.950239 0.009689220.137788  -0.809664 -0.471581 -0.186501 -0.541447 0.0573846 -0.187173 -0.05224885.71533   -0.847972 -0.567382 -0.295436 -0.296753 -0.635664 -1.02784  0.00916622
data[64        : 95        ]: 0.0531945 -1.13641  -0.74036  -0.603453 -1.13082  0.114523  -0.425437 -0.138462 10.8448   -1.36392  -0.902181 -0.59134  -0.769322 -0.75661  -2.47199  0.0178123 0.0632755 -0.72422  -0.301248 -0.42858  -0.419437 0.060146  -0.13308  -0.244256 6.20048   -0.667458 -0.699333 -0.109537 -0.496107 -0.865182 -1.2455   0.0100458 
data[96        : 127       ]: -0.108363 -1.09435  -0.470659 -0.233169 -0.383319 0.0521048 -0.0855527-0.104335 5.23026   -0.344388 -0.349623 -0.341787 -0.25085  -0.873656 -0.651006 0.008687230.0723515 -0.66011  -0.438674 -0.372737 -0.397327 0.0507057 -0.0361419-0.04440884.94708   -0.707445 -0.407063 -0.219396 -0.254025 -0.670999 -0.870122 0.00831477
data[128       : 159       ]: 0.16709   -1.04486  -0.588173 -0.435583 -1.04453  0.113938  -0.38939  -0.329556 10.5569   -1.57288  -1.04661  -0.485121 -0.574609 -0.43101  -2.91316  0.0175528 0.0376009 -0.862406 -0.411742 -0.207849 -0.572124 0.0597499 -0.144237 -0.196582 6.09698   -0.597977 -0.601355 -0.152308 -0.314851 -1.02572  -1.11704  0.00987117
data[160       : 191       ]: 0.0649219 -0.705679 -0.623344 -0.388369 -0.538137 0.06156   -0.14465  -0.142397 5.72465   -0.46342  -0.351296 -0.329681 -0.344984 -0.566607 -1.2623   0.0097341 -0.0992871-1.00341  -0.263912 -0.32879  -0.390424 0.0540879 -0.0811534-0.133091 5.65478   -0.697094 -0.450434 -0.531518 -0.134688 -0.628607 -0.975591 0.00912911
data[192       : 223       ]: 0.130067  -1.52128  -0.800112 -0.339828 -0.667403 0.105677  -0.375908 -0.206353 9.99099   -1.1227   -0.920853 -0.384575 -0.779478 -0.570506 -2.5541   0.0163686 0.0741077 -0.834146 -0.524534 -0.305869 -0.606393 0.0560507 0.000556754-0.1624   5.75061   -0.593775 -0.50067  -0.0875344-0.242599 -0.814612 -1.21803  0.00923553
data[224       : 255       ]: 0.0212018 -0.997368 -0.403394 -0.556283 -0.451742 0.0576266 -0.191167 -0.143973 5.78831   -0.582577 -0.392387 -0.361388 -0.372243 -0.700159 -0.724157 0.009702440.183627  -0.736704 -0.518099 -0.224292 -0.351461 0.0510893 -0.197886 -0.131261 5.15506   -0.780008 -0.414074 -0.177789 -0.10476  -0.72851  -1.03334  0.00841025
data[256       : 287       ]: -0.158594 -4.29601  -4.38711  -2.03234  -4.10474  0.491489  -1.86857  -0.413616 45.3726   -4.96455  -3.92241  -1.50602  -3.25028  -3.42136  -11.6129  0.0744596 -0.0575326-4.30973  -4.50623  -2.37552  -4.71536  0.542112  -2.08058  -0.677041 50.027    -5.50604  -5.12845  -1.8178   -3.19757  -3.99488  -12.2847  0.0823341 
data[288       : 319       ]: -0.0233387-4.47604  -4.86585  -2.18946  -4.80411  0.540365  -1.88104  -0.903692 49.9063   -5.2685   -4.84699  -1.81604  -3.60374  -4.23562  -11.6144  0.082112  0.0854073 -3.98983  -4.17602  -1.97926  -4.21204  0.486284  -2.69906  -0.591919 43.9509   -4.8979   -4.57427  -1.59529  -2.78961  -3.19762  -9.89273  0.0730107 
data[320       : 351       ]: -0.116178 -4.7518   -4.75649  -2.13039  -4.46313  0.523154  -1.75     -0.535497 48.6654   -4.98017  -4.49362  -1.5054   -3.31862  -4.42188  -12.0454  0.0799756 0.0920201 -4.63844  -5.24499  -2.45243  -4.95895  0.575464  -2.14464  -0.645286 53.6273   -6.02699  -5.32658  -1.78447  -3.30118  -4.34364  -13.5147  0.0875007 
data[352       : 383       ]: -0.16058  -4.43014  -5.0382   -2.41815  -4.83469  0.577218  -1.63135  -0.859607 52.6243   -5.86478  -5.11801  -2.04314  -3.85002  -4.42791  -12.6125  0.087587  -0.0547179-3.66106  -4.41934  -2.15004  -4.50794  0.527611  -2.73349  -0.678666 47.4745   -5.4705   -5.05205  -1.53349  -2.97493  -3.78497  -11.0599  0.079071  
data[384       : 415       ]: 0.0678585 -4.41397  -4.63147  -2.30573  -4.54373  0.527734  -1.81306  -0.681971 49.1244   -5.30824  -4.72289  -1.79713  -3.14938  -4.19425  -12.2389  0.0807232 0.0504027 -4.38067  -5.42579  -2.3882   -4.74731  0.582365  -1.90441  -0.634006 53.6642   -6.07975  -5.62073  -1.73252  -3.45989  -4.57153  -13.4405  0.0882929 
data[416       : 447       ]: 0.188661  -5.23733  -5.33485  -2.34292  -5.03695  0.578     -2.16315  -0.805194 53.1071   -5.79893  -4.75333  -1.90001  -3.81746  -4.18166  -12.5899  0.0878457 0.0540203 -3.83875  -4.71803  -2.11173  -4.65918  0.53097   -2.35106  -0.603118 47.6034   -5.56779  -4.92756  -1.6451   -3.0018   -3.7692   -11.0746  0.0795215 
data[448       : 479       ]: -0.146312 -4.26096  -4.2629   -1.92616  -4.07258  0.493808  -1.96597  -0.566186 46.0341   -4.60748  -4.36627  -1.64395  -3.24938  -3.91032  -11.6244  0.0749939 0.0439215 -4.74608  -5.07417  -2.21617  -4.68642  0.554903  -2.12797  -0.685967 51.1704   -5.42774  -5.24688  -1.5563   -3.33278  -4.41305  -12.3399  0.0842324 
data[480       : 511       ]: -0.0930372-4.3909   -5.06738  -2.43825  -4.9018   0.554147  -1.7887   -0.71132  50.6615   -5.2673   -4.59093  -1.85553  -3.65886  -4.23047  -12.3052  0.0839839 0.0993214 -3.75775  -4.25143  -2.31464  -4.24741  0.500687  -2.46088  -0.807851 45.2238   -5.1367   -4.90091  -1.43569  -3.21374  -3.16749  -10.2046  0.0753245 
data[512       : 543       ]: -0.104691 -2.14052  -2.53401  -0.889904 -2.025    0.245568  -0.907521 -0.254611 22.6663   -2.10545  -2.26954  -0.597194 -1.45501  -2.02297  -5.6425   0.0370634 -0.159049 -1.67129  -2.35828  -1.09608  -2.26649  0.256985  -1.14764  -0.288214 23.5263   -2.1495   -2.11871  -0.898263 -1.85319  -2.36176  -5.45353  0.0386767 
data[544       : 575       ]: -0.156007 -1.65198  -2.12752  -0.962705 -2.10984  0.254967  -0.939862 -0.218387 23.5463   -2.46018  -2.38666  -0.833825 -1.85468  -1.66786  -6.47007  0.0383155 0.0941622 -1.28753  -1.91961  -0.926909 -2.00017  0.223261  -0.648234 -0.260801 19.2113   -2.14396  -2.32323  -0.652048 -1.45862  -1.15886  -4.78162  0.0328846 
data[576       : 607       ]: -0.226363 -2.75861  -2.77704  -0.962181 -2.55798  0.290997  -0.704575 -0.194932 26.6457   -2.56879  -2.71396  -0.921278 -1.34445  -2.10788  -7.14252  0.0438404 -0.226467 -2.14144  -2.82684  -1.46037  -2.82152  0.318642  -1.7152   -0.356041 28.9931   -2.67697  -2.28419  -1.03557  -2.25913  -2.21043  -7.34512  0.0475893 
data[608       : 639       ]: -0.231774 -2.202    -2.8852   -1.40095  -2.8601   0.327536  -1.28514  -0.235112 30.4311   -3.35109  -3.50597  -1.04125  -1.70647  -2.20979  -7.89306  0.0492302 0.137112  -1.33745  -2.44282  -1.13975  -2.5411   0.291661  -1.11772  -0.563092 25.2348   -3.16575  -2.63917  -0.828929 -2.11363  -1.71978  -6.09722  0.0428679 
data[640       : 671       ]: 0.0733305 -2.09073  -3.09589  -1.27148  -2.73737  0.307973  -1.17527  -0.345695 27.88     -2.62776  -2.66415  -0.844918 -1.89681  -2.50614  -7.05114  0.0460902 -0.385689 -2.43683  -2.95179  -1.26156  -2.75698  0.31926   -1.44222  -0.363615 29.1048   -3.01117  -2.32467  -1.20509  -2.03569  -2.333    -6.96367  0.0479404 
data[672       : 703       ]: -0.281393 -2.54676  -2.613    -1.17727  -2.66857  0.324539  -0.990494 -0.447028 30.1954   -3.81303  -3.03219  -1.08729  -1.96463  -2.20178  -7.74572  0.0492664 0.129548  -1.59036  -2.47448  -1.12414  -2.381    0.293832  -0.803921 -0.491907 25.3203   -2.89487  -2.90287  -0.923887 -2.07549  -1.69744  -6.42672  0.043386  
data[704       : 735       ]: -0.0541388-2.54248  -2.68157  -1.26185  -2.5466   0.277902  -1.07435  -0.24519  26.0753   -2.09093  -2.43484  -0.666716 -1.42802  -2.44906  -6.91995  0.0424781 -0.152755 -2.4643   -2.83639  -1.2389   -2.61927  0.303245  -1.07726  0.0580193 27.4652   -2.72383  -2.46451  -1.17198  -2.18512  -2.21557  -6.72202  0.0454681 
data[736       : 767       ]: -0.0328544-2.22377  -2.58322  -1.40004  -2.55356  0.308219  -1.13     -0.345124 28.3034   -2.94745  -3.03511  -1.17614  -1.98108  -2.13121  -7.11859  0.0465914 -0.0486069-2.08808  -2.15265  -1.01676  -2.3196   0.282457  -1.03545  -0.360864 24.4049   -2.69969  -2.74993  -0.966606 -1.7317   -1.34121  -6.21789  0.0417204 
data[768       : 799       ]: 0.0465405 -0.27365  -0.616216 -0.124001 -0.395594 0.0463217 -0.182916 -0.07577423.96632   -0.390272 -0.391548 -0.061459 -0.331607 -0.226947 -0.995894 0.006694730.0382498 -0.0680777-0.131525 -0.0836731-0.321501 0.0221066 -0.152196 -0.05320651.84278   -0.24083  -0.116519 -0.0136716-0.0762803-0.110454 -0.538399 0.0031986 
data[800       : 831       ]: 0.0303452 -0.0398626-0.319214 -0.0311086-0.19961  0.0202963 -0.05716070.0243614 1.71048   -0.166318 -0.165856 0.0222502 -0.184768 -0.140311 -0.506342 0.00281468-0.000979275-0.00549279-0.223528 -0.0954287-0.200743 0.0189698 -0.0547525-0.01094871.74615   -0.152754 -0.292235 -0.0100736-0.218469 -0.078224 -0.424176 0.00268106
data[832       : 863       ]: 0.128689  -0.229038 -0.762776 -0.137668 -0.395752 0.0549704 -0.237815 0.005266084.77324   -0.473683 -0.561209 -0.192863 -0.334383 -0.307237 -1.33765  0.0079056 -0.02069340.0420247 -0.250154 -0.0683808-0.260189 0.0268636 -0.215744 -0.03313412.21556   -0.225209 -0.295383 -0.0647693-0.18347  -0.0562313-0.614741 0.00365412
data[864       : 895       ]: -0.06399  -0.127219 -0.374475 -0.0778258-0.268236 0.0287537 -0.158191 -0.05670922.45449   -0.19892  -0.340823 -0.0365601-0.0519396-0.101689 -0.630702 0.004034770.00116073-0.0589872-0.22911  -0.0856028-0.202617 0.0228841 -0.100935 0.0469402 1.95559   -0.130539 -0.233016 -0.0208039-0.37236  -0.0409482-0.554868 0.0032079 
data[896       : 927       ]: -0.042109 -0.248038 -0.678352 -0.0776704-0.374251 0.0511461 -0.2126   -0.02231364.58509   -0.434452 -0.419912 -0.170388 -0.376    -0.305523 -1.28195  0.007322760.00507228-0.077785 -0.205094 -0.112503 -0.434292 0.0293548 -0.232315 0.0188052 2.50262   -0.319499 -0.278537 -0.137203 -0.093949 0.0138263 -0.682569 0.00407072
data[928       : 959       ]: 0.020774  -0.0811759-0.275594 -0.0270816-0.266347 0.0240286 -0.177479 0.0100836 2.14152   -0.14407  -0.289267 -0.0802256-0.114002 0.000259739-0.744752 0.003330340.00997832-0.0817772-0.198072 -0.053516 -0.236267 0.0192876 -0.0701328-0.009765841.79863   -0.113623 -0.152981 -0.0736119-0.14333  -0.053165 -0.644439 0.00278126
data[960       : 991       ]: 0.0651888 -0.359179 -0.729358 -0.0543235-0.473064 0.0561519 -0.0927034-0.04202454.76081   -0.52125  -0.543374 -0.114919 -0.222473 -0.432897 -1.30475  0.008161820.00593508-0.0590553-0.389996 -0.119859 -0.176428 0.0313858 -0.27887  -0.057619 2.64744   -0.252341 -0.371134 -0.0559973-0.193973 -0.0648651-0.668936 0.00431651
data[992       : 1023      ]: -0.0572319-0.0884258-0.22037  -0.0821213-0.220652 0.0307082 -0.109192 0.0355367 2.55078   -0.278808 -0.27483  -0.0169025-0.205154 -0.156001 -0.911664 0.004327710.000483111-0.035375 -0.29306  -0.06848  -0.221135 0.0244732 -0.113435 -0.006338572.19895   -0.154225 -0.270896 -0.0486282-0.241935 -0.117082 -0.65676  0.0034466 
data[1024      : 1055      ]: 0.0138894 0.0325406 -0.0637202-0.0472019-0.131715 0.0121796 -0.0333725-0.02521361.07743   -0.201653 -0.117305 -0.0975056-0.0804608-0.0733922-0.266304 0.001807910.047767  -0.20136  -0.0793843-0.0593252-0.101582 0.0122462 -0.175732 -0.02794191.13106   -0.145822 -0.182383 -0.0405681-0.101607 -0.0110405-0.06616150.00183794
data[1056      : 1087      ]: 0.0110182 -0.144369 -0.212568 -0.0420996-0.141553 0.0147491 -0.0901587-0.02050721.32206   -0.0980554-0.148131 -0.007495920.0198966 -0.126411 -0.338571 0.00219541-0.0281463-0.25815  -0.147763 -0.122054 -0.147973 0.0227755 -0.113458 -0.06141552.25515   -0.22594  -0.10239  -0.113158 -0.189561 -0.306885 -0.464714 0.00367927
data[1088      : 1119      ]: 0.0252113 0.00414219-0.0987512-0.0516296-0.167783 0.0164426 -0.0489756-0.06895271.58512   -0.0988179-0.184356 -0.115032 -0.110756 -0.147047 -0.541286 0.0024654 0.0279356 -0.239394 -0.210225 -0.0618073-0.215261 0.0184194 -0.0744942-0.114457 1.62927   -0.19454  -0.168461 -0.0918495-0.0994028-0.0383959-0.170126 0.00278769
data[1120      : 1151      ]: 0.00485183-0.140232 -0.20366  -0.0958337-0.196034 0.0191336 -0.116159 -0.03881911.66456   -0.164936 -0.145589 -0.0397368-0.00353067-0.0881065-0.458743 0.00283271-0.000991083-0.281647 -0.307747 -0.134469 -0.239378 0.0303293 -0.209836 -0.01672172.85649   -0.205841 -0.207504 -0.0744543-0.273213 -0.228625 -0.710954 0.00456529
data[1152      : 1183      ]: 0.0333856 -0.00145299-0.121322 -0.0569344-0.131975 0.0172958 -0.01963950.0242948 1.55375   -0.225237 -0.293322 -0.0398769-0.16021  -0.1263   -0.454979 0.002522340.0456425 -0.263866 -0.0799916-0.0554212-0.183883 0.0163656 -0.0722232-0.03279291.47795   -0.144324 -0.205707 -0.121119 -0.110529 -0.133097 -0.139553 0.00255347
data[1184      : 1215      ]: 0.0365562 -0.151225 -0.162943 -0.0792991-0.158734 0.0199941 -0.0428137-0.05164871.84811   -0.162445 -0.155479 -0.0743333-0.0627552-0.173507 -0.632572 0.003098530.0115191 -0.257475 -0.263115 -0.120154 -0.273007 0.0299848 -0.117474 0.0238329 2.80512   -0.30971  -0.204011 -0.083948 -0.224533 -0.266552 -0.755049 0.00457061
data[1216      : 1247      ]: -0.01626630.0146719 -0.0920482-0.0507966-0.259343 0.018492  -0.005924550.0108745 1.66651   -0.206613 -0.147773 -0.084712 -0.0965022-0.146978 -0.606335 0.00274058-0.072868 -0.210868 -0.22721  -0.112425 -0.159943 0.0193076 0.0486919 -0.05340611.69788   -0.190305 -0.249416 -0.0445421-0.173729 -0.0376017-0.236426 0.0028656 
data[1248      : 1279      ]: 0.0046495 -0.104294 -0.204028 -0.0595631-0.28858  0.0170581 -0.026388 -0.06503771.61344   -0.205721 -0.0662322-0.056254 -0.0103013-0.137502 -0.413841 0.0025964 -0.105842 -0.222137 -0.289118 -0.157449 -0.154947 0.0297823 -0.123759 -0.05168952.75986   -0.242115 -0.241264 -0.110098 -0.304002 -0.268216 -0.523531 0.00452605
data[1280      : 1311      ]: -0.0517939-1.87348  -2.39905  -0.959626 -2.18487  0.252664  -0.90313  -0.284945 22.8969   -2.61197  -2.01071  -0.634181 -1.81354  -1.54555  -5.91467  0.0379101 0.00488783-2.31259  -2.19538  -1.05398  -2.55618  0.274865  -1.02454  -0.512414 25.3421   -2.70691  -2.50441  -0.780003 -1.77889  -2.24804  -5.9904   0.0418303 
data[1312      : 1343      ]: 0.103494  -2.2678   -2.56011  -1.15287  -2.74227  0.273013  -0.902474 -0.27053  24.9222   -2.51459  -2.77333  -1.08052  -1.63306  -1.69963  -5.74252  0.0410108 0.10352   -2.50833  -2.72072  -1.21914  -2.79866  0.291628  -1.08377  -0.529216 27.1687   -3.31501  -2.59426  -0.802798 -1.73314  -2.1973   -6.106    0.0445375 
data[1344      : 1375      ]: 0.213072  -1.74254  -2.83577  -1.18435  -2.73747  0.298063  -1.30598  -0.367656 27.5952   -3.15179  -2.56266  -0.813609 -2.11122  -2.04976  -7.28814  0.044651  -0.0991084-2.31031  -2.97774  -1.39175  -2.67704  0.322895  -1.38704  -0.43275  29.7105   -3.03382  -3.24138  -0.816403 -2.19732  -2.92014  -6.59741  0.0488174 
data[1376      : 1407      ]: -0.0231549-2.47526  -2.93121  -1.45432  -3.02474  0.317866  -1.38585  -0.244815 28.6867   -2.93735  -2.68577  -1.26897  -2.11795  -1.6219   -6.88062  0.0473556 0.0108298 -3.36503  -3.04205  -1.50449  -3.21122  0.33882   -1.09224  -0.483154 31.4663   -3.52214  -2.96838  -0.708026 -1.98908  -2.54383  -7.43828  0.0519644 
data[1408      : 1439      ]: -0.0567628-2.37206  -2.33976  -1.35415  -2.50779  0.301993  -1.27087  -0.292069 27.6969   -3.07565  -2.97822  -0.834086 -1.81306  -1.67787  -7.47202  0.0455171 -0.147628 -2.69687  -2.53861  -1.27657  -2.9039   0.317661  -1.33205  -0.270081 29.0069   -3.0885   -3.29072  -1.03559  -1.88994  -3.01648  -5.88584  0.0482426 
data[1440      : 1471      ]: -0.00290339-2.73763  -2.83542  -1.49578  -2.89962  0.316252  -1.56233  -0.168241 28.7372   -2.97484  -2.4826   -1.3709   -1.8158   -1.92074  -6.83431  0.0476165 -0.115073 -2.84126  -3.20033  -1.31711  -2.96663  0.34108   -1.54689  -0.418993 31.2279   -3.53057  -2.9629   -0.99245  -2.00568  -2.29359  -7.42873  0.0512683 
data[1472      : 1503      ]: 0.103519  -2.61927  -3.13413  -1.14074  -2.55103  0.323331  -0.91759  -0.380669 29.7596   -3.31451  -3.14492  -0.898411 -2.2268   -1.96523  -7.94174  0.0485813 0.259865  -2.63916  -3.46239  -1.36422  -3.41318  0.361233  -1.61846  -0.293411 33.0288   -3.33203  -3.37308  -1.00652  -2.24661  -2.85465  -8.10045  0.0542635 
data[1504      : 1535      ]: -0.0288376-2.71563  -3.59066  -1.68602  -3.19179  0.364002  -1.4458   -0.193559 32.9462   -3.62888  -3.39147  -1.2055   -2.16221  -2.30662  -7.81776  0.0545111 -0.0273527-2.90652  -3.66387  -1.47403  -3.53335  0.378237  -1.52699  -0.437532 34.2589   -3.66837  -3.28234  -0.98162  -2.47932  -2.5019   -8.2105   0.0565663 
data[1536      : 1567      ]: -0.033773 -0.107735 -0.11169  -0.0703457-0.142232 0.0150408 0.023871  -0.05853161.45339   -0.241478 -0.181826 -0.000839635-0.0506548-0.065061 -0.430472 0.002338810.0105325 -0.151081 -0.133131 -0.0663194-0.206055 0.0167667 -0.07956780.0191854 1.39681   -0.156337 -0.18405  -0.0288446-0.0549065-0.153018 -0.232452 0.00246397
data[1568      : 1599      ]: 0.0312258 -0.106904 -0.180932 -0.0873171-0.165802 0.0160968 -0.00516663-0.003904471.49315   -0.14153  -0.151938 -0.0454892-0.106814 -0.15423  -0.392902 0.00245955-0.0442632-0.0906248-0.228493 -0.0980897-0.20617  0.0238332 -0.155751 0.005168272.22486   -0.23683  -0.241244 -0.108164 -0.156081 -0.128135 -0.563499 0.00348324
data[1600      : 1631      ]: -0.015977 -0.1106   -0.151261 -0.105703 -0.079927 0.0138853 -0.106166 -0.02152321.2744    -0.180799 -0.156869 -0.0374619-0.05880790.0581272 -0.323375 0.002054850.0108774 -0.174836 -0.113186 -0.0931931-0.157934 0.0152101 -0.09272260.0214013 1.50481   -0.0998146-0.198607 -0.00901539-0.146394 -0.0624634-0.406451 0.00231719
data[1632      : 1663      ]: -0.000564269-0.150676 -0.147667 -0.168764 -0.268581 0.0173204 -0.00530693-0.009999861.57139   -0.127964 -0.122494 -0.065483 -0.0454334-0.114456 -0.364015 0.002700530.0157585 -0.282235 -0.168811 -0.108347 -0.09206930.0225663 -0.167439 0.0716903 2.10026   -0.214914 -0.202554 -0.131046 -0.192687 -0.0454658-0.608054 0.00335265
data[1664      : 1695      ]: -0.0298648-0.170697 -0.153565 -0.0731723-0.09652010.0144063 0.0136609 -0.02349521.28142   -0.170143 -0.087624 -0.0398933-0.0710782-0.060679 -0.334931 0.0021804 0.0264383 -0.130146 -0.138064 -0.0835553-0.110206 0.0156215 -0.158554 -0.06739071.47986   -0.0952013-0.12256  -0.106624 -0.0466332-0.158533 -0.306881 0.00242608
data[1696      : 1727      ]: 0.0284651 -0.132928 -0.233864 -0.0559411-0.099047 0.0155468 -0.004861380.0215009 1.3834    -0.108588 -0.164741 0.00240152-0.127799 -0.0997549-0.426098 0.002304050.0247307 -0.0713573-0.211327 -0.124333 -0.103959 0.0182682 -0.161587 0.0239981 1.72965   -0.21959  -0.167294 -0.0504225-0.090073 -0.196238 -0.403222 0.00275824
data[1728      : 1759      ]: -0.0517886-0.195867 -0.503013 -0.24871  -0.328791 0.0443873 -0.29229  -0.01222183.71429   -0.393945 -0.407237 -0.0599558-0.155251 -0.309645 -0.806426 0.006464020.00462496-0.318004 -0.34875  -0.0473548-0.468089 0.0429504 -0.119571 0.0457333 3.94555   -0.362156 -0.294844 -0.143805 -0.349038 -0.353813 -1.23977  0.00633449
data[1760      : 1791      ]: -0.00607133-0.284519 -0.447295 -0.18574  -0.443819 0.0453769 -0.134689 0.0115912 4.02431   -0.372706 -0.468029 -0.153555 -0.251144 -0.275509 -1.06487  0.00666291-0.000180437-0.336639 -0.377205 -0.127928 -0.424912 0.0486484 -0.154193 -0.04394654.23327   -0.514242 -0.483742 -0.154066 -0.267215 -0.261541 -1.14326  0.00714924
data[1792      : 1823      ]: 0.0120442 -0.0570197-0.04847250.00104369-0.04170630.00524507-0.00247989-0.01195590.488933  -0.0358536-0.0260079-0.0384672-0.0501742-0.018061 -0.177858 0.0007905880.00668545-0.0638558-0.0888302-0.0328136-0.05149490.00624022-0.0536855-0.0002334670.556264  -0.0712239-0.04033260.00540977-0.0173012-0.0455917-0.110185 0.000948405
data[1824      : 1855      ]: -0.01893120.0311639 -0.0382218-0.000214174-0.07869870.00527236-0.0344365-0.002096980.41605   -0.0412495-0.0561837-0.00719437-0.0331279-0.0274188-0.115412 0.0006986740.00483689-0.0122211-0.110625 -0.013741 -0.123167 0.0106815 -0.02645050.009954690.891839  -0.150015 -0.105298 -0.058249 -0.0529352-0.047846 -0.218274 0.00150977
data[1856      : 1887      ]: 0.00122435-0.00808785-0.00838148-0.008817919.06656e-050.000239198-0.0001565930.0008800390.0259463 1.56861e-057.7931e-050.0004866963.26032e-050.00199992-0.005593264.37563e-050.0005829170.00178108-0.001891669.94605e-054.61475e-050.0001630360.0017141 0.0005927340.0155785 7.01011e-065.15777e-050.000202391-0.01870410.000898174-0.001143562.2136e-05
data[1888      : 1919      ]: 0.000695653-0.0005205752.94819e-050.0001018064.43652e-050.000141837-0.0005319990.000530210.0163173 -0.00977068-0.005374960.000235090.0004124260.000652851-0.002986332.35232e-050.00309891-0.0533891-0.0256386-0.0311187-0.06345410.003603880.0376391 0.013758  0.339204  -0.0206223-0.007228920.00641937-0.0378886-0.0295964-0.135362 0.000575018
data[1920      : 1951      ]: 0.0008628960.00242091-0.003464120.000118623-0.005033760.0002095890.002400490.0006605880.0212125 -0.001950535.25195e-050.0002650910.0006576460.00129367-0.01973372.76415e-05-0.00157860.001916643.09337e-050.000110336-0.008448330.0001679620.001442970.0005103780.0105867 8.42167e-06-0.003344460.0002137880.000439676-0.002256660.0001793962.08808e-05
data[1952      : 1983      ]: -0.01257880.00364675-0.005928660.0003495370.0001507380.000585786-0.01212730.001963680.0491945 -0.0161239-0.009100950.000760749-0.004171060.002789810.000523496.5661e-050.0206494 -0.122843 -0.0294309-0.00160517-0.09596710.005121060.0337405 0.0194523 0.4962    -0.0485479-0.0233452-0.0148567-0.0269983-0.0647213-0.147685 0.000836684
data[1984      : 2015      ]: -0.01098930.0005283763.57276e-050.0001223275.91892e-050.0002188530.00179797-0.002651330.0101203 9.67082e-065.05062e-050.000255025-0.001014250.001241880.0001901772.48477e-050.0003784030.0009769591.73167e-055.48108e-052.61879e-058.76898e-050.0009244380.000291220.009081164.25303e-06-0.008104150.0001157370.000270970.000541002-0.004677011.10145e-05
data[2016      : 2047      ]: -0.004629240.00387848-0.002269320.0002566140.0001119430.000397362-0.01076150.001391430.0317302 1.98847e-05-0.02187950.0005084780.001004690.00251567-0.002315964.08469e-05-0.0109967-0.0712531-0.00157435-0.00999353-0.08136470.0042166 0.0404198 -0.01914740.372909  -0.0334204-0.0247127-0.00944275-0.038778 -0.0348924-0.08263620.000666511
data[2048      : 2079      ]: -0.159169 -3.30664  -3.80991  -1.60124  -4.02707  0.450698  -1.74535  -0.237078 41.5092   -4.12247  -4.00265  -1.06484  -3.32738  -3.02229  -11.6012  0.0673912 0.0955918 -3.24262  -4.60619  -1.90202  -4.62301  0.507793  -2.22823  -0.583247 46.0774   -4.76365  -4.9628   -1.5729   -3.32888  -3.3848   -11.5581  0.0756549 
data[2080      : 2111      ]: -0.102098 -3.26658  -4.54809  -1.92884  -4.4542   0.509721  -2.18364  -0.624972 46.1588   -4.78961  -5.0328   -1.65935  -3.26551  -3.65726  -11.2315  0.075949  -0.0965819-3.07277  -4.36661  -1.73769  -4.61573  0.491102  -2.74802  -0.723148 43.6954   -4.76193  -4.38886  -1.28763  -3.11535  -2.81004  -10.5344  0.072336  
data[2112      : 2143      ]: -0.21382  -3.51849  -4.33095  -1.66494  -4.32214  0.489495  -1.98718  -0.236191 44.397    -3.91759  -4.40799  -1.33087  -3.43172  -3.21729  -12.3799  0.0726689 0.190248  -3.26694  -5.04952  -2.07793  -4.87601  0.538045  -2.44964  -0.505866 48.3836   -4.89169  -5.28536  -1.7182   -3.30821  -3.69426  -12.068   0.0797675 
data[2144      : 2175      ]: -0.247815 -3.31107  -4.92721  -2.10864  -4.94993  0.546202  -2.13513  -0.407792 48.5857   -5.1681   -5.08394  -1.79267  -3.43404  -3.61272  -12.0335  0.080677  -0.0723513-3.10465  -4.66941  -2.009    -4.7527   0.520764  -2.86386  -0.754518 46.5183   -4.81609  -4.88043  -1.50775  -3.15806  -3.0065   -11.5205  0.076811  
data[2176      : 2207      ]: -0.204221 -3.073    -4.40649  -1.57401  -4.11809  0.482859  -1.94189  -0.363605 43.942    -4.06841  -4.44656  -1.422    -3.24864  -3.23509  -12.3944  0.0715861 0.10041   -3.27436  -5.13339  -2.12803  -4.7044   0.541351  -2.14203  -0.321264 48.7395   -4.73946  -5.61083  -1.43274  -3.93136  -3.8294   -12.2143  0.0803022 
data[2208      : 2239      ]: -0.211541 -3.61235  -5.27232  -1.86246  -4.97268  0.548372  -2.2162   -0.429565 48.9125   -5.01012  -5.34809  -1.54205  -3.41028  -3.55908  -12.095   0.0809464 -0.174085 -3.02583  -4.90401  -1.85664  -4.94072  0.524355  -2.68133  -0.877169 46.747    -5.01556  -4.62048  -1.58089  -3.30603  -2.9863   -11.3795  0.0771293 
data[2240      : 2271      ]: -0.11232  -2.86209  -3.82359  -1.51312  -3.87228  0.446016  -2.02697  -0.281538 40.8239   -3.55998  -4.12577  -1.07232  -3.0352   -3.37472  -11.6763  0.066315  -0.136046 -3.03379  -4.91584  -1.72578  -4.65693  0.507824  -2.23111  -0.574621 45.5928   -4.57808  -4.89575  -1.38263  -3.36866  -3.62697  -11.0495  0.0750525 
data[2272      : 2303      ]: -0.179313 -3.32943  -4.86654  -1.89236  -4.77002  0.506503  -1.77367  -0.343435 44.94     -4.78158  -4.76296  -1.48377  -2.88007  -3.24021  -11.2181  0.0748955 0.0990151 -2.92445  -4.47118  -1.77225  -4.54812  0.49016   -2.63712  -0.770806 43.6579   -4.8815   -4.58172  -1.3371   -2.98406  -2.54939  -10.8615  0.0722028 
data[2304      : 2335      ]: -0.0239743-0.421094 -0.280699 -0.111532 -0.299133 0.0375631 -0.17042  -0.02587523.48228   -0.398892 -0.354    -0.0589897-0.339913 -0.172463 -0.868495 0.005640040.0641346 -0.39265  -0.451925 -0.217358 -0.480798 0.0481335 -0.138618 -0.08471154.60615   -0.716677 -0.31896  -0.244855 -0.165814 -0.483207 -1.03044  0.00759453
data[2336      : 2367      ]: -0.00222112-0.284277 -0.383392 -0.214445 -0.353838 0.0494948 -0.268549 -0.04901734.53396   -0.566818 -0.423564 -0.272682 -0.460258 -0.223987 -1.08783  0.00741414-0.00203122-0.437341 -0.403396 -0.374673 -0.608415 0.0608547 -0.343995 0.0140058 5.50738   -0.553294 -0.551448 -0.175091 -0.321689 -0.455316 -1.36475  0.00919836
data[2368      : 2399      ]: -0.0950342-0.467441 -0.342911 -0.272298 -0.548192 0.0519634 -0.236042 -0.03998684.89776   -0.47227  -0.418332 -0.187523 -0.41442  -0.212572 -1.25056  0.007867170.0740181 -0.882978 -0.644406 -0.204946 -0.609838 0.0686014 -0.277642 -0.02407556.27649   -0.613648 -0.660529 -0.280676 -0.261395 -0.346003 -1.62336  0.0103855 
data[2400      : 2431      ]: 0.0155766 -0.533072 -0.605529 -0.335825 -0.60543  0.0692874 -0.201875 -0.102803 6.2822    -0.794578 -0.513795 -0.124407 -0.369374 -0.482058 -1.70882  0.0105008 0.011768  -0.683064 -0.660464 -0.299713 -0.691386 0.085133  -0.554728 -0.05739087.64097   -0.767933 -0.841096 -0.319108 -0.611256 -0.597175 -1.6672   0.0126407 
data[2432      : 2463      ]: -0.0320362-0.467653 -0.607092 -0.114048 -0.461606 0.0515894 -0.107622 -0.008439674.92934   -0.556983 -0.473784 -0.283009 -0.348531 -0.521077 -1.00689  0.007835680.0518121 -0.619623 -0.756068 -0.379604 -0.456125 0.0712855 -0.0476782-0.03209596.61503   -0.654513 -0.652542 -0.2477   -0.453731 -0.783722 -1.6658   0.0110815 
data[2464      : 2495      ]: 0.0563991 -0.574108 -0.641999 -0.231767 -0.55341  0.0687782 -0.334185 -0.02762396.21324   -0.61284  -0.64472  -0.175446 -0.462634 -0.554414 -1.53555  0.0102772 -0.0125971-0.683251 -0.753044 -0.380772 -0.802622 0.0826581 -0.370902 -0.05611917.58898   -0.868213 -0.71542  -0.133956 -0.417038 -0.662439 -1.82782  0.0125496 
data[2496      : 2527      ]: -0.0268805-0.499652 -0.560089 -0.32008  -0.683396 0.0711117 -0.390833 -0.137273 6.75683   -0.667152 -0.504359 -0.223025 -0.486978 -0.722665 -1.61649  0.0109319 -0.120504 -0.723237 -0.874005 -0.530208 -0.872477 0.104135  -0.268311 -0.140004 9.60741   -1.06099  -0.830548 -0.452615 -0.609019 -0.976226 -2.26938  0.0159834 
data[2528      : 2559      ]: 0.0482163 -0.875731 -0.762926 -0.32767  -0.895923 0.0986161 -0.337565 -0.124689 9.05521   -1.06319  -0.914094 -0.348646 -0.617205 -0.749921 -2.19951  0.0150313 0.0016381 -1.00556  -0.84307  -0.525981 -1.03901  0.114221  -0.620615 -0.252756 10.5455   -1.19096  -1.15386  -0.367153 -0.590379 -0.728759 -2.36067  0.017365  
data[2560      : 2591      ]: -0.0220501-2.66307  -1.94756  -1.04967  -1.83477  0.223968  -0.640616 -0.476116 21.2516   -2.65533  -1.73424  -0.97679  -1.11979  -1.57277  -4.8179   0.035052  0.0224139 -2.78895  -1.67862  -1.03915  -1.67009  0.217035  -0.773467 -0.465277 21.2772   -2.33732  -2.07713  -0.555771 -1.4277   -2.18271  -4.55493  0.0344479 
data[2592      : 2623      ]: 0.0433305 -2.65089  -1.85017  -1.03302  -1.8179   0.226547  -0.379704 -0.490935 21.461    -2.32912  -2.04516  -0.723689 -1.343    -2.31544  -4.78757  0.0357687 0.264459  -2.63983  -1.66552  -1.07267  -1.63916  0.210007  -0.751787 -0.300759 19.8931   -2.42272  -1.8127   -0.993735 -1.05627  -2.09639  -3.94939  0.033338  
data[2624      : 2655      ]: 0.222832  -2.52938  -1.82775  -1.07936  -1.65373  0.211319  -0.478525 -0.407605 20.3743   -2.88454  -1.54914  -0.90202  -1.00332  -1.96613  -4.56067  0.0337319 -0.208757 -2.40567  -1.83195  -1.20029  -1.58058  0.217135  -0.759376 -0.514847 21.1737   -2.55366  -2.07889  -0.61087  -1.32899  -2.19241  -4.15882  0.034296  
data[2656      : 2687      ]: -0.0292464-2.85119  -1.52999  -1.27183  -1.76     0.212246  -0.376943 -0.393233 20.5459   -2.21332  -1.60675  -0.808706 -1.37944  -2.1529   -4.41881  0.0342545 0.304048  -2.80471  -1.39839  -1.16484  -1.59216  0.197953  -0.527641 -0.266501 19.2419   -2.46476  -1.72824  -0.773835 -0.856572 -2.10596  -4.09235  0.0320721 
data[2688      : 2719      ]: 0.12922   -2.62004  -1.93507  -1.27873  -1.89559  0.23148   -0.530977 -0.50731  21.6249   -2.85847  -1.86908  -0.852403 -1.15745  -1.70984  -4.80693  0.0362889 -0.266599 -2.75015  -1.28013  -1.07599  -1.82185  0.212736  -0.713832 -0.352816 20.5645   -2.62916  -1.80098  -0.689437 -1.03938  -2.10579  -4.28494  0.0338471 
data[2720      : 2751      ]: 0.0403523 -2.96142  -1.75052  -1.45509  -1.80504  0.221015  -0.599679 -0.192997 21.2813   -2.60581  -1.7161   -0.943667 -1.08176  -1.97156  -4.49445  0.0354306 0.197948  -3.02264  -1.81218  -1.1515   -1.37359  0.21065   -0.478824 -0.257624 20.0329   -2.41924  -1.87621  -1.07217  -0.992095 -1.80326  -4.21571  0.0335103 
data[2752      : 2783      ]: 0.127842  -3.0026   -1.90424  -1.22532  -1.53492  0.221337  -0.381862 -0.484081 21.5669   -2.66585  -1.75748  -1.0025   -1.36324  -1.6442   -4.98513  0.035352  0.240981  -3.16129  -2.12473  -1.2126   -1.82836  0.230692  -0.665042 -0.303126 22.3603   -2.61985  -2.01849  -0.862184 -1.01955  -1.56995  -5.48326  0.0364464 
data[2784      : 2815      ]: 0.119199  -2.87654  -1.98602  -1.49183  -1.69802  0.230058  -0.56464  -0.416805 22.0611   -2.29378  -1.75057  -0.809066 -1.71725  -2.51712  -4.32566  0.0369508 0.129     -2.67384  -1.67252  -1.03833  -1.45913  0.207813  -0.671236 -0.27486  19.6821   -2.39432  -1.67487  -0.752118 -1.21123  -1.87943  -4.34986  0.0328174 
data[2816      : 2847      ]: -0.0623381-0.617398 -1.02493  -0.214025 -0.913537 0.104035  -0.605208 0.0620827 9.1977    -0.783434 -0.884871 -0.209176 -0.762121 -0.693198 -2.60858  0.0149951 -0.133619 -0.520162 -1.20072  -0.456706 -1.2573   0.126703  -0.700351 -0.132839 11.3457   -1.11825  -1.37473  -0.383882 -0.843912 -0.73817  -2.63028  0.018466  
data[2848      : 2879      ]: -0.120355 -0.374624 -1.25165  -0.423449 -1.2449   0.1231    -0.424358 -0.198935 10.4006   -0.805868 -1.04624  -0.332652 -1.00126  -0.479391 -2.8375   0.0175141 -0.0615504-0.667128 -1.06765  -0.464904 -1.21328  0.122644  -1.00785  -0.070188510.9024   -0.72919  -1.2926   -0.286581 -0.5252   -0.568137 -3.0884   0.0176515 
data[2880      : 2911      ]: 0.0428782 -0.766017 -0.972634 -0.453105 -0.949337 0.116053  -0.647127 0.0150795 10.1633   -0.758787 -1.1987   -0.204183 -0.994383 -0.712484 -2.69742  0.0169053 -0.0297187-0.426792 -1.39178  -0.361048 -1.43854  0.139759  -0.698677 0.0446205 12.3332   -1.34019  -1.33752  -0.456747 -0.809115 -0.728216 -3.51924  0.0200195 
data[2912      : 2943      ]: -0.209237 -0.450275 -1.52049  -0.438748 -1.31843  0.148922  -0.675171 -0.048586112.7385   -1.37402  -1.28006  -0.32144  -1.08525  -0.565819 -3.62093  0.021094  -0.236588 -0.395937 -1.14374  -0.27286  -1.33432  0.132673  -0.895553 -0.131369 11.6913   -1.48274  -1.14866  -0.223734 -0.697745 -0.537452 -3.34217  0.0189436 
data[2944      : 2975      ]: 0.000733207-0.552966 -1.16611  -0.3153   -0.862669 0.114682  -0.524057 0.0512848 10.4498   -0.72058  -1.13279  -0.402745 -1.04025  -1.00206  -2.91388  0.0168743 0.00676104-0.444454 -1.5571   -0.435975 -1.24997  0.138306  -0.555154 -0.102197 12.2422   -1.06563  -1.32766  -0.434435 -0.877203 -0.778864 -3.57859  0.0199238 
data[2976      : 3007      ]: -0.0327729-0.594463 -1.2773   -0.347656 -1.24886  0.136301  -0.61067  -0.124143 11.5669   -1.44857  -1.1528   -0.376568 -1.02238  -0.581951 -2.90457  0.0195014 0.0511677 -0.340153 -1.24731  -0.348214 -1.40784  0.131353  -0.896057 -0.231419 11.3615   -1.15438  -1.00332  -0.219606 -0.831291 -0.808145 -3.07526  0.0189274 
data[3008      : 3039      ]: 0.0916273 -0.625439 -1.06646  -0.394408 -1.11883  0.107678  -0.67101  0.0292792 9.52892   -0.711214 -0.961427 -0.148544 -0.819408 -0.505441 -2.75079  0.0154692 0.0410488 -0.356077 -1.13033  -0.467745 -1.12699  0.124326  -0.864314 -0.020706410.8972   -1.19419  -1.33937  -0.259222 -0.813149 -0.911576 -2.59689  0.017978  
data[3040      : 3071      ]: -0.0117468-0.471788 -1.20103  -0.531872 -1.16172  0.123942  -0.375442 -0.164191 10.6066   -0.938134 -1.31641  -0.416737 -0.851279 -0.402583 -2.90541  0.0178281 -0.02907  -0.168824 -1.17659  -0.36004  -1.41315  0.122677  -0.745183 -0.150725 10.6331   -1.00869  -1.30282  -0.357321 -0.793575 -0.390606 -2.87649  0.0173099 
data[3072      : 3103      ]: 0.010882  -0.00954062-1.24508  -0.283298 -1.20581  0.112244  -0.792202 0.0679248 9.45804   -0.851216 -1.23948  -0.216328 -1.19022  -0.453252 -2.17804  0.0153728 0.0403114 -0.325489 -1.50533  -0.331881 -1.46949  0.133091  -0.906208 -0.060426411.5827   -1.30914  -1.32293  -0.330396 -0.579629 -0.762702 -2.87137  0.0188665 
data[3104      : 3135      ]: -0.0142013-0.616769 -1.33333  -0.573386 -1.10169  0.132674  -0.693717 0.0043089911.3598   -0.903555 -1.15254  -0.411499 -1.00321  -0.3413   -3.37051  0.0189492 -0.255938 -0.61428  -1.65498  -0.467099 -1.52308  0.145825  -0.721676 -0.104723 13.4476   -1.23866  -1.39388  -0.146219 -1.20193  -0.764118 -3.52783  0.0210005 
data[3136      : 3167      ]: 0.0804425 -0.254302 -1.51158  -0.363712 -1.40606  0.140046  -0.865895 -0.034000811.8512   -1.03013  -1.58039  -0.456307 -1.14552  -0.636045 -2.80717  0.0194509 0.026193  -0.873829 -1.53898  -0.236437 -1.64888  0.15671   -0.675392 0.0576936 13.5607   -0.927003 -1.70423  -0.484385 -0.969584 -0.730233 -4.0346   0.0222063 
data[3168      : 3199      ]: 0.0295124 -0.533918 -1.75427  -0.359828 -1.92468  0.15871   -0.782623 -0.249868 13.2242   -1.11369  -1.3629   -0.343891 -0.724162 -0.0560187-4.22858  0.0219781 -0.0591999-1.20368  -2.01361  -0.800331 -1.72168  0.180849  -1.08497  0.0147357 16.3645   -1.25248  -1.83644  -0.205137 -1.44392  -0.846244 -4.11861  0.0261967 
data[3200      : 3231      ]: -0.212937 -0.250897 -1.52398  -0.395351 -1.47908  0.131471  -1.00737  -0.13968  11.1105   -0.902684 -1.23396  -0.377441 -0.969139 -0.568446 -2.19923  0.0181898 -0.22402  -0.429996 -1.47481  -0.381744 -1.59749  0.152438  -0.827418 0.0184444 13.1383   -1.21782  -1.55439  -0.499368 -0.811013 -0.772968 -3.53967  0.0214976 
data[3232      : 3263      ]: -0.187049 -0.33934  -1.55097  -0.345562 -1.59225  0.153207  -1.05864  -0.055219 12.934    -0.842515 -1.55327  -0.169783 -1.09441  -0.419313 -3.89992  0.0210562 -0.299865 -0.721732 -1.6732   -0.549702 -1.5869   0.164791  -1.01886  -0.038831314.9173   -1.2209   -1.56603  -0.218954 -1.1886   -0.91598  -4.10618  0.0236652 
data[3264      : 3295      ]: 0.012944  0.0410373 -1.45055  -0.297035 -1.28026  0.127784  -0.94607  -0.112913 10.5236   -1.16678  -1.29729  -0.281506 -0.859566 -0.578416 -2.45262  0.0176842 -0.175764 -0.35987  -1.45016  -0.451575 -1.63407  0.146729  -0.772343 0.034473  13.0423   -1.18937  -1.41455  -0.245631 -0.762932 -0.887791 -3.90041  0.0209545 
data[3296      : 3327      ]: 0.0175712 -0.212752 -1.56244  -0.330656 -1.5571   0.141969  -0.803331 0.0780684 12.0719   -1.24884  -1.43652  -0.357187 -0.839668 -0.34932  -3.63138  0.0196526 -0.152576 -1.14792  -1.66221  -0.395491 -1.97489  0.168346  -0.927146 -0.147848 15.26     -1.27277  -1.70093  -0.462205 -0.88448  -1.02778  -3.69658  0.0244905 
data[3328      : 3359      ]: -0.117738 -1.11988  -1.4405   -0.686861 -1.75051  0.173378  -1.03345  -0.233083 15.4833   -1.90265  -1.39642  -0.350842 -1.13306  -0.569359 -3.94771  0.025387  0.0128617 -1.2948   -1.30147  -0.755378 -1.31325  0.15696   -0.973406 -0.181257 14.7833   -1.55271  -1.21028  -0.459447 -0.939305 -1.33624  -3.65963  0.0241028 
data[3360      : 3391      ]: -0.00791139-1.48416  -1.51439  -0.640454 -1.22486  0.148521  -0.409243 -0.187132 14.2456   -1.41173  -1.29956  -0.581496 -1.27002  -1.2201   -3.16597  0.0228872 0.0298728 -1.37844  -1.02427  -0.587012 -1.11601  0.145466  -0.706654 -0.095120812.9585   -1.77006  -1.3559   -0.454624 -0.713293 -1.03129  -2.92324  0.0220515 
data[3392      : 3423      ]: -0.111584 -1.22312  -1.31268  -0.526115 -1.44056  0.153231  -0.693751 -0.342205 13.6811   -1.61467  -1.18842  -0.510898 -0.797648 -0.8726   -3.22294  0.0228936 0.232426  -1.5717   -1.10787  -0.553172 -1.12228  0.127534  -0.332818 -0.211603 12.4083   -1.1417   -1.05452  -0.290489 -0.64705  -1.37458  -3.38073  0.0202492 
data[3424      : 3455      ]: 0.0264908 -1.31162  -1.24908  -0.578886 -1.30213  0.124741  0.0439305 -0.128488 11.6799   -1.09163  -0.951598 -0.659024 -0.910502 -1.27448  -2.43696  0.0193585 0.0560205 -1.1749   -0.943522 -0.544852 -0.692012 0.126184  -0.463984 -0.093465311.8067   -1.50105  -1.34597  -0.512046 -0.722009 -1.24916  -2.76563  0.0196811 
data[3456      : 3487      ]: -0.00542087-1.01005  -1.47947  -0.597394 -1.26979  0.155697  -0.731331 -0.187486 13.8287   -1.86538  -1.37157  -0.593241 -0.64864  -0.795434 -3.45231  0.0231301 0.047255  -1.44834  -1.18654  -0.640098 -1.26565  0.138063  -0.363777 -0.193097 13.2371   -1.1595   -1.33715  -0.228654 -0.963571 -1.5592   -3.09851  0.0216591 
data[3488      : 3519      ]: 0.0501439 -1.62044  -1.02367  -0.657786 -1.18247  0.128126  -0.382476 -0.0012812812.0822   -0.892494 -1.18133  -0.576762 -0.934426 -1.25258  -2.57477  0.0200048 -0.121288 -1.12395  -1.16939  -0.387259 -0.935654 0.122092  -0.127712 -0.112314 11.2411   -1.83855  -1.17245  -0.420083 -0.484834 -0.872114 -2.61617  0.0185465 
data[3520      : 3551      ]: -0.0489268-0.87786  -1.09517  -0.43901  -1.04738  0.129942  -0.739473 -0.192588 11.5058   -1.43253  -1.08576  -0.513818 -0.83845  -0.533642 -2.8102   0.0191204 0.0401121 -1.29257  -0.98428  -0.539674 -0.843224 0.109781  -0.247816 -0.132183 10.6439   -1.14364  -0.79398  -0.223665 -0.676009 -1.12499  -2.8091   0.0173626 
data[3552      : 3583      ]: 0.102803  -1.24303  -0.914105 -0.624813 -0.962092 0.112612  -0.375239 -0.006730610.8638   -1.03881  -0.998755 -0.436854 -0.893435 -1.16743  -2.43558  0.0176532 0.00371873-1.08871  -0.920119 -0.520104 -0.730927 0.107067  -0.193268 -0.164234 9.92343   -1.29547  -1.02621  -0.245276 -0.634057 -0.73111  -2.50131  0.0165865 
data[3584      : 3615      ]: -0.185357 -2.04053  -3.03442  -0.830185 -2.99189  0.313526  -1.43255  -0.044144227.8025   -2.28623  -2.89578  -0.501344 -2.45922  -2.01187  -7.44816  0.0456179 0.0989052 -1.81662  -3.84776  -1.19853  -3.67292  0.37513   -2.21755  -0.200521 33.4466   -3.09965  -3.55843  -1.25913  -2.64502  -2.15169  -8.3072   0.0543542 
data[3616      : 3647      ]: -0.0891325-1.56605  -3.42679  -1.28902  -3.71791  0.373595  -1.63555  -0.248105 33.0825   -3.16782  -3.90547  -0.973062 -2.70959  -1.94633  -8.83544  0.0541574 -0.0962261-1.75912  -3.9122   -1.36365  -3.69968  0.387533  -2.00687  -0.303412 33.7846   -3.53412  -3.49699  -0.919801 -2.77995  -1.54468  -8.81129  0.0558621 
data[3648      : 3679      ]: -0.387755 -2.43477  -3.75488  -1.04858  -3.49713  0.377695  -1.6001   0.204959  33.8838   -2.6687   -3.38062  -0.97728  -2.83819  -1.83307  -10.0999  0.0545238 -0.127951 -1.7917   -4.47429  -1.27992  -4.51013  0.44649   -2.3271   -0.312598 39.156    -3.30209  -4.59431  -1.29447  -3.29412  -2.18898  -10.1687  0.0638499 
data[3680      : 3711      ]: -0.261555 -1.85251  -4.27931  -1.57247  -4.42791  0.452006  -2.20781  -0.279665 39.2103   -3.85285  -4.26524  -1.16059  -2.88889  -2.24129  -10.4372  0.065016  -0.17239  -2.08929  -4.69626  -1.80645  -4.15007  0.472934  -2.39915  -0.371378 41.1618   -4.24021  -4.35379  -0.980037 -3.43971  -1.96542  -11.0387  0.0681462 
data[3712      : 3743      ]: -0.176279 -2.23223  -3.42556  -1.23883  -3.45374  0.375023  -1.93774  -0.095125232.772    -2.55474  -3.4892   -0.710415 -2.5235   -2.06268  -9.30132  0.054315  -0.517989 -2.00041  -3.9741   -1.4182   -3.96813  0.436001  -1.96212  -0.105368 38.2366   -3.69741  -4.2892   -1.22444  -3.04725  -2.83265  -9.69866  0.0633232 
data[3744      : 3775      ]: -0.527675 -1.75436  -4.2512   -1.4268   -4.30046  0.455682  -2.07966  -0.157987 39.7388   -4.02597  -4.34706  -1.28566  -2.98796  -2.3863   -10.7289  0.065537  -0.457585 -1.98837  -4.67521  -1.30242  -4.2686   0.464254  -2.31993  -0.436603 40.4512   -4.12148  -4.59871  -1.21547  -3.14306  -1.89269  -10.5617  0.0663703 
data[3776      : 3807      ]: -0.301698 -2.44027  -3.68376  -1.37088  -3.80312  0.395941  -1.81051  0.0062705135.8681   -2.70034  -3.56678  -0.717711 -2.93482  -2.44496  -10.5534  0.0579819 -0.110604 -1.91174  -4.52914  -1.28263  -4.55641  0.468381  -2.52328  -0.145571 41.2295   -3.74185  -4.56728  -1.19622  -3.34938  -2.96513  -10.8861  0.0674823 
data[3808      : 3839      ]: 0.0346839 -2.6427   -4.54084  -1.61099  -4.50569  0.475633  -2.17547  -0.157351 41.599    -4.33704  -4.77439  -1.41184  -2.68119  -2.29719  -11.0438  0.0691193 -0.115678 -2.52161  -4.52462  -1.5658   -4.76789  0.492901  -2.60503  -0.492404 43.1106   -4.40166  -4.75226  -1.27588  -3.10369  -2.11175  -11.4364  0.0712001 
data[3840      : 3871      ]: 0.0603633 -1.11064  -1.19014  -0.589572 -1.4182   0.146845  -0.442889 -0.141088 13.6133   -1.51468  -1.40767  -0.4666   -1.04354  -1.13255  -3.38523  0.0223123 0.111265  -1.17902  -1.44625  -0.517542 -1.36271  0.151668  -0.561399 -0.308895 14.1119   -1.59983  -1.58472  -0.723847 -0.676957 -1.24242  -3.19424  0.0229691 
data[3872      : 3903      ]: 0.0684126 -1.50293  -1.2579   -0.702078 -1.37732  0.162115  -0.801553 -0.268924 14.9765   -1.58805  -1.36338  -0.640077 -0.885817 -1.19821  -3.64558  0.0247862 -0.0895997-1.51549  -1.65142  -0.787705 -1.4927   0.175025  -0.695095 -0.177739 16.3829   -1.57527  -1.5865   -0.633687 -1.11473  -1.39106  -3.87356  0.0266329 
data[3904      : 3935      ]: -0.0216648-0.48728  -0.966591 -0.505958 -0.821157 0.101664  -0.492919 -0.111636 9.25984   -1.21832  -0.850888 -0.383445 -0.549793 -0.877961 -2.08923  0.0153335 -0.105018 -1.21612  -0.962739 -0.718657 -1.03599  0.119191  -0.442424 -0.195351 10.9204   -0.963577 -1.14698  -0.473449 -0.616374 -0.881602 -2.29958  0.0183084 
data[3936      : 3967      ]: 0.020497  -1.13486  -0.94323  -0.552031 -1.06229  0.113588  -0.269066 -0.234243 10.5774   -1.173    -1.07688  -0.366073 -0.501842 -0.728127 -2.68746  0.017564  -0.0288298-1.59733  -1.27078  -0.744154 -1.17846  0.142201  -0.565905 -0.216849 13.4646   -1.22385  -1.44071  -0.476678 -0.870091 -1.18412  -2.83107  0.0219977 
data[3968      : 3999      ]: 0.0949206 -0.546743 -0.924337 -0.391448 -0.976708 0.105445  -0.32378  -0.371581 9.69051   -0.980665 -1.02959  -0.406374 -0.561889 -1.12893  -2.26491  0.0160896 -0.0162648-1.20136  -1.11831  -0.498629 -0.993817 0.121906  -0.590949 -0.172821 11.3899   -1.35316  -1.07287  -0.483957 -0.600901 -0.884853 -2.54254  0.0186721 
data[4000      : 4031      ]: 0.00235533-1.07381  -1.24066  -0.47419  -1.27161  0.121672  -0.329483 -0.103284 11.2211   -1.22743  -1.2429   -0.324422 -0.406107 -0.948101 -2.72149  0.0184206 -0.0587889-1.27696  -1.14816  -0.633848 -1.10403  0.137261  -0.801785 -0.244693 12.976    -1.16374  -1.11994  -0.382934 -0.983127 -1.25093  -2.96536  0.0210043 
data[4032      : 4063      ]: 0.0349588 -0.425948 -0.782116 -0.347946 -0.825642 0.0921257 -0.472032 -0.08155938.37716   -0.992718 -0.678023 -0.25888  -0.590809 -0.848374 -2.21403  0.0138329 -0.0658566-1.08066  -1.01763  -0.475802 -0.962343 0.106141  -0.0629886-0.043753610.022    -0.988433 -0.866695 -0.540287 -0.823455 -0.997927 -2.21872  0.0164242 
data[4064      : 4095      ]: 0.127692  -1.09993  -1.11462  -0.460705 -0.869225 0.106873  -0.592335 -0.139178 9.71783   -1.28335  -0.657521 -0.497949 -0.491433 -0.443443 -2.31881  0.0161053 -0.0415679-1.4133   -1.04676  -0.627686 -1.10871  0.128428  -0.868215 -0.117101 12.0536   -1.21127  -1.16411  -0.314068 -0.754945 -0.963857 -2.57005  0.0196504 
data[4096      : 4127      ]: 0.126101  -0.526193 -0.582013 -0.344664 -0.594975 0.0636577 -0.197617 -0.220411 6.05051   -0.735678 -0.517463 -0.230788 -0.503108 -0.524676 -1.27259  0.009909020.156705  -0.630334 -0.539352 -0.436676 -0.461689 0.0571087 -0.155012 -0.102613 5.37539   -0.57153  -0.383719 -0.337645 -0.433353 -0.443368 -1.10298  0.00906741
data[4128      : 4159      ]: -0.0324245-0.736395 -0.585897 -0.181913 -0.471173 0.0594426 -0.253807 -0.138559 5.86908   -0.629597 -0.496983 -0.249312 -0.337703 -0.464813 -1.35926  0.009317320.150399  -0.561677 -0.552066 -0.302109 -0.395987 0.0538264 -0.142182 -0.04419665.1434    -0.559433 -0.394407 -0.214499 -0.426408 -0.503003 -1.26016  0.00849904
data[4160      : 4191      ]: 0.00950877-0.837176 -0.941562 -0.265985 -0.680191 0.0757083 -0.0452114-0.102558 7.12024   -0.614505 -0.73765  -0.40376  -0.238598 -0.584744 -1.76515  0.011634  -0.0915718-0.718279 -0.516896 -0.386944 -0.691026 0.0753051 -0.293545 -0.272583 6.80211   -0.796535 -0.613285 -0.27946  -0.430673 -0.465908 -1.33223  0.0115245 
data[4192      : 4223      ]: -0.0482969-1.09522  -0.531713 -0.401838 -0.724548 0.0761632 -0.360271 -0.129464 7.56075   -0.675357 -0.686156 -0.37551  -0.277869 -0.835683 -1.50721  0.0122187 -0.0111185-0.59448  -0.743063 -0.463841 -0.584382 0.0687967 0.0658991 -0.126552 6.3998    -0.510964 -0.538709 -0.278655 -0.52043  -0.715529 -1.4575   0.0107283 
data[4224      : 4255      ]: -0.0131371-0.661264 -0.627425 -0.395955 -0.570585 0.0778366 -0.321406 -0.106659 6.91102   -0.943614 -0.622904 -0.358625 -0.346817 -0.51837  -1.51389  0.0117977 -0.0622403-0.631117 -0.536844 -0.381774 -0.554953 0.0688429 -0.290622 -0.11828  6.54872   -0.750965 -0.509386 -0.341135 -0.380978 -0.619552 -1.45046  0.0107414 
data[4256      : 4287      ]: 0.0409608 -1.00579  -0.628272 -0.405126 -0.547984 0.0779034 -0.365975 -0.126537 7.44829   -0.706171 -0.510708 -0.229259 -0.549904 -0.540878 -1.96279  0.012238  -0.0378078-0.757325 -0.564445 -0.318224 -0.509828 0.0728827 0.0488703 0.0431551 6.78921   -0.694156 -0.830539 -0.354858 -0.386619 -0.693994 -1.81762  0.0112993 
data[4288      : 4319      ]: 0.041464  -1.10319  -1.02191  -0.437596 -0.80021  0.102491  -0.359184 -0.216874 9.43557   -0.878784 -0.837331 -0.389167 -0.582372 -0.648327 -2.32023  0.0156423 0.0273156 -1.02746  -0.99248  -0.5022   -0.897314 0.102366  -0.337961 -0.04272079.25123   -0.955968 -0.754824 -0.345306 -0.718773 -0.583918 -2.23743  0.0154398 
data[4320      : 4351      ]: 0.0250503 -1.1807   -0.818189 -0.590914 -0.907825 0.103404  -0.620072 -0.02395639.65507   -1.07316  -0.724052 -0.305514 -0.488387 -0.873038 -2.19373  0.0160171 0.0734812 -1.00209  -0.702596 -0.515651 -0.757994 0.0914296 -0.19692  -0.04867388.4279    -0.987795 -0.828438 -0.265633 -0.536679 -0.612887 -2.15161  0.0141491 
data[4352      : 4383      ]: 0.0064497 -0.11716  -0.144398 -0.0620222-0.187319 0.0196281 -0.168241 0.009239781.67166   -0.15657  -0.204979 -0.0795019-0.272516 -0.0349709-0.282068 0.002768840.0722518 0.0293962 -0.261496 -0.101867 -0.442183 0.027923  -0.109224 -0.02046582.46466   -0.261982 -0.217408 -0.0507505-0.149179 -0.175704 -0.807984 0.0040146 
data[4384      : 4415      ]: 0.0360659 -0.0730759-0.390034 -0.143551 -0.269024 0.0280195 -0.169738 0.0532229 2.36557   -0.205374 -0.205657 -0.0490616-0.179548 -0.174262 -0.627503 0.00395352-0.00812815-0.158203 -0.437857 -0.068074 -0.386402 0.0340719 -0.305278 -0.03340423.11424   -0.341175 -0.302378 -0.0134643-0.150009 -0.237297 -0.711533 0.00488765
data[4416      : 4447      ]: 0.0228574 0.020775  -0.0969187-0.130796 -0.09262730.0158419 -0.0783854-0.04396821.36735   -0.168876 -0.171546 -0.101831 -0.146463 -0.00861582-0.389102 0.00230133-0.0221187-0.0634047-0.244782 -0.0868167-0.271268 0.0235369 -0.0446544-0.0003934992.00463   -0.161392 -0.271903 0.0137829 -0.0800455-0.205766 -0.592779 0.00337701
data[4448      : 4479      ]: -0.00602212-0.0572189-0.231484 -0.112748 -0.268082 0.0207054 -0.166059 -0.00224321.74474   -0.0588204-0.155924 -0.0374823-0.0933986-0.077468 -0.501412 0.00291395-0.00559975-0.101349 -0.302415 -0.122347 -0.374239 0.0290033 -0.273146 0.0707134 2.62667   -0.268294 -0.274464 -0.0883632-0.207239 -0.104931 -0.60808  0.00407916
data[4480      : 4511      ]: -0.0159262-0.0179107-0.148072 -0.0620832-0.153629 0.0163497 -0.120184 -0.003183631.43172   -0.178829 -0.167076 -0.00990973-0.207406 0.019388  -0.385506 0.00225468-0.0295132-0.130141 -0.101507 -0.103121 -0.306154 0.0185713 -0.145028 -0.009072561.53433   -0.192492 -0.08764170.0268379 -0.00444463-0.0459486-0.427353 0.00267911
data[4512      : 4543      ]: -0.0455958-0.0449261-0.178179 -0.121754 -0.264982 0.0228684 -0.183992 0.0171025 1.95144   -0.0641504-0.19189  -0.0719034-0.227374 -0.0513291-0.548526 0.003195570.0128727 -0.146163 -0.337155 -0.0661668-0.238383 0.0286951 -0.08109880.071676  2.56558   -0.329164 -0.33976  -0.0673259-0.123749 -0.0812198-0.872733 0.00409057
data[4544      : 4575      ]: -0.0155846-0.0267715-0.193989 -0.064691 -0.08618460.0177982 -0.0818826-0.09040381.44442   -0.13662  -0.257306 0.00428719-0.133971 -0.0959866-0.285642 0.0025292 0.0477255 -0.22665  -0.246864 -0.109417 -0.250123 0.0192813 -0.08073230.003721561.84316   -0.0981908-0.233486 -0.00668269-0.0218536-0.0456265-0.59713  0.00286872
data[4576      : 4607      ]: 0.0295106 -0.0771036-0.27101  -0.0264869-0.137816 0.017534  -0.107085 -0.02358031.44113   -0.131374 -0.173205 -0.0177146-0.12742  -0.0443159-0.353481 0.00241597-0.0283086-0.213459 -0.308894 -0.0424573-0.290507 0.030107  -0.240335 0.0201756 2.73837   -0.299062 -0.350702 -0.0927237-0.0913167-0.233512 -0.601744 0.00437192
data[4608      : 4639      ]: -0.00619731-0.131396 -0.0725167-0.0574949-0.104254 0.0068913 -0.0055546-0.01357450.618731  -0.0859768-0.0408951-0.01155  -0.0190563-0.00556377-0.07268490.001093160.01033   -0.0972729-0.0369359-0.0339231-0.07972740.00600453-0.0134333-0.013737 0.587802  -0.0111127-0.0298887-0.06997270.00128134-0.0851256-0.135283 0.000993718
data[4640      : 4671      ]: 0.0157068 -0.108864 -0.0545037-0.0146802-0.04327570.006468760.00795253-0.002617380.668224  -0.0966104-0.0805028-0.0423676-0.0708983-0.0745099-0.110585 0.00106185-0.00859857-0.0386729-0.0311149-0.0061852-0.03055870.00473218-0.003721680.0118326 0.405496  -0.0468662-0.0535852-0.0214534-0.0600015-0.0180881-0.1039   0.000684944
data[4672      : 4703      ]: 0.003189050.00793924-0.00969138-0.0750369-0.04153030.001794370.011284  0.006808070.169408  -0.030311 0.000595742-0.0031116-0.000906231-0.000450311-0.040291 0.000310060.002429820.0006975040.0001192560.000419334-0.02661180.000651506-0.013841 0.002181840.0441477 3.21881e-050.0001888510.000853638-0.01620090.004180080.0006775477.45286e-05
data[4704      : 4735      ]: -0.004715720.008728050.00016204-0.00799423-0.01217590.0007873080.006422170.003072180.0911217 4.2291e-050.000283858-0.00826081-0.027131 -0.0332348-0.017242 0.0001348210.00270231-0.000272697-0.019638 0.0005049190.0002577410.0007096230.006724350.002609690.0860712 -0.03892380.0002134560.001441810.00265171-0.0262215-0.01895130.000120467
data[4736      : 4767      ]: -0.0118861-0.01125  -0.000108575-0.0527761-0.06063060.001578780.003596890.005857220.161062  -0.035522 -0.002110570.002769030.000283938-5.52544e-05-0.001083310.0002741990.00247537-0.004889090.0001142220.0003781060.0001961790.000608019-0.01935740.002260970.0605749 3.06182e-050.000203465-0.0036988-0.03269970.00404393-0.01032198.10216e-05
data[4768      : 4799      ]: 0.0022264 0.006074080.0001075460.0003462090.0001724230.000499028-0.03641980.001767790.0489278 2.90307e-050.000159813-0.0142031-0.000602259-0.00741871-0.001729466.32152e-050.00216372-0.0128927-0.01768430.000358590.0001958840.000539090.005305320.001836750.0551686 -0.001387370.000149440.0009275150.00174726-0.0103575-0.02616629.58411e-05
data[4800      : 4831      ]: 0.002658420.0131814 -0.00190843-0.0147318-0.02907820.00169829-0.0296603-0.008407810.139606  -0.001906 -0.0186849-0.0179408-0.01276260.00661795-0.02891030.0002290630.001961160.001453869.75721e-050.000291687-0.007931250.000471845-0.0196612-0.006367820.0425856 2.7073e-050.0001373130.000760875-0.003098210.00310715-0.01389555.98966e-05
data[4832      : 4863      ]: 0.001509860.001617497.11083e-050.000229055-0.0002213020.000372824-0.00261290.001395810.0301538 1.77362e-050.000129912-0.00680738-0.02443370.00256248-0.004030424.56088e-050.001245380.00340383-0.02023620.0001904318.67581e-050.0003420940.002713610.0009831040.024637  -0.0126277-0.003332810.0004272990.0008869590.00242504-0.001184623.98009e-05
data[4864      : 4895      ]: -0.0387687-3.09436  -2.49466  -1.44307  -2.37214  0.294605  -0.760587 -0.449926 27.9728   -3.24533  -2.39059  -0.906515 -2.02675  -2.18947  -6.90107  0.0457963 0.209348  -3.54935  -3.09121  -1.68887  -2.86397  0.360718  -1.32303  -0.500383 33.675    -3.5592   -3.40515  -1.37074  -1.80171  -3.23734  -7.91     0.0558689 
data[4896      : 4927      ]: -0.0251221-3.85113  -3.14274  -1.48865  -3.16692  0.365498  -1.61377  -0.681251 34.1745   -3.82256  -2.9867   -1.49271  -1.8797   -3.03898  -7.40625  0.0564821 0.172646  -3.55711  -2.88871  -1.50113  -3.19383  0.347911  -1.37086  -0.36999  32.4396   -3.74236  -3.09519  -1.25461  -2.08363  -2.82894  -7.12748  0.0536519 
data[4928      : 4959      ]: -0.264415 -3.45149  -3.17872  -1.40412  -3.024    0.352609  -0.821413 -0.358097 33.6244   -3.47544  -2.84689  -1.27178  -2.289    -3.05168  -8.59443  0.0544894 0.115264  -4.57511  -3.71817  -2.08421  -3.58985  0.433068  -1.63032  -0.811014 40.7476   -4.60493  -4.07761  -1.27948  -2.22754  -3.60637  -9.15847  0.0671742 
data[4960      : 4991      ]: -0.0393325-4.30073  -3.38963  -1.95854  -3.49929  0.427682  -1.4911   -0.671741 39.8639   -4.46862  -3.21445  -1.70601  -2.85725  -3.74538  -9.0157   0.0662376 0.173668  -4.20839  -3.45383  -1.99211  -3.44288  0.423731  -2.00941  -0.904303 39.6776   -4.3724   -3.86736  -1.51932  -2.40871  -3.65099  -8.51093  0.0656269 
data[4992      : 5023      ]: 0.131043  -3.15854  -3.06335  -1.75765  -2.93926  0.358357  -0.949006 -0.513699 33.6815   -3.89569  -3.28257  -1.31212  -2.04438  -3.10576  -8.20445  0.0555366 0.0488817 -4.08299  -3.83115  -2.15583  -3.35387  0.437338  -1.10296  -0.812754 40.8923   -4.56812  -4.13739  -1.42774  -2.4483   -3.97445  -9.55078  0.0678796 
data[5024      : 5055      ]: 0.129062  -4.92101  -3.88844  -2.03333  -3.6027   0.439969  -1.36319  -0.373906 41.0245   -4.5233   -3.43436  -1.66199  -2.70154  -4.03218  -9.12594  0.0684028 0.1898    -4.2394   -3.4922   -2.06581  -3.58384  0.430167  -1.6367   -0.623293 40.0062   -4.96404  -4.10774  -1.45315  -2.20368  -3.6206   -8.70216  0.0664721 
data[5056      : 5087      ]: -0.0376354-3.49249  -2.97058  -1.74     -2.88263  0.358715  -1.09069  -0.546731 34.1911   -3.68826  -2.77566  -1.27388  -2.51777  -2.77521  -8.81385  0.0556135 0.100042  -4.30253  -3.89341  -1.91185  -3.80916  0.44653   -1.03613  -0.57474  41.3849   -4.4905   -3.93972  -1.5606   -2.38624  -3.85893  -10.2366  0.0689295 
data[5088      : 5119      ]: 0.161378  -4.64389  -4.20808  -2.07863  -4.04322  0.458953  -1.66613  -0.677814 42.2806   -4.70561  -3.52442  -1.64878  -2.76663  -3.69939  -9.30893  0.0706168 0.120904  -4.03653  -3.61209  -2.22135  -3.88155  0.44179   -1.97314  -0.900937 40.9834   -4.78035  -3.98601  -1.23533  -2.56677  -3.28848  -9.13152  0.0679298 
data[5120      : 5151      ]: -0.319923 -1.02794  -1.3129   -0.328628 -1.17769  0.136367  -0.849031 -0.042054 11.8816   -1.01424  -1.25618  -0.241978 -0.528921 -0.772609 -3.16554  0.0196854 -0.116661 -0.52419  -1.2235   -0.506724 -1.22952  0.131371  -0.725171 -0.154351 11.9865   -0.988904 -1.17453  -0.327473 -1.28303  -0.733358 -3.1497   0.0192332 
data[5152      : 5183      ]: -0.0379834-0.612336 -1.25888  -0.520344 -1.19577  0.128837  -0.426614 -0.040345 11.4864   -1.02578  -1.2219   -0.344963 -0.901032 -0.866494 -3.18174  0.0188992 -0.139161 -0.639264 -1.11097  -0.417598 -0.960163 0.126894  -0.442325 -0.222385 10.478    -1.22382  -1.32721  -0.438515 -0.613954 -0.358741 -2.72904  0.0182546 
data[5184      : 5215      ]: -0.0893686-1.01597  -1.21625  -0.427328 -1.16777  0.133111  -0.511411 -0.090567411.8415   -1.27975  -1.18428  -0.355346 -0.645426 -0.92742  -3.08352  0.0197536 -0.277266 -0.441182 -1.36068  -0.631258 -1.21259  0.138201  -0.560952 -0.197899 12.4517   -1.39264  -1.10811  -0.29629  -0.825211 -0.87014  -3.43597  0.0203111 
data[5216      : 5247      ]: 0.0623966 -0.569041 -1.37085  -0.408042 -1.19846  0.141528  -0.634123 0.131713  12.9583   -1.39475  -1.63844  -0.313024 -1.16168  -0.956319 -3.66993  0.0207024 -0.0790327-0.17909  -1.24569  -0.24055  -1.12324  0.13283   -0.310407 -0.250233 10.6483   -1.5682   -1.23059  -0.302518 -0.930537 -0.283651 -3.05594  0.0185385 
data[5248      : 5279      ]: -0.166292 -1.06219  -1.46274  -0.444276 -1.13845  0.144074  -0.720875 -0.120695 13.0252   -1.09645  -1.21119  -0.301177 -0.847078 -1.08945  -3.52976  0.0213362 -0.0482713-0.569362 -1.40945  -0.388325 -1.28738  0.130406  -0.673309 -0.086622 11.6978   -1.06099  -0.867226 -0.21864  -0.903803 -0.875731 -3.45807  0.0189562 
data[5280      : 5311      ]: -0.0142763-0.610599 -1.24985  -0.526107 -1.23349  0.138926  -0.393011 -0.044329112.9408   -1.43901  -1.49547  -0.468691 -0.92792  -1.1883   -3.50952  0.0208119 0.0766098 -0.219041 -1.20833  -0.341593 -1.31055  0.135847  -0.442027 -0.200138 11.2232   -1.49585  -1.36423  -0.288058 -0.820642 -0.647291 -3.11731  0.0194307 
data[5312      : 5343      ]: -0.172449 -0.85983  -1.27057  -0.599076 -1.18603  0.132593  -0.797993 -0.132538 12.0318   -1.08175  -1.21857  -0.229217 -0.578632 -1.06208  -2.99538  0.0197359 -0.139459 -0.752549 -1.35524  -0.43684  -1.12087  0.131731  -0.622519 -0.092530311.7137   -0.93602  -1.06579  -0.36012  -1.11746  -0.860139 -3.00517  0.0192833 
data[5344      : 5375      ]: -0.00617236-0.397605 -1.21198  -0.565979 -1.13604  0.130774  -0.355526 -0.045298411.8352   -1.01855  -1.5649   -0.445258 -0.96683  -1.01107  -3.26014  0.0193272 -0.152855 -0.479527 -1.08266  -0.374166 -0.882197 0.12625   -0.436262 -0.15813  10.4609   -1.23429  -1.41862  -0.322816 -0.952616 -0.342243 -2.76871  0.0179736 
data[5376      : 5407      ]: 0         0         0         0         0         0         0         0         0         0         0         0         0         0         0         0         0         0         0         0         0         0         0         0         0         0         0         0         0         0         0         0         
data[5408      : 5439      ]: 0         0         0         0         0         0         0         0         0         0         0         0         0         0         0         0         0         0         0         0         0         0         0         0         0         0         0         0         0         0         0         0         
data[5440      : 5471      ]: 0         0         0         0         0         0         0         0         0         0         0         0         0         0         0         0         0         0         0         0         0         0         0         0         0         0         0         0         0         0         0         0         
data[5472      : 5503      ]: 0         0         0         0         0         0         0         0         0         0         0         0         0         0         0         0         0         0         0         0         0         0         0         0         0         0         0         0         0         0         0         0         
data[5504      : 5535      ]: 0         0         0         0         0         0         0         0         0         0         0         0         0         0         0         0         0         0         0         0         0         0         0         0         0         0         0         0         0         0         0         0         
data[5536      : 5567      ]: 0         0         0         0         0         0         0         0         0         0         0         0         0         0         0         0         0         0         0         0         0         0         0         0         0         0         0         0         0         0         0         0         
data[5568      : 5599      ]: 7.2237e-050.0001425223.36597e-069.47944e-064.22713e-061.74964e-050.0001668056.12037e-050.001756156.28205e-075.19566e-061.71792e-054.72868e-050.000114842-0.002420852.23491e-060         0         0         0         0         0         0         0         0         0         0         0         0         0         0         0         
data[5600      : 5631      ]: 0         0         0         0         0         0         0         0         0         0         0         0         0         0         0         0         0         0         0         0         0         0         0         0         0         0         0         0         0         0         0         0         
data[5632      : 5663      ]: -0.196332 -1.79705  -3.3525   -1.25775  -3.33756  0.357583  -1.75577  -0.259612 32.346    -3.54603  -2.89173  -1.06417  -2.41432  -2.44326  -8.44028  0.0527652 0.0430884 -2.74385  -2.99666  -1.22486  -2.81999  0.334419  -1.76029  -0.383305 30.5961   -3.45803  -3.07274  -1.03557  -2.29596  -2.04871  -7.18376  0.0501523 
data[5664      : 5695      ]: 0.0525126 -2.6434   -3.45865  -1.36157  -3.10254  0.340384  -1.20841  -0.387613 30.7377   -3.28084  -3.13246  -1.16243  -1.88086  -2.08631  -7.47638  0.0509226 -0.0413404-2.6987   -3.03552  -1.08138  -2.81473  0.315682  -1.47609  -0.568472 28.7686   -3.13457  -2.94852  -0.692798 -1.87552  -2.13354  -6.63046  0.0473957 
data[5696      : 5727      ]: -0.00421059-2.5286   -3.2003   -1.43569  -3.3071   0.357842  -1.31737  -0.525863 33.1622   -3.33734  -3.05252  -1.04138  -2.29578  -3.16605  -8.36203  0.0542478 0.142105  -2.71381  -3.24778  -1.28786  -2.94295  0.333838  -1.13371  -0.327938 30.9257   -3.49895  -3.34848  -1.11513  -2.13756  -2.42037  -7.27758  0.0504785 
data[5728      : 5759      ]: 0.153024  -2.41815  -3.04516  -1.13599  -3.06397  0.326176  -0.749866 -0.406606 29.3159   -3.39501  -2.85904  -1.15452  -2.24467  -1.97831  -7.3925   0.0486673 -0.107458 -2.99112  -2.84831  -1.28594  -2.60521  0.324746  -1.52239  -0.355708 29.6191   -2.84467  -3.1076   -0.79643  -1.96333  -2.3616   -7.20318  0.0490655 
data[5760      : 5791      ]: -0.196346 -2.31574  -3.2606   -1.71679  -3.16612  0.355161  -1.61186  -0.298082 32.4703   -3.50609  -3.05937  -1.13999  -1.71119  -2.65407  -8.24269  0.053512  -0.0718321-2.21462  -3.08523  -1.27972  -3.08737  0.333381  -1.36556  -0.207033 30.4637   -3.11597  -3.43592  -1.05006  -2.55557  -2.34831  -7.02952  0.0496391 
data[5792      : 5823      ]: 0.115612  -2.90898  -3.07881  -1.44095  -3.16841  0.337073  -1.42209  -0.056934730.7145   -2.8955   -3.26674  -1.03427  -2.00414  -2.67049  -7.2707   0.0508359 -0.132996 -2.41058  -2.80237  -1.25963  -2.65999  0.313196  -1.28643  -0.308061 28.1554   -3.18348  -2.85088  -0.712127 -1.8622   -2.15939  -6.88727  0.0468609 
data[5824      : 5855      ]: -0.0953823-1.51951  -2.88929  -1.21522  -2.74143  0.31658   -1.20425  -0.257737 28.3542   -3.31926  -2.72383  -1.13639  -1.86817  -2.40182  -7.34554  0.0470269 0.138832  -2.59946  -2.94528  -1.07756  -2.73497  0.29009   -1.10396  -0.420928 27.1799   -2.8894   -2.64152  -0.492761 -1.9684   -2.24217  -6.53647  0.0440955 
data[5856      : 5887      ]: 0.0781082 -1.96873  -2.95088  -1.20319  -2.83879  0.294254  -0.934764 -0.22518  26.6194   -2.97875  -2.68117  -0.737794 -1.72784  -1.79569  -6.99279  0.0437961 -0.0158971-2.25978  -2.77411  -1.17405  -2.69497  0.289693  -1.33048  -0.409861 26.3      -2.64482  -2.59588  -0.662331 -1.73102  -1.95081  -6.38912  0.0434079 
data[5888      : 5919      ]: 0.13493   -1.23516  -1.51781  -0.813463 -1.55364  0.177392  -0.434982 -0.247325 16.819    -1.76184  -1.69542  -0.641353 -1.36463  -1.42166  -4.47122  0.0271931 0.107316  -1.68354  -1.95404  -0.698227 -1.79367  0.20588   -0.664752 -0.330104 18.7867   -2.05651  -1.96659  -0.721754 -0.998171 -1.54628  -4.71727  0.030999  
data[5920      : 5951      ]: 0.00476817-1.96434  -1.70198  -1.05827  -1.67874  0.207776  -0.983839 -0.242955 18.9557   -2.19059  -1.85967  -0.776604 -1.24798  -1.49902  -3.99603  0.0317497 -0.106033 -2.07902  -2.00356  -0.975212 -1.98115  0.211407  -0.602964 -0.481593 19.8016   -2.04963  -1.75637  -0.656101 -1.24978  -1.62132  -4.4828   0.0325136 
data[5952      : 5983      ]: 0.211721  -0.519318 -0.848994 -0.591748 -0.913545 0.0984933 -0.305758 -0.218132 9.29272   -1.07911  -0.852692 -0.27948  -0.861834 -0.872461 -2.27511  0.0152457 0.0254248 -1.1554   -1.04081  -0.622315 -0.930372 0.112567  -0.381569 -0.323216 10.352    -1.03165  -0.994436 -0.398381 -0.635273 -0.938713 -2.05521  0.0174052 
data[5984      : 6015      ]: 0.0998467 -1.28746  -1.01262  -0.572891 -1.06127  0.112405  -0.295603 -0.292112 10.7851   -1.29086  -1.05891  -0.461946 -0.414176 -0.856084 -2.41102  0.0176092 0.0692797 -1.67864  -0.981099 -0.763627 -1.0868   0.122011  -0.24999  -0.202392 12.0227   -1.33641  -1.10478  -0.499414 -0.602985 -1.09165  -2.63581  0.0196029 
data[6016      : 6047      ]: 0.0274835 -0.563116 -0.763874 -0.481425 -0.877721 0.101432  -0.417917 -0.266525 9.46537   -1.22109  -0.909314 -0.406731 -0.703422 -0.698009 -2.30058  0.0154443 -0.0644212-0.993494 -0.869873 -0.570744 -1.02103  0.117057  -0.729752 -0.1772   10.7996   -1.2323   -1.17472  -0.282823 -0.623799 -0.917817 -2.27652  0.0178321 
data[6048      : 6079      ]: 0.0752742 -1.1116   -1.10036  -0.547981 -1.30983  0.119141  -0.66805  -0.119277 10.8357   -0.977428 -1.07874  -0.394281 -0.432762 -0.95533  -2.35261  0.0181862 0.000512201-1.31073  -1.06736  -0.572126 -0.981811 0.119015  -0.506903 -0.191735 11.6912   -1.23109  -0.858213 -0.457137 -0.91205  -1.04275  -2.69746  0.0186317 
data[6080      : 6111      ]: 0.0553206 -0.404932 -0.667245 -0.354946 -0.635887 0.0814825 -0.252663 -0.06391197.7266    -0.969141 -0.774854 -0.438838 -0.717248 -0.641397 -1.95479  0.0124486 -0.0148602-1.21203  -0.9219   -0.385429 -0.896263 0.0956518 -0.0728258-0.114875 8.92559   -0.955815 -0.627417 -0.398585 -0.665178 -0.751279 -2.01964  0.014862  
data[6112      : 6143      ]: 0.162946  -1.05169  -1.13397  -0.405139 -0.837087 0.0950671 -0.5565   -0.114389 8.96557   -1.10165  -0.742261 -0.422784 -0.596005 -0.593328 -1.68326  0.0144898 0.0838223 -1.34453  -0.980803 -0.598584 -0.911147 0.101612  -0.516024 -0.207726 9.70748   -1.09508  -0.725061 -0.388267 -0.400539 -0.659556 -2.08157  0.0159757 
data[6144      : 6175      ]: -0.0384121-2.11729  -2.26567  -0.805022 -2.00345  0.233181  -0.852296 -0.133423 21.4845   -2.39908  -1.92889  -0.620639 -1.37805  -1.4769   -5.73369  0.0351005 -0.142762 -1.9765   -1.76342  -1.05261  -1.96953  0.233231  -0.87388  -0.154973 21.5711   -2.18666  -2.26214  -0.855235 -1.72256  -1.86455  -5.01507  0.0355206 
data[6176      : 6207      ]: 0.0119368 -1.81829  -2.31322  -0.900241 -1.95684  0.234197  -0.801366 -0.222576 21.4848   -2.2817   -2.21277  -0.706809 -1.4752   -1.88855  -5.18867  0.0353513 0.0898811 -1.44222  -1.85993  -0.756442 -1.89637  0.211151  -1.32254  -0.321219 18.939    -2.06581  -1.92997  -0.591353 -1.39642  -1.31651  -4.37254  0.0313282 
data[6208      : 6239      ]: 0.0732899 -2.11751  -1.98365  -0.981759 -1.96235  0.225093  -0.950979 -0.237358 20.745    -2.11731  -1.88291  -0.510467 -1.43575  -1.71035  -5.18725  0.0342661 0.00729665-1.60908  -1.93543  -0.993255 -1.68287  0.213035  -0.909718 -0.268064 19.8358   -2.10675  -1.9826   -0.644219 -1.40618  -1.77038  -4.77999  0.0324426 
data[6240      : 6271      ]: -0.104914 -1.64272  -1.91612  -0.794104 -1.93387  0.21185   -0.635411 -0.158697 19.427    -2.12346  -1.95396  -0.830625 -1.29077  -1.83887  -4.44734  0.0320055 0.0692725 -1.08159  -1.45562  -0.770565 -1.76461  0.191441  -1.01483  -0.240177 17.1571   -2.35276  -1.74183  -0.474039 -1.05223  -1.3851   -4.11317  0.028714  
data[6272      : 6303      ]: -0.00155918-1.89821  -1.72501  -0.957311 -1.92362  0.218274  -0.790825 -0.189606 20.3273   -2.17442  -2.05094  -0.631997 -1.31019  -1.35212  -5.57295  0.0332049 0.051755  -1.74575  -2.0114   -0.86564  -1.95362  0.216669  -0.748267 -0.322456 20.0285   -1.92465  -2.06047  -0.719332 -1.38127  -1.65956  -4.93738  0.0328266 
data[6304      : 6335      ]: 0.0547929 -1.67912  -1.9608   -0.79667  -1.97494  0.217091  -0.939769 -0.204947 20.0175   -2.34976  -1.8412   -0.840236 -1.48955  -1.50246  -4.74271  0.0327222 -0.112509 -1.43418  -1.77627  -0.755436 -1.7466   0.198514  -0.85661  -0.342267 17.5578   -2.05222  -1.66427  -0.699403 -1.03488  -1.24533  -4.0659   0.0296002 
data[6336      : 6367      ]: 0.024143  -2.03511  -1.65919  -0.775079 -1.74161  0.197139  -0.736539 -0.192476 18.2864   -1.70298  -1.6951   -0.577361 -1.21279  -1.31745  -4.89199  0.0299552 0.0447587 -1.52442  -1.69967  -0.612534 -1.62184  0.18479   -0.869981 -0.285363 17.14     -1.64443  -1.79256  -0.473845 -1.21296  -1.56129  -4.09861  0.0279596 
data[6368      : 6399      ]: -0.137609 -1.38067  -1.66119  -0.927997 -1.57069  0.187182  -0.765822 -0.203555 17.2471   -1.74764  -1.65201  -0.690606 -1.09863  -1.53332  -4.09295  0.0283752 0.138816  -1.07868  -1.44955  -0.579345 -1.43436  0.162254  -0.659762 -0.21648  14.6921   -1.84557  -1.58155  -0.546684 -0.991644 -1.09653  -3.53733  0.024377  
data[6400      : 6431      ]: -0.482367 -5.96781  -6.90747  -2.66765  -6.95613  0.755979  -3.31925  -0.646342 69.0009   -7.13415  -6.85811  -2.15422  -4.75209  -5.05552  -16.9686  0.112914  0.051433  -5.60362  -6.96373  -2.81366  -6.96439  0.771172  -3.65913  -0.87727  70.5083   -7.11999  -7.0547   -2.36717  -5.04237  -5.27951  -17.7006  0.115239  
data[6432      : 6463      ]: 0.0113813 -5.56076  -6.91264  -3.03049  -7.09211  0.768448  -2.98027  -0.80304  70.7966   -7.27988  -7.29732  -2.44632  -5.1466   -5.63698  -17.5055  0.115535  -0.079617 -4.90634  -6.15314  -2.43075  -6.01126  0.682812  -2.73937  -0.871719 61.0139   -6.53726  -6.72284  -1.90027  -4.69777  -4.19015  -14.5576  0.101383  
data[6464      : 6495      ]: -0.551457 -6.20418  -7.68912  -2.97647  -7.24539  0.800882  -3.10639  -0.657852 72.9673   -7.30042  -7.0477   -2.53902  -4.79533  -5.45235  -18.322   0.119536  -0.293736 -5.57152  -7.3607   -3.17109  -7.11844  0.799949  -3.59884  -0.628381 72.8152   -7.25124  -7.21511  -2.52548  -5.05805  -5.26175  -18.6799  0.119123  
data[6496      : 6527      ]: -0.107917 -5.37623  -7.23079  -3.07633  -7.55806  0.799301  -2.95403  -0.703351 72.8467   -7.31961  -7.65868  -2.55552  -5.10764  -5.79855  -18.3187  0.119373  0.245036  -4.96609  -6.40173  -2.69542  -6.32016  0.717731  -3.04445  -0.816037 64.0659   -6.9234   -7.15454  -2.16481  -4.57449  -4.5514   -15.5228  0.106671  
data[6528      : 6559      ]: -0.264739 -5.94623  -7.2329   -3.27885  -7.08619  0.796485  -3.49249  -1.04679  72.2505   -7.44342  -7.21719  -2.28107  -4.39694  -5.5942   -17.8855  0.119509  -0.521228 -5.53429  -7.44443  -3.25027  -7.18631  0.803302  -3.29903  -0.722195 72.7437   -7.26042  -7.56744  -2.26239  -5.21346  -5.34406  -18.0611  0.119594  
data[6560      : 6591      ]: -0.426745 -5.80517  -7.77366  -3.03692  -7.15773  0.814415  -2.95532  -0.610232 73.8635   -7.60598  -7.56827  -2.17553  -5.12067  -5.89722  -18.666   0.121562  -0.192432 -4.98707  -6.33403  -2.69077  -5.86238  0.713648  -2.98622  -1.02878  63.1316   -6.74849  -7.43426  -2.40587  -4.68834  -3.69826  -14.8937  0.105337  
data[6592      : 6623      ]: -0.368748 -5.85383  -7.14085  -2.79301  -6.8304   0.751416  -3.02201  -0.538966 68.5657   -6.53912  -6.73795  -2.20281  -4.29587  -5.82072  -17.2855  0.112725  -0.0460706-5.88046  -7.01577  -2.94596  -7.05043  0.75617   -2.80031  -0.580569 69.6456   -7.15884  -6.78769  -2.00399  -4.76356  -5.24022  -18.2415  0.113644  
data[6624      : 6655      ]: -0.045502 -5.42707  -7.31501  -2.88005  -7.03864  0.77322   -2.87702  -0.928657 70.1859   -7.15344  -7.24492  -2.31234  -4.68649  -5.5041   -17.6615  0.115638  0.0582265 -4.96795  -6.07599  -2.57993  -6.06165  0.677484  -2.76732  -0.93139  60.4213   -6.46232  -6.41783  -1.93159  -4.25137  -3.89412  -14.9163  0.100801  
data[6656      : 6687      ]: 0.0198989 -0.0969303-0.0998828-0.06599  -0.120002 0.0169023 0.0177189 -0.100416 1.71673   -0.254166 -0.138608 -0.130998 -0.100668 -0.377869 -0.288572 0.002851810.041985  -0.498427 -0.243121 -0.148594 -0.134217 0.0177453 -0.0185848-0.071207 1.6926    -0.339328 -0.122501 -0.0997658-0.05291720.0692373 -0.09583610.00292961
data[6688      : 6719      ]: 0.0101642 -0.508546 -0.177884 -0.154576 -0.190176 0.021367  0.00556468-0.08802212.34697   -0.371285 -0.124159 0.0192494 -0.0271292-0.415845 -0.349551 0.0038543 0.0318375 -0.535488 -0.14593  -0.17412  -0.170993 0.0223987 -0.0122154-0.08914442.4064    -0.179582 -0.119006 -0.0783099-0.149342 -0.366532 -0.443945 0.00397199
data[6720      : 6751      ]: 0.0632792 0.00852232-0.0818832-0.109523 -0.06995970.0163455 0.0515912 -0.121066 1.80964   -0.426681 -0.142801 -0.146689 -0.076752 -0.423937 -0.352992 0.002900740.0424381 -0.550723 -0.0703071-0.147003 -0.237116 0.0209054 0.0132002 -0.137087 2.18175   -0.399139 -0.25728  -0.158112 -0.107347 -0.0262556-0.171533 0.00360751
data[6752      : 6783      ]: 0.0328791 -0.574813 -0.162107 -0.233755 -0.107457 0.0251216 -0.00545731-0.151326 2.7088    -0.473852 -0.153581 0.00488098-0.129906 -0.364556 -0.419425 0.00455187-0.00648713-0.683334 -0.237431 -0.213361 -0.09027580.0265457 -0.140233 -0.07291982.88761   -0.108858 -0.0757786-0.0825308-0.160105 -0.498752 -0.548783 0.00469527
data[6784      : 6815      ]: 0.0429503 -0.138444 -0.123244 -0.0791466-0.05320480.0193547 -0.00885716-0.08659321.92849   -0.318595 -0.11059  -0.195378 -0.0290243-0.521218 -0.329838 0.003343160.0532583 -0.523323 -0.15492  -0.145543 -0.116824 0.0195867 -0.0878477-0.100778 2.03986   -0.326247 -0.15454  -0.204382 -0.11294  0.051618  -0.24028  0.0032975 
data[6816      : 6847      ]: 0.0545864 -0.46662  -0.144558 -0.230898 -0.220782 0.0265313 -0.0491726-0.055752 2.67574   -0.367941 -0.221367 -0.0552707-0.00162866-0.371339 -0.576084 0.004553460.0260571 -0.552202 -0.239068 -0.198814 -0.148688 0.0241677 -0.0282477-0.101732 2.56265   -0.143928 -0.152598 -0.10194  -0.0276459-0.409507 -0.512723 0.00421931
data[6848      : 6879      ]: 0.034623  -0.29153  -0.300272 -0.248673 -0.362104 0.0497502 -0.0955933-0.143274 4.70235   -0.712167 -0.353233 -0.314884 -0.374683 -0.595942 -1.00228  0.007910740.0483849 -0.78112  -0.426639 -0.276197 -0.423201 0.0552238 -0.154898 -0.107793 5.19811   -0.73877  -0.386719 -0.293078 -0.418431 -0.277966 -1.02561  0.00869784
data[6880      : 6911      ]: -0.00196924-0.731853 -0.443621 -0.375202 -0.543637 0.0608812 -0.12586  -0.203801 5.89837   -0.759821 -0.408871 -0.149523 -0.297767 -0.577709 -1.34941  0.00979855-0.0252308-0.859643 -0.534438 -0.426671 -0.506592 0.0636968 -0.280249 -0.102653 6.27485   -0.590621 -0.479018 -0.247451 -0.440288 -0.574981 -1.28093  0.0102168 
data[6912      : 6943      ]: -0.038903 -0.0717963-0.0177731-0.00144705-0.004546840.002120550.00261084-0.0003611920.190388  -0.0160366-0.00946792-0.00955813-0.003813220.0100589 -0.03179210.0003168530.00218265-0.02365060.00015896-0.000964874-0.01199920.0007259810.001936980.002901930.0823011 -0.00730909-0.004932 0.00147734-0.00615182-0.0290229-0.007790420.000135914
data[6944      : 6975      ]: 0.001384260.000805252-0.01192750.0004716040.0002144320.000741285-0.03585650.002387630.069433  -0.009881050.0001928650.001078280.00200908-0.00610378-0.01505070.0001018880.00316506-0.0293139-0.00338621-0.00369445-0.001833350.0006378 0.006648030.002570270.0847937 -0.00837884-0.0286047-0.001358850.0025034 -0.0120724-0.01180090.000125434
data[6976      : 7007      ]: -0.0425171-0.06417230.000193591-4.11924e-060.0003500570.000945782-0.001145850.003537920.0916987 5.80526e-050.0002659950.001496140.002806620.00681956-0.0004835120.0001503870.0002541270.0006939559.68088e-063.50846e-052.02702e-053.90588e-050.0004192040.0001990970.00686732-0.001330831.34004e-050.000112071-0.000238992-0.007175557.16101e-051.04946e-05
data[7008      : 7039      ]: 0.00071618-0.003566493.05701e-050.0001193827.39792e-050.0001244270.001327690.0005622040.0200158 8.9031e-065.61708e-050.0003833550.000619112-0.02071690.0002133483.22724e-050.0006544060.002059782.84838e-059.06729e-054.56215e-050.0001534930.001435140.0005686430.0169175 -0.01392454.83178e-050.00025224-0.009778470.001261510.0001631512.39986e-05
data[7040      : 7071      ]: -0.0188866-0.0436158-0.0009630460.0005594410.0002783120.0007096630.00278093-0.01076710.067013  4.76486e-050.000214384-0.004823750.0006370910.005745780.0009494440.0001206320.0003615280.0008761181.39613e-054.68961e-052.15205e-055.89227e-050.000668122-0.008314560.00635506-0.0009903971.4001e-050.0001273710.0001677470.0005028437.81443e-051.2728e-05
data[7072      : 7103      ]: 9.52264e-050.000187884.43719e-061.24963e-055.57241e-062.30647e-050.0002198918.06817e-050.002315048.28131e-076.84917e-062.26465e-056.23358e-050.00015139-0.003191282.94616e-060.000175312-0.003680251.15329e-053.88074e-051.76845e-053.22347e-050.000381220.0001681740.005574563.50402e-061.26272e-050.0001060530.00016128-0.003080846.80753e-051.00193e-05
data[7104      : 7135      ]: -0.0494334-0.0300717-0.00370452-0.003276550.0003588050.001144120.008172030.003746560.0899247 -0.0194903-0.005904290.001591660.002928290.00750613-0.003651940.0001602730.0002814370.0007098851.13239e-054.37416e-052.04272e-056.20581e-050.0006118820.000267770.005314973.75786e-06-0.008138559.92487e-050.0001882060.0004517546.51629e-056.92791e-06
data[7136      : 7167      ]: 0.000574649-0.001753762.04382e-05-0.001697963.86661e-050.0001112950.001127540.0003850610.004868856.42926e-063.84467e-05-0.00153715-0.003139420.0008103280.0001305291.60381e-050.00111942-0.01254093.99761e-050.0001618747.73252e-050.0001771360.001961950.0008054520.0213358 1.40261e-05-0.01307880.0003962610.000698622-0.001463920.0002632593.25104e-05
data[7168      : 7199      ]: 0.0156854 -1.86957  -1.2744   -0.972432 -1.28205  0.161343  -0.230316 -0.357893 16.0449   -2.00249  -1.08531  -0.591702 -1.05249  -1.78587  -3.74353  0.0261058 0.153761  -2.5801   -1.54012  -1.03272  -1.37897  0.188222  -0.492025 -0.32389  18.0703   -2.15798  -1.6333   -0.990511 -1.09359  -1.74569  -3.47346  0.0301111 
data[7200      : 7231      ]: 0.0777489 -2.56527  -1.40645  -0.879732 -1.79479  0.196361  -0.564777 -0.470119 19.175    -2.37022  -1.69784  -0.7605   -0.923686 -1.89241  -4.15479  0.0314904 0.154022  -2.17234  -1.60004  -0.924947 -1.6575   0.187394  -0.660885 -0.314025 17.2488   -1.84662  -1.52191  -0.750975 -0.930073 -1.63398  -3.60611  0.0292263 
data[7232      : 7263      ]: -0.0685116-2.24496  -1.43637  -0.771803 -1.09976  0.153737  0.0878594 -0.315859 15.6704   -1.74507  -0.961292 -0.592787 -0.772515 -2.08887  -3.83967  0.0254415 -0.0676228-2.46389  -1.48175  -1.10481  -1.4738   0.185399  -0.379964 -0.397866 17.8647   -2.35683  -1.60434  -0.79016  -1.19065  -1.31316  -3.45461  0.0294081 
data[7264      : 7295      ]: 0.0589844 -2.62863  -1.51701  -0.989629 -1.28985  0.188959  -0.385653 -0.313076 18.6744   -2.46746  -1.61123  -0.766883 -1.01933  -2.2187   -3.74559  0.0306812 0.0877071 -2.02231  -1.29676  -0.948848 -1.1698   0.177053  -0.55195  -0.29269  16.3368   -2.11855  -1.53818  -0.813378 -0.841124 -1.97236  -3.06359  0.0280261 
data[7296      : 7327      ]: 0.109221  -1.90548  -1.47788  -1.08808  -1.09979  0.162684  -0.155962 -0.312889 16.3856   -2.00982  -1.20395  -0.709045 -0.540558 -2.13495  -4.04589  0.0267854 -0.0758469-2.29966  -1.39374  -1.04551  -1.17856  0.18677   -0.285195 -0.577996 17.8512   -2.45909  -1.46221  -0.910395 -1.01974  -1.69689  -3.66317  0.0300688 
data[7328      : 7359      ]: 0.292341  -3.00683  -1.60906  -0.9428   -1.57802  0.195957  -0.493872 -0.28047  19.0366   -2.49236  -1.46317  -0.667264 -1.02899  -2.12409  -3.86973  0.0317492 0.0844732 -2.27765  -1.27321  -1.05418  -1.40147  0.183282  -0.171006 -0.37117  17.142    -2.31774  -1.75333  -0.732298 -0.895773 -1.89834  -3.29291  0.0293236 
data[7360      : 7391      ]: 0.00971936-2.47257  -1.33668  -0.989582 -1.31957  0.177537  -0.428808 -0.379465 17.8013   -1.9985   -1.13789  -0.719244 -0.899339 -1.91622  -4.4196   0.0288869 0.0035946 -2.98275  -1.73921  -1.0003   -1.70185  0.208727  -0.280188 -0.415904 20.0806   -2.51813  -1.59137  -0.945751 -1.32796  -1.65597  -4.16682  0.0332683 
data[7392      : 7423      ]: 0.132362  -2.68788  -1.58785  -1.20813  -1.86932  0.219476  -0.831372 -0.465058 20.9139   -2.52079  -1.57243  -0.658412 -1.21542  -2.09993  -4.58404  0.0348844 0.187386  -2.49157  -1.40069  -1.07272  -1.5844   0.196607  -0.59171  -0.505456 18.2254   -2.22908  -1.6595   -0.675607 -1.31213  -1.45534  -3.66211  0.030952  
data[7424      : 7455      ]: -0.20424  -3.8793   -5.1584   -1.90091  -4.71588  0.529033  -2.33707  -0.180301 48.223    -4.58792  -4.42994  -1.31254  -3.61561  -3.71785  -12.7908  0.078665  -0.24097  -4.03477  -5.34761  -2.28338  -5.29933  0.595765  -2.91692  -0.63349  53.8823   -5.56628  -5.89371  -2.09592  -3.64407  -3.69751  -12.9126  0.0885068 
data[7456      : 7487      ]: -0.315161 -4.08045  -5.65278  -2.23827  -5.3045   0.605006  -2.78022  -0.668795 54.5972   -5.87302  -5.31535  -1.73358  -3.48734  -3.80601  -14.0366  0.0898836 0.0020236 -3.50685  -4.87202  -1.87446  -4.89524  0.539585  -3.08767  -0.547265 48.0062   -4.99846  -4.88869  -1.48793  -3.83186  -2.91985  -11.7168  0.0793009 
data[7488      : 7519      ]: -0.155846 -4.74608  -5.70559  -2.24582  -5.37885  0.602522  -2.34523  -0.289309 55.038    -5.00067  -5.42705  -1.6975   -3.9445   -4.47749  -14.3168  0.0902243 -0.222142 -4.86641  -6.07812  -2.55946  -5.95859  0.665098  -2.87577  -0.663711 60.0267   -6.3148   -6.47143  -2.158    -4.00335  -4.05936  -14.5597  0.0989764 
data[7520      : 7551      ]: -0.243011 -4.28836  -5.92489  -2.38566  -6.02076  0.673731  -2.3794   -0.994364 60.6551   -6.53543  -5.91041  -2.07294  -4.30874  -4.47456  -15.8906  0.100335  -0.0553784-3.54738  -5.44032  -2.24185  -5.41055  0.615362  -3.48228  -0.76534  54.9945   -5.42652  -5.90071  -1.73226  -3.98272  -3.78487  -13.9303  0.0905765 
data[7552      : 7583      ]: 0.0715005 -4.19225  -5.95594  -2.21809  -5.34616  0.606178  -2.71904  -0.571514 55.2146   -5.16175  -5.46182  -1.71482  -3.85165  -4.43216  -14.3574  0.0903914 -0.13924  -4.11637  -6.65572  -2.5643   -5.94656  0.674997  -2.86077  -0.4548   60.7351   -6.02494  -6.55347  -2.14198  -4.73151  -4.35567  -14.9645  0.099729  
data[7584      : 7615      ]: -0.0225072-4.90362  -6.78312  -2.45325  -6.44302  0.693446  -2.44508  -0.42188  62.1825   -6.43404  -6.18472  -1.75417  -4.10108  -4.87965  -16.1529  0.103084  -0.173073 -3.61745  -5.45472  -2.18213  -5.61808  0.608128  -2.97508  -0.83214  53.8745   -5.80088  -5.77565  -1.66952  -3.96148  -3.53209  -12.9797  0.0893172 
data[7616      : 7647      ]: -0.0354499-3.7891   -5.13261  -2.20862  -5.14938  0.56447   -2.33527  -0.381461 51.405    -4.80762  -4.95773  -1.56579  -3.67774  -4.35376  -13.6594  0.0843842 -0.408551 -4.61582  -6.03887  -2.21412  -5.51996  0.628549  -2.69597  -0.578645 56.7754   -5.73441  -5.83084  -1.6643   -4.15     -4.34415  -13.7017  0.0934723 
data[7648      : 7679      ]: -0.188518 -4.13366  -5.85218  -2.39076  -5.90421  0.637947  -2.51573  -0.488225 57.3264   -5.99824  -5.62332  -1.743    -3.71313  -4.26077  -15.2474  0.0947468 -0.0322703-3.64687  -5.0701   -2.41101  -5.18264  0.573374  -2.96144  -0.809617 51.7111   -5.50275  -5.41871  -1.47643  -3.94355  -3.28764  -12.6266  0.0851359 
data[7680      : 7711      ]: -0.302921 -2.85593  -3.78945  -1.27142  -3.44517  0.399555  -1.93924  -0.295216 36.2863   -3.64164  -3.66933  -1.29153  -2.29743  -2.75787  -9.18787  0.0592152 -0.203963 -3.31693  -3.91368  -1.86966  -4.06512  0.449136  -2.21888  -0.605151 41.4379   -4.33474  -4.06414  -1.20529  -3.41603  -3.27399  -9.46701  0.0675768 
data[7712      : 7743      ]: -0.142315 -2.87067  -4.15018  -1.69666  -4.14417  0.446902  -1.60765  -0.681406 40.07     -4.24377  -3.99099  -1.30592  -2.72436  -2.70888  -10.3162  0.066332  -0.179657 -3.36675  -3.83316  -1.71749  -3.70356  0.429607  -2.5505   -0.65867  38.5235   -3.63996  -3.86291  -1.07886  -2.51495  -2.88999  -9.02066  0.0640177 
data[7744      : 7775      ]: 0.0489707 -3.06747  -3.71498  -1.50167  -3.28035  0.390795  -1.28868  -0.442461 35.8472   -3.69404  -3.23534  -1.14737  -2.42386  -3.22351  -9.32638  0.0591448 -0.365061 -3.0598   -4.01972  -1.92068  -3.80878  0.439274  -1.91853  -0.436577 40.6197   -4.62055  -3.98868  -1.39699  -2.70134  -3.43363  -9.45484  0.0661624 
data[7776      : 7807      ]: -0.17895  -3.26407  -3.91048  -1.82007  -3.74306  0.448238  -1.76109  -0.432639 40.996    -4.68767  -4.20212  -1.46368  -2.87422  -2.72234  -10.4511  0.0673265 0.0791288 -2.54549  -3.69801  -1.60336  -3.97178  0.418657  -1.89026  -0.692393 37.4571   -4.57841  -3.79733  -1.0622   -2.28989  -2.92425  -8.96405  0.0625298 
data[7808      : 7839      ]: -0.106981 -2.84216  -3.67338  -1.69064  -3.40653  0.402386  -1.57928  -0.37607  36.7368   -3.65033  -3.55543  -0.91329  -2.77394  -3.10041  -9.53122  0.0604933 0.0180041 -3.48644  -4.05561  -1.9146   -4.09254  0.439279  -1.83877  -0.341009 40.0868   -4.34878  -3.8507   -1.12681  -2.28194  -3.40249  -9.87057  0.066222  
data[7840      : 7871      ]: -0.167401 -3.46585  -3.75334  -1.88507  -3.73032  0.445375  -1.92052  -0.526982 40.5822   -5.10077  -3.75572  -1.7641   -2.59441  -2.60333  -9.82687  0.0671061 0.154044  -3.00565  -4.21367  -1.7559   -3.73291  0.432986  -1.93006  -0.685928 38.3124   -4.14062  -3.9948   -1.1842   -2.38149  -2.4551   -9.48336  0.0642814 
data[7872      : 7903      ]: -0.0453532-2.82331  -3.38903  -1.42836  -2.96365  0.350753  -1.41638  -0.333646 32.7773   -3.11213  -3.3047   -1.12233  -2.08915  -2.85315  -8.30007  0.0531987 0.15307   -3.3502   -3.60677  -1.70628  -3.20223  0.393438  -2.17578  -0.313593 35.9934   -3.84803  -3.83845  -1.09513  -2.32649  -2.85153  -8.28466  0.0592916 
data[7904      : 7935      ]: 0.00355396-3.13786  -3.40809  -1.88627  -3.17641  0.392511  -1.19632  -0.645139 35.824    -3.60555  -3.66156  -1.30311  -2.53669  -2.94418  -8.77867  0.0598344 0.0542526 -2.79203  -3.06345  -1.34249  -3.0997   0.370636  -1.91601  -0.389157 33.103    -3.28713  -3.45625  -1.04287  -2.55608  -2.08117  -8.55661  0.0550418 
data[7936      : 7967      ]: -0.0101279-0.599728 -1.40295  -0.610506 -1.76257  0.171326  -1.24322  -0.047119315.2804   -1.59203  -1.44106  -0.345898 -1.37819  -1.20144  -3.84189  0.0249461 0.125491  -1.16917  -1.73528  -0.636785 -1.6419   0.166942  -0.918575 -0.153505 15.3841   -1.40262  -1.58217  -0.547825 -1.3281   -1.092    -3.49338  0.0247753 
data[7968      : 7999      ]: -0.0722087-0.923612 -1.71408  -0.725905 -1.75063  0.171087  -0.476684 -0.105972 15.0497   -1.44193  -1.84516  -0.565019 -1.17672  -0.832377 -3.61545  0.0249902 -0.0605861-1.18234  -1.72973  -0.489318 -1.51677  0.162143  -0.9526   -0.348632 14.5133   -1.50734  -1.33139  -0.218384 -0.844277 -0.943344 -3.57465  0.0239338 
data[8000      : 8031      ]: 0.013243  -0.890362 -1.90849  -0.642064 -1.99003  0.197089  -0.625789 -0.213571 18.0892   -1.64749  -1.78868  -0.547491 -1.45025  -1.49946  -5.12492  0.0290845 0.0373953 -1.18134  -2.01629  -0.462954 -2.05684  0.196738  -0.933712 -0.153313 17.5767   -1.56821  -2.38637  -0.614328 -1.46345  -0.987894 -4.01459  0.0284564 
data[8032      : 8063      ]: 0.0176808 -1.13501  -1.96581  -0.715594 -1.91373  0.192376  -0.834614 -0.147579 16.8102   -1.84312  -1.85449  -0.604232 -1.20888  -0.731147 -4.09388  0.0278506 -0.0992227-1.39988  -1.94662  -0.758356 -1.61872  0.192578  -0.882369 -0.360644 17.1288   -1.5253   -1.66712  -0.272381 -1.127    -1.06906  -4.62321  0.0284591 
data[8064      : 8095      ]: -0.165498 -0.983693 -1.69269  -0.818115 -1.81838  0.195683  -1.10999  -0.133135 17.223    -1.87946  -1.69445  -0.331031 -1.1024   -0.9435   -4.7749   0.028545  -0.240993 -0.753273 -1.7593   -0.702745 -1.85528  0.191937  -0.932107 -0.0098082917.104    -1.6403   -1.95016  -0.495827 -1.41055  -1.33714  -4.2364   0.0279162 
data[8096      : 8127      ]: -0.0359301-0.804775 -1.89459  -0.692029 -1.97826  0.195502  -0.867237 -0.013688116.8296   -1.74386  -1.83291  -0.623496 -1.19268  -0.893053 -4.4807   0.0280935 -0.209082 -0.949937 -1.91981  -0.406404 -1.3821   0.186054  -0.964725 -0.382541 16.4465   -1.60051  -1.77742  -0.455396 -1.24628  -0.815212 -4.54998  0.0268448 
data[8128      : 8159      ]: -0.0943129-0.968085 -1.66003  -0.602238 -1.92115  0.20524   -1.05895  -0.047859518.3896   -1.7144   -1.92162  -0.270177 -1.58396  -1.52031  -5.26176  0.0300126 0.0987432 -1.13068  -2.18623  -0.651857 -2.00568  0.207849  -1.04214  -0.116564 19.0122   -1.75954  -2.0974   -0.173139 -1.44835  -1.58443  -5.15331  0.0305708 
data[8160      : 8191      ]: 0.018666  -1.08914  -2.16328  -0.682697 -2.14696  0.203772  -0.826499 -0.1349   17.5636   -1.98304  -2.17626  -0.277965 -1.12891  -0.8239   -4.38173  0.0292604 -0.00460324-1.36501  -2.00211  -0.7639   -2.13807  0.205108  -1.23497  -0.334856 18.1306   -1.68942  -1.78135  -0.147809 -1.08183  -1.03782  -4.784    0.0299842 
Time 3156380 ns: producer08000000e finish sending data!
