Time 8055350 ns: ack for producer080000005's req!
Time 8055380 ns: producer080000005 is sending data!
data[0         : 31        ]: 0.196437  0.287885  0.469571  0.112646  0.319371  0.314793  0.163852  0.246426  0.215971  0.515257  0.433188  0.550033  0.409191  0.366887  0.429176  0.231403  0.32823   0.268164  1.18207   0.595959  0.439701  0.539096  0.479531  0.556383  1.006     0.308622  0.378258  0.157465  0.317121  0.101455  0.124026  0.219525  
data[32        : 63        ]: 0.125766  0.125976  0.0146002 0.0744441 0.648142  0.346059  0.328977  0.394393  0.341771  0.585219  0.265591  0.372969  0.259829  0.114815  0.292559  0.0684086 0.224915  0.252372  0.180931  0.160911  0.335976  0.161792  0.188386  0.0959276 0.237634  0.237974  0.283568  0.141221  0.241799  0.202579  0.009575850.0255561 
data[64        : 95        ]: 0.179894  0.0243214 0.0243947 0.154777  0.0946945 0.0507726 0.0831443 0.0381762 0.880619  0.532927  0.363662  0.750957  0.637606  0.44194   0.488139  0.506875  0.656572  0.341518  1.03347   0.399307  0.553625  0.769846  0.429443  0.377753  0.75133   0.497689  1.04804   0.709998  0.435893  0.958591  0.444644  0.640294  
data[96        : 127       ]: 0.782187  0.493528  0.620968  0.317117  0.396899  0.413493  0.439604  0.302258  0.317619  0.458967  0.410842  0.420642  0.0681782 0.0460231 0.211899  0.0613426 -0.02809730.164295  0.160502  0.112378  0.117885  1.34163   1.42953   1.22899   1.1704    1.19176   1.15216   1.25409   1.04368   1.00086   0.286822  0.328801  
data[128       : 159       ]: 0.684043  0.311437  0.295092  0.56815   0.218871  0.403497  0.672618  0.0466095 0.0706785 0.0221469 0.0169866 0.0223163 0.0364896 0.0320225 0.0376406 0.0352257 0.302896  0.0751896 0.0624202 0.231606  0.0737888 0.0160658 0.219396  0.0624525 0.0800048 0.500187  0.199476  0.12525   0.438321  0.193995  0.259264  0.507674  
data[160       : 191       ]: 0.302314  0.004696890.329543  1.14133   0.161948  0.230587  0.982269  0.299569  0.362068  1.08711   0.210078  0.0457038 0.0153183 0.408123  0.0485783 0.0437502 0.302146  0.0610808 0.009270130.432006  0.377908  0.317966  0.176199  0.37525   0.181801  0.17509   0.270453  0.444852  0.168942  0.0246906 -0.03285350.472753  
data[192       : 223       ]: 0.0179031 0.0371212 0.655481  -0.000323341-0.06496530.587104  0.0964838 0.114592  0.1117    0.19025   0.147254  0.192116  0.146277  0.175646  0.05942   -0.00821752-0.06731280.24073   -0.00163055-0.03350350.224123  -0.01131550.0073203 0.1803    0.520037  0.321474  0.295534  0.565885  0.296417  0.291905  0.606036  0.222145  
data[224       : 255       ]: 0.426457  0.434095  -0.05020921.068     0.423059  -0.09556610.991522  0.352011  0.0123957 1.11044   0.591668  0.931134  0.0934493 0.488561  1.05781   0.0606304 0.505158  0.970624  0.124885  0.319357  0.185901  0.210568  0.24517   0.174252  0.255393  0.237658  0.214825  0.183203  0.0857682 -0.005565370.110854  0.11006   
data[256       : 287       ]: -0.002278070.0937124 0.112812  -0.01504930.0506198 1.29321   0.478966  0.255976  1.20122   0.622782  0.26131   1.36554   0.487028  0.277478  0.293244  0.0784141 0.040465  0.2788    0.0358726 0.0863086 0.30374   0.0592557 -0.0004531640.0009307620.106864  0.0003503170.008922810.129321  0.0199482 0.0393927 0.148944  0.00591156
data[288       : 319       ]: -0.01315610.0208079 0.0394246 0.387434  0.274964  0.275013  0.217924  0.173009  0.1538    0.072698  0.204901  0.16125   0.281125  0.437795  0.321373  0.513039  0.269188  0.393931  -0.00745710.261232  -0.03205090.236578  0.432656  0.142861  0.213876  0.640307  0.371798  0.0175231 -0.02697710.0313944 0.0279907 -0.0390027
data[320       : 351       ]: 0.239803  0.0214419 0.002706890.137291  0.0226348 0.086012  -0.009148440.189477  0.259463  0.193628  0.295248  0.289806  0.218125  0.00385308-0.04419170.0934508 0.1014    0.022935  0.264898  -0.007067060.037729  0.256812  0.005047240.002862  0.03686   0.220115  0.244656  0.246089  0.128188  0.124304  0.112514  0.00533819
data[352       : 383       ]: -0.02550810.0679204 0.001417340.0114734 0.0527368 -0.0003868470.020862  0.0464284 0.160525  0.103514  0.109532  0.48153   0.375997  0.517765  0.432128  0.329922  0.411804  0.131822  -0.005354830.269352  0.236456  0.173225  0.490986  0.226031  0.0730705 0.550514  0.0227163 0.240804  -0.006094350.467687  0.661628  0.389256  
data[384       : 415       ]: 0.391408  0.596     0.299092  -0.0219508-0.03146680.0701237 0.253986  0.288749  0.307521  0.208312  0.256569  0.328825  0.0405269 0.02103   -0.04574210.0630328 0.001276  0.0809674 0.0833107 0.0478899 0.0646461 0.363842  0.281792  0.188684  0.795291  0.464697  0.47938   1.07977   0.777458  0.615198  0.0832463 0.0422532 
data[416       : 447       ]: 0.0271609 0.15346   0.15472   0.0521938 0.184722  0.152062  0.137007  0.0002268160.012027  -0.016616 0.008314720.0143169 -0.00828704-0.004411190.0222165 0.007787271.97135   2.28305   1.88292   1.09874   1.16382   0.982228  1.4326    1.90162   1.56072   4.47631   4.42257   4.34869   3.52295   3.38387   4.0082    3.26575   
data[448       : 479       ]: 3.57904   3.71658   3.07837   3.14345   4.13624   2.54169   2.40219   3.51699   2.43698   1.90842   3.01579   0.446825  0.0223717 0.0453177 0.363939  0.0440413 0.153881  0.313751  -0.0548436-0.06512742.30652   2.64276   3.05776   1.58712   2.08387   2.02878   1.5663    1.70107   2.29787   1.06881   -0.148635 0.0080562 
data[480       : 511       ]: 0.4522    -0.40997  -0.437217 0.883411  -0.455655 -0.193466 1.5615    1.0999    1.53155   1.07818   0.708911  0.906372  1.23453   0.927517  1.40833   0.495477  0.110166  -0.118238 0.504754  -0.00601691-0.176365 0.29034   0.196467  -0.304884 4.55783   5.05688   6.03443   3.49284   3.87991   4.61795   3.77204   3.5469    
data[512       : 543       ]: 5.43056   3.73824   2.93339   3.20642   3.17316   1.97972   2.54715   2.70672   2.34526   2.39361   3.48539   4.28417   4.85901   1.83915   2.17329   3.42026   2.65858   3.18868   3.84613   2.04909   2.2501    2.40587   1.81475   2.11938   1.92197   1.74889   1.44968   1.71338   1.39118   0.972784  0.682368  1.09099   
data[544       : 575       ]: 0.936369  0.683955  0.811844  0.794726  0.325894  9.70683   12.078    11.6827   8.3374    10.6028   10.8171   7.79471   9.66623   10.0886   2.96105   3.61579   2.65907   2.77056   3.25483   2.43534   2.34715   3.08097   1.63391   0.0361407 -0.04408540.0373631 -0.0407232-0.113792 0.0559652 0.00374119-0.05923460.050502  
data[576       : 607       ]: 5.33669   4.94207   5.27209   4.945     6.00655   5.68207   5.74308   5.70998   6.52732   10.9971   10.7706   10.8148   11.1532   11.674    11.1259   11.0262   11.1054   11.5662   11.4317   9.99884   9.80921   11.929    10.4379   9.53009   11.983    10.5035   10.4791   1.21239   1.77413   1.28725   1.66427   2.02217   
data[608       : 639       ]: 1.2873    1.39453   1.84931   1.35245   7.71041   6.88389   7.23167   8.18554   7.2174    7.08336   7.44293   7.48823   7.07811   1.29588   2.52783   1.38227   1.69237   2.76654   1.45263   1.30644   2.49278   1.34368   4.02978   3.51369   3.59789   4.13112   4.49592   3.98798   4.08951   3.96644   4.02995   0.488108  
data[640       : 671       ]: 0.836155  0.936628  0.357808  1.15173   0.929499  0.599142  0.768179  0.868718  12.0751   12.6805   11.9568   13.0315   12.6051   12.867    12.7514   13.5917   11.94     9.16003   9.8063    8.75368   9.22445   10.8215   8.85532   9.64705   10.1899   8.85014   13.455    12.1904   11.1607   14.0929   12.1272   12.154    
data[672       : 703       ]: 13.76     11.8256   11.9478   6.56928   6.7564    6.38544   7.24265   7.07811   7.05283   6.52281   7.4085    7.2183    2.39847   2.58375   3.15073   2.2615    2.6334    3.00167   2.58819   2.76671   3.19141   27.5739   25.7041   27.8841   28.5239   27.2155   28.1429   29.0668   27.4566   29.4878   6.88852   6.52848   
data[704       : 735       ]: 8.25672   6.49645   6.15664   8.00348   6.79763   7.09323   8.20367   0.361915  0.246521  0.240442  0.535574  0.267875  0.286021  0.47059   0.299105  0.366873  -1.90603  -1.73385  -1.4568   -2.31302  -2.0089   -1.36261  -1.65629  -1.60012  -1.50752  -4.62158  -3.7072   -3.57311  -3.82813  -3.91896  -3.42589  -3.78465  
data[736       : 767       ]: -3.97234  -3.32855  -2.43223  -3.12047  -4.7568   -3.17969  -3.15279  -5.11984  -3.06313  -3.15205  -4.74935  -0.300183 -0.378013 -0.20237  -0.245325 -0.281942 -0.11172  -0.64587  -0.368609 -0.429824 -2.61381  -2.75887  -2.94508  -2.44423  -2.32999  -2.81329  -2.54464  -2.47276  -2.82589  -0.615224 -0.215478 -0.611728 
data[768       : 799       ]: -0.330479 -0.285702 -0.338501 -0.621913 -0.372203 -0.573202 -0.751157 -1.15551  -1.13143  -1.61137  -0.966614 -1.41085  -0.847759 -1.20533  -1.25816  -0.239163 -0.0819128-0.249764 -0.160024 -0.155867 -0.171618 -0.163124 -0.290341 -0.113912 -4.32244  -4.4617   -4.04662  -4.11047  -4.55347  -3.70982  -4.07987  -4.45741  
data[800       : 831       ]: -3.37495  -3.60624  -3.03913  -2.21471  -2.76735  -2.68148  -2.46937  -2.80025  -2.70509  -1.80212  -3.93937  -4.6774   -5.35434  -3.68665  -3.57163  -5.43818  -3.7673   -4.0775   -5.04457  -2.23106  -2.09547  -2.26055  -1.93668  -1.9142   -2.39476  -1.81371  -2.24522  -2.2391   -0.989303 -0.715303 -0.471092 -0.952019 
data[832       : 863       ]: -0.817434 -0.318494 -1.00437  -1.0292   -0.549088 -10.1241  -10.5691  -8.6462   -10.0844  -10.0943  -8.071    -9.36385  -9.52138  -8.15498  -2.92856  -2.25013  -1.83027  -2.63104  -2.27819  -1.66051  -2.69148  -2.44181  -1.5343   -0.0867684-0.10825  -0.149253 0.0109434 -0.10898  -0.160576 -0.0375675-0.0811274-0.173342 
data[864       : 895       ]: 9.40632   10.1136   9.99221   10.2624   10.7529   11.4423   9.77343   10.4515   10.2835   18.924    19.8718   19.1613   19.8973   20.7804   20.7004   19.6057   20.4397   20.0973   19.463    16.7349   18.7181   20.3186   16.9775   19.6358   19.8454   17.3692   19.3841   2.27505   3.34733   1.62221   2.32368   3.38316   
data[896       : 927       ]: 1.8318    2.47477   3.62572   2.0986    13.0859   12.4508   13.3023   13.6114   13.8375   13.8836   13.9179   13.0753   13.9313   2.65297   4.42437   1.59163   2.764     4.70895   1.86705   2.635     4.47963   1.58884   6.23447   6.58166   6.4719    7.33634   6.89894   7.3586    6.71712   6.96711   6.81983   1.30067   
data[928       : 959       ]: 1.83994   1.35976   1.55725   1.89125   1.44845   1.23319   1.9669    1.37258   22.4102   23.3819   23.2867   23.4907   24.3124   24.2974   23.2588   24.1238   24.0454   15.2447   18.9794   14.1851   15.7795   19.8818   14.719    15.4079   20.1265   14.5885   22.1779   20.5624   22.3491   23.4821   21.0241   23.2525   
data[960       : 991       ]: 23.272    21.3148   23.1968   11.6152   12.1334   12.0584   12.3949   12.7075   12.4631   12.119    12.6286   12.1106   4.41537   4.94842   4.93982   4.49995   5.04458   4.98366   4.83185   5.29997   5.14688   47.547    50.9667   51.6329   49.1577   51.7641   53.1205   49.1698   53.3032   53.6415   12.578    13.4773   
data[992       : 1023      ]: 14.8635   12.8269   13.6934   15.0421   13.0821   14.1307   15.3175   0.801483  0.451249  0.703399  0.848785  0.300152  0.681086  0.854256  0.402584  0.748247  1.88665   2.35854   2.2864    2.21732   2.49298   2.10618   2.54974   2.52963   2.41209   5.5174    5.12253   5.48322   4.69427   4.77206   5.23273   5.64808   
data[1024      : 1055      ]: 5.13313   5.95311   4.4268    3.98734   5.59124   4.50285   4.37614   5.20712   4.66782   4.31333   6.56088   0.654567  0.21227   0.44656   0.804345  0.205871  0.553051  0.550483  -0.09732810.27897   3.15364   2.53725   4.03333   3.11208   3.16731   3.50681   3.27913   2.49072   3.97696   0.954768  0.156139  0.281049  
data[1056      : 1087      ]: 0.782206  0.259376  0.39004   0.939273  0.0985906 0.447794  1.93743   1.37174   1.82829   2.14163   2.07722   2.25578   2.15726   1.53076   2.18129   0.241923  0.216717  -0.07717840.147137  0.323025  -0.01757830.420136  0.250695  0.0261449 6.21564   6.1162    6.76097   5.78031   6.08127   5.6794    5.73928   5.99805   
data[1088      : 1119      ]: 6.73064   4.7824    3.67363   3.68914   4.56675   3.37679   3.5505    4.61182   3.41999   3.76747   4.54047   5.4149    6.31183   4.54406   4.74267   6.27283   4.8394    5.47393   6.08849   2.92504   3.38459   3.00535   3.21294   3.14885   3.08735   2.72951   2.84936   2.95134   1.04835   1.30605   0.537467  0.904744  
data[1120      : 1151      ]: 1.50563   0.699557  0.909221  1.16811   0.80959   12.9672   12.995    13.5757   12.3565   14.0007   13.1362   13.0602   13.1256   14.0719   3.60159   3.43799   3.16715   3.04004   3.8288    3.04747   3.41103   3.99965   2.79556   0.0226462 0.0778675 0.182521  -0.04128460.0881472 0.0641829 0.001178150.0481487 0.0962832 
Time 8055750 ns: producer080000005 finish sending data!
