Time 6738320 ns: ack for producer08000000b's req!
Time 6738350 ns: producer08000000b is sending data!
data[0         : 31        ]: -0.02650070.0259709 -0.006167530.008796438.32893e-05-0.0209967-0.03629240.0239252 -0.02160250.0403963 0.0922209 0.036594  0.0666471 0.130009  0.0314685 0.0607507 0.112073  0.0577628 0.0301329 0.0442542 0.00340148-0.005334220.0227146 -0.02092180.006515710.0175799 -0.00968716-0.23904  -0.05403430.0581064 -0.282997 -0.195848 
data[32        : 63        ]: 0.0227241 0.0186146 0.116559  0.171014  -0.266946 -0.24295  -0.113665 -0.0185882-0.06371250.191686  -0.248192 -0.111971 -0.122973 0.166953  0.282912  0.722819  0.0906571 0.274617  0.313929  -0.146965 -0.009568640.0697361 -0.188354 0.0727278 0.0487281 0.155393  0.0158683 0.171337  0.318927  0.192782  0.419696  -0.241275 
data[64        : 95        ]: -0.410471 -0.377002 -0.0492474-0.0859458-0.0757708-0.0634147-0.0475619-0.01992610.175382  0.0108654 -0.237493 0.0502717 0.0489497 -0.08878440.338642  -0.103809 -0.119116 0.309132  -0.332854 -0.136169 0.323798  -0.332919 -0.113021 0.16014   -0.141257 -0.177384 0.004595570.014879  -0.0239787-0.00451830.00141576-0.0103892
data[96        : 127       ]: -0.01703380.00942914-0.01403060.0264366 0.0487319 0.0181145 0.0325525 0.0524087 0.0296853 0.0216611 0.0558501 0.072093  0.205715  -0.174004 0.124512  0.127722  -0.4469   -0.141388 0.384225  0.0571724 0.0216094 0.330306  0.269501  0.385822  0.204203  0.410795  0.238114  0.265265  0.377417  0.281923  0.15534   0.0758162 
data[128       : 159       ]: -0.06181060.197797  0.314052  0.369137  0.1724    0.259467  0.006495330.16875   0.300761  0.102394  0.145255  0.259541  0.167727  0.147368  0.256841  0.10801   0.0601917 0.0596127 0.001675980.008965930.0485043 -0.01906340.0443996 0.0204491 -0.0575486-0.06752890.0310354 -0.01065930.006562290.005871980.006572730.056048  
data[160       : 191       ]: 0.0968952 0.0525264 -0.01135440.0217468 0.0249385 -0.0256253-0.002770760.000560887-0.0159381-0.016863 0.0180961 0.267309  0.0618234 0.169966  0.081057  -0.0196132-0.0725398-0.02405610.0745064 -0.05913540.0207284 0.0194371 0.129402  -0.03369920.0557731 0.11288   -0.03597490.0348107 0.0811744 0.0230648 0.369177  0.465563  
data[192       : 223       ]: -0.02058660.138308  0.444758  0.0498698 0.187272  0.395041  0.30233   0.0816263 0.133267  0.0766967 0.0118677 -0.122427 0.0941967 0.190927  0.0502553 0.00179873-0.017892 0.00300764-0.00282480.00285586-0.0158715-0.00365213.99647e-070.005201010.281972  -0.08567740.0360578 0.141251  -0.07507590.0477523 0.140451  0.0397231 
data[224       : 255       ]: 0.0607293 0.00140889-0.0108502-0.0180542-0.01414980.009874980.0141302 0.0163516 0.0506052 0.0292594 0.096729  0.483674  0.331371  0.200376  0.215923  0.0755698 -0.136376 0.151831  0.119046  0.140914  0.309597  0.231889  0.137423  0.0513479 0.0454108 0.0912733 0.234126  -0.118315 -0.57535  -0.839373 -0.454338 -0.261023 
data[256       : 287       ]: -0.824292 -0.239915 -0.0252189-0.527622 -0.09906730.0666529 0.0898268 0.0658696 0.0678269 0.120663  0.0429902 0.0432935 0.117259  0.0476953 -0.324066 -0.520379 -0.691831 -0.353728 -0.584472 -0.353491 -0.118259 -0.321403 -0.269441 0.120671  0.235764  0.278421  0.1744    0.137055  0.198389  0.0371724 0.171973  0.192688  
data[288       : 319       ]: -0.0623637-0.138301 -0.0385718-0.0573869-0.136609 -0.0255168-0.0752451-0.231545 -0.0322676-0.0450102-0.0749261-0.0458594-0.0797179-0.0716192-0.0320004-0.0634506-0.0682996-0.0654037-0.0907929-0.0348243-0.0406285-0.0978353-0.0694448-0.0910702-0.0710255-0.0296799-0.0452077-5.32022  -5.34389  -4.24239  -5.60886  -6.29967  
data[320       : 351       ]: -5.21982  -6.12059  -6.98428  -5.56694  -1.80596  -2.78804  -1.78276  -2.15786  -3.45058  -2.05777  -2.04286  -3.87503  -2.42971  -2.94913  -2.76076  -1.80683  -2.56262  -3.04738  -2.04036  -3.33421  -3.17349  -2.455    -4.97799  -4.48298  -4.5137   -5.45072  -5.50588  -5.32504  -5.79674  -5.58564  -5.66488  -2.48237  
data[352       : 383       ]: -1.80738  -1.94318  -1.90126  -1.83015  -1.75883  -2.7629   -2.51481  -2.4404   -3.46471  -3.29304  -3.28211  -3.49132  -3.71002  -3.57277  -4.2973   -3.46067  -4.23237  -4.94695  -2.23637  -3.00444  -6.35498  -3.50313  -4.49378  -5.68583  -3.60634  -4.74345  -0.115035 -0.0328215-0.0385003-0.125278 -0.0499458-0.087657 
data[384       : 415       ]: -0.123799 -0.0292426-0.0521578-0.106536 -0.0284915-0.0463986-0.0862436-0.0275981-0.0626094-0.0797921-0.0434355-0.0523541-5.40108  -3.59214  -3.2165   -5.81146  -3.7966   -4.21737  -5.84646  -4.79283  -5.28154  -2.42645  -1.12042  -1.78699  -2.76722  -1.239    -2.52258  -2.38448  -1.60064  -2.45673  -3.50063  -2.93996  
data[416       : 447       ]: -2.26392  -3.2721   -2.65824  -2.62823  -4.05052  -3.41055  -3.30878  -0.761571 -0.133253 -0.242584 -1.02448  -0.275575 -0.427166 -0.782401 -0.233511 -0.319631 -0.10221  -1.16776  -0.334949 -0.141841 -1.25078  -0.434472 -0.18014  -1.144    -0.316954 -0.187934 -0.689338 -0.218569 -0.522724 -1.10217  -0.545643 -0.218426 
data[448       : 479       ]: -0.876002 -0.213135 -0.0216853-0.0153027-0.0105989-0.0423388-0.0281137-0.0362397-0.019656 -0.006959950.00426974-1.33245  -0.950066 -1.53537  -1.2894   -1.09161  -1.71564  -1.25046  -1.48925  -1.84367  -0.10517  -0.113809 -0.0467381-0.185257 -0.142919 -0.0905   -0.115704 -0.0933882-0.0613534-1.59586  -1.62209  -0.969548 
data[480       : 511       ]: -2.4761   -2.30078  -1.33648  -1.80584  -2.22398  -1.56242  -4.63271  -2.86332  -3.32369  -5.42147  -3.97169  -4.561    -5.01103  -4.17884  -4.34586  -0.0104651-0.0112477-0.0132292-0.0196616-0.00720384-0.0125215-0.0318855-0.00872369-0.0171562-1.47744  -1.15383  -1.9061   -1.47237  -1.55195  -2.01851  -1.63716  -1.76232  
data[512       : 543       ]: -2.30068  -0.0440226-0.114252 -0.0192762-0.0482526-0.118969 -0.037768 -0.0442006-0.108585 -0.0198073-2.55972  -1.53788  -2.31697  -3.4701   -2.06754  -2.7627   -3.27993  -2.26589  -2.92423  -8.54033  -8.92146  -7.34112  -10.0482  -10.292   -8.97146  -10.9464  -10.6681  -10.0954  -6.30471  -5.36504  -5.41979  -6.5499   
data[544       : 575       ]: -6.55051  -6.07392  -8.38565  -7.37579  -7.11182  -0.0518781-0.00459898-0.0301012-0.082758 -0.00690549-0.0254425-0.120005 -0.00893636-0.0445483-3.04234  -2.24838  -3.36992  -3.11109  -2.02599  -3.30674  -4.44649  -3.30771  -3.78699  -0.294842 -0.332722 -0.274863 -0.358298 -0.35773  -0.405504 -0.291326 -0.383438 -0.369276 
data[576       : 607       ]: 0.00425455-0.00588158-0.003115380.000902496-0.004259 0.000177503-0.0352076-0.0166078-0.0047759-0.02306390.00204495-0.00289273-0.0284159-0.0004679710.000817491-0.0188749-0.00647158-0.00374794-0.000209551-0.00407276-0.00753323-0.0251379-0.0186785-0.0314704-0.0209511-0.00865781-0.00730466-0.0982412-0.232421 -0.180025 -0.453869 -0.647015 
data[608       : 639       ]: -0.665972 -0.60436  -0.865817 -0.991844 -0.0822943-0.0988777-0.120082 -0.276441 -0.338206 -0.379076 -0.365668 -0.360002 -0.395319 -0.0471349-0.0615223-0.0786232-0.302298 -0.289091 -0.131711 -0.467438 -0.451067 -0.486279 -0.162124 -0.172826 -0.242038 -0.48282  -0.623037 -0.720832 -0.553535 -0.673354 -0.87094  -0.0152904
data[640       : 671       ]: -0.0801492-0.0848958-0.0660511-0.108555 -0.122725 -0.210969 -0.309057 -0.376627 -0.092865 -0.150086 -0.146003 -0.259322 -0.408932 -0.43955  -0.356394 -0.493678 -0.621518 -0.0443052-0.18218  -0.204481 -0.326508 -0.625706 -0.760201 -0.249425 -0.502292 -0.675185 -0.005157210.000433433-0.00518047-0.0149949-0.00961616-0.0131456
data[672       : 703       ]: -0.01014830.00026875-0.00504024-0.0180338-0.00197852-0.00507998-0.0143418-0.007834870.00378051-0.0176382-0.00887953-0.0222035-0.0975526-0.0826471-0.172653 -0.202965 -0.343408 -0.389154 -0.348383 -0.59279  -0.819803 -0.0797021-0.0647511-0.0951908-0.205865 -0.206153 -0.315922 -0.202822 -0.276568 -0.280084 -0.0463519-0.0669573
data[704       : 735       ]: -0.103806 -0.165081 -0.139827 -0.235211 -0.28397  -0.409813 -0.48949  -0.0441864-0.0186889-0.074521 -0.0953631-0.0812346-0.125273 -0.0653155-0.0276238-0.0706145-0.03105  -0.0111587-0.00643994-0.0478209-0.0292044-0.0225436-0.0775246-0.0253218-0.0173779-0.0826886-0.0696105-0.039704 -0.184007 -0.208096 -0.118991 -0.0792948
data[736       : 767       ]: -0.0652069-0.0382683-0.0260455-0.00520021-0.00378973-0.0762998-0.0433814-0.0328292-0.016448 0.00089915-0.00144269-0.0255899-0.123647 -0.030739 -0.226378 -0.403565 -0.201466 -0.195668 -0.332779 -0.185296 -0.0262561-0.0358253-0.00902062-0.0771301-0.108315 -0.0643849-0.0298352-0.0364124-0.0139425-0.0982834-0.147196 -0.103251 
data[768       : 799       ]: -0.314011 -0.463232 -0.376293 -0.229843 -0.293515 -0.250173 -0.0693043-0.149469 -0.22268  -0.300206 -0.46131  -0.6272   -0.418378 -0.493357 -0.620667 -0.00103053-0.000765776-0.000566808-0.00590468-0.002132650.00711722-0.00160054-0.00232257-0.000401868-0.0479326-0.0670005-0.0637258-0.0838026-0.150573 -0.107491 -0.130023 -0.22772  
data[800       : 831       ]: -0.163971 -0.0142842-0.00499017-0.000145518-0.018638 -0.00292534-0.00430818-0.00694963-0.003695 -0.004311 -0.0868627-0.114864 -0.125402 -0.333462 -0.379139 -0.361646 -0.363087 -0.436124 -0.455207 -0.195392 -0.40716  -0.359943 -0.853952 -1.11269  -1.18919  -1.17199  -1.48272  -1.63513  -0.0916133-0.170862 -0.224434 -0.384187 
data[832       : 863       ]: -0.510012 -0.633191 -0.569186 -0.902035 -1.211    -0.00824303-5.93427e-05-0.0102186-0.0209673-0.001527810.00368942-0.02716130.00086203-0.00676422-0.0238679-0.0563947-0.0685072-0.0616196-0.166751 -0.216267 -0.195814 -0.420257 -0.522797 -0.0388812-0.0287655-0.037802 -0.0992944-0.100357 -0.03498  -0.130728 -0.123204 -0.0673612
data[864       : 895       ]: 0.184232  0.205959  0.248793  0.217586  0.22324   0.211512  0.177857  0.241696  0.219961  0.109067  0.148815  0.148371  0.0963061 0.142678  0.141149  0.0730259 0.134113  0.113055  0.0162267 0.0338301 0.027149  0.0241633 0.0683512 0.0369732 0.0592329 0.0823326 0.0882689 18.3939   19.1236   19.0314   18.1046   18.9325   
data[896       : 927       ]: 18.7901   17.7138   18.4342   18.0734   7.92759   8.79631   8.48892   7.50208   8.33833   8.05156   7.48637   8.27176   7.9126    7.35483   8.11887   8.5044    7.22364   7.98688   8.31568   7.2724    7.89112   8.15022   16.9009   17.8417   17.7193   16.5142   17.4629   17.2376   16.283    17.1464   16.6942   8.55851   
data[928       : 959       ]: 8.70626   8.72698   8.38243   8.56621   8.47359   7.90792   8.06902   7.89291   11.8523   12.1945   12.3671   11.4931   11.8427   11.9319   11.2712   11.5631   11.5261   11.7663   11.8005   11.7474   11.6439   11.5134   11.9176   11.5501   11.3659   11.7384   0.101138  0.117956  0.10507   0.117364  0.139668  0.170246  
data[960       : 991       ]: 0.099794  0.119532  0.149467  0.250095  0.207838  0.211504  0.259469  0.245333  0.266311  0.241916  0.226286  0.224429  13.7999   14.5087   14.9212   13.6934   14.4345   14.9709   13.4478   14.022    14.3995   5.14518   5.88651   6.19841   5.01719   5.74443   6.08658   4.86819   5.61068   5.8229    10.5923   11.0334   
data[992       : 1023      ]: 11.1872   10.1975   10.7272   10.7822   9.92857   10.4036   10.3957   0.798582  0.900477  1.07157   0.827404  0.929507  1.03116   0.715417  0.821626  0.926525  0.940896  1.20297   1.22711   0.946047  1.2549    1.1608    1.02966   1.27936   1.16489   0.778636  0.863686  0.950346  0.826168  0.942241  1.02932   0.892602  
data[1024      : 1055      ]: 1.0474    1.08799   0.009115570.009779130.00715371-0.02723360.0170309 0.001284680.0202103 0.0332957 0.0348699 5.16699   4.64665   4.50545   5.01889   4.50467   4.49309   4.87109   4.46707   4.44599   0.0963118 0.127428  0.156949  0.0962934 0.143358  0.205511  0.0655286 0.146061  0.225787  5.11765   5.03278   4.93281   
data[1056      : 1087      ]: 4.945     4.99241   4.95278   5.04771   5.08067   5.07241   11.1058   12.2332   12.4192   11.0174   12.0389   12.3119   10.7863   11.8247   12.0424   0.0755996 0.024168  0.0350633 0.0603187 0.0240053 0.0196045 0.0555764 0.0269241 0.0218735 4.5951    4.5457    4.72105   4.588     4.63908   4.94044   4.53273   4.5898    
data[1088      : 1119      ]: 4.70963   0.123139  0.173709  0.173317  0.11698   0.17153   0.168379  0.112592  0.186626  0.196847  7.07168   7.96526   7.86581   7.1002    7.72315   7.77899   7.1484    7.74163   7.69249   29.6163   31.0743   31.1834   28.9759   30.4744   30.3519   28.4679   29.8682   29.4413   20.4972   21.777    22.4708   19.914    
data[1120      : 1151      ]: 21.2223   21.5003   19.6555   20.7428   20.8051   0.0993127 0.121951  0.117426  0.085004  0.119878  0.102127  0.062976  0.118483  0.0913629 10.0516   10.6738   10.8655   9.73833   10.261    10.2693   9.45372   9.73154   9.70696   1.34316   1.18429   1.21132   1.33599   1.29784   1.24138   1.22713   1.13599   1.11833   
data[1152      : 1183      ]: 0.0116048 -0.000744447-0.029338 -0.01609450.0447412 -0.0184074-0.01114410.0139001 -0.01647380.002744880.001561080.014642  0.0158547 0.0204924 -0.007741850.0566826 -0.0171698-0.00170525-0.01390830.00011427-0.02605450.00738211-0.0013841-0.03711610.0063372 -0.0017294-0.0001697731.41752   1.90233   0.18892   1.05187   1.26664   
data[1184      : 1215      ]: -0.438226 0.355824  0.162151  -1.32592  0.543504  0.546693  -0.481806 0.166318  0.143651  -0.804021 -0.331222 -0.425588 -1.30864  0.852362  0.822197  -0.007417060.490263  0.459257  -0.204064 -0.100391 0.262184  -0.590682 1.34923   1.6196    0.341702  0.959477  0.922805  -0.497284 0.159121  -0.223551 -1.3144   0.717926  
data[1216      : 1247      ]: 0.976029  0.438584  0.644578  0.641361  0.126971  0.156871  0.295081  -0.497156 1.2111    1.29323   0.726136  0.687435  0.90438   0.200378  0.212052  0.348765  -0.486699 0.898308  1.22579   0.99935   0.317833  0.80157   0.288898  -0.01865470.0964299 -0.120648 -0.00244775-0.0462836-0.00722257-0.0156406-0.02301950.00169683
data[1248      : 1279      ]: 0.00218976-0.02035590.018914  0.0664459 0.0778842 0.0431596 0.0818921 0.0102459 0.100863  0.0827366 0.0488984 0.0461727 1.58829   1.98972   1.60906   1.1834    1.35378   0.965496  0.662158  0.567175  -0.256054 0.298427  0.443416  0.109539  0.24341   0.0128247 -0.008503840.163229  -0.250736 -0.194393 1.1996    1.18322   
data[1280      : 1311      ]: 0.783986  0.814705  0.669576  0.169339  0.231325  -0.0412805-0.566086 0.0335524 -0.01039570.0661202 0.0687635 -0.053362 0.039237  0.0401179 -0.02756570.0610259 0.194122  0.351202  0.0890417 0.159904  0.325194  0.036349  0.190629  0.312456  0.0191449 -0.21289  -0.116464 -0.191885 -0.167935 -0.109571 -0.178663 -0.0467146
data[1312      : 1343      ]: 0.026448  -0.0727851-0.0397221-0.060219 -0.0549006-0.0302489-0.0377049-0.06671470.00899013-0.0202993-0.01136050.331101  0.402323  0.008641150.325077  0.157793  -0.329167 0.0325689 -0.111373 -0.410099 -0.0162554-0.00480422-0.04027690.0470544 -0.035682 -0.02205940.007940720.0653932 -0.02570810.413836  0.606045  0.126997  
data[1344      : 1375      ]: 0.365912  0.429648  -0.253366 0.158293  0.248885  -0.347021 0.638225  1.10632   0.454015  0.20361   0.71771   0.171901  -0.140236 0.039362  -0.348869 0.0002073410.017534  0.0227299 0.006159750.004512180.001882080.0189252 1.28321e-050.0169456 0.752556  0.856005  0.36829   0.605527  0.919741  0.508013  0.337864  0.619816  
data[1376      : 1407      ]: 0.110884  0.034536  0.0292096 0.0213861 0.0119777 0.0752579 -0.03567180.0340608 0.0385066 0.0102713 0.43065   0.39221   -0.07223170.110018  0.0406126 -0.418445 -0.425624 -0.49748  -0.711233 2.74811   2.73091   0.471613  1.72404   1.72956   -0.52089  0.401172  0.441423  -2.0943   1.65341   2.36939   1.13081   0.878123  
data[1408      : 1439      ]: 1.66578   0.312836  -0.011679 0.697346  -1.22377  0.00727035-0.0103646-0.01817060.00705109-0.02639840.009382040.00891297-0.0721294-0.007812540.905781  1.34761   0.96411   0.648159  1.0451    0.292933  0.267297  0.33543   -0.02397430.0789835 -0.0677059-0.129171 0.0296954 -0.0372465-0.171989 0.0772207 0.00328721-0.16174  
data[1440      : 1471      ]: 0         0         0         0         0         0         0         0         0         0         0         0         0         0         0         0         0         0         0         0         0         0         0         0         0         0         0         0         0.002852580.006402840         0.00344905
data[1472      : 1503      ]: 0.005349350         0         0         0         0.001421580.003189570         0         0.004417260         0         0         0         0.002542420.0002739080         0.002404090.004052180         0         0         0         0.004643010.007130380         0.001840970.003215530         0         0         0         
data[1504      : 1535      ]: 0.0001303060.002435570         0.0009978060         0         0         0         0         0.003957360.001292280         0.001486550.005860290         0         0         0         0         0.002447610         0         0         0         0         0         0         0         0         0         0         0         
data[1536      : 1567      ]: 0         0         0         0         0         0         0         0         0         0         0         0         0         0.000553710.0042191 0         0.002304890.002857850         0         0         0         0         0.001536840         0         0.001576720         0         0         0         0.000964445
data[1568      : 1599      ]: 0.0006891590         0.0005276230.0009047470         0         0         0         0         0         0         0         0         0         0         0         0         0         0         0         0         0         0         0         0         0         0         0         0         0         0.0003189320         
data[1600      : 1631      ]: 0         0         0         0         0         0         0         0         0         0         0         0         0.001140280.003346090         0.002368350         0         0         0         0         0         0         0         0         0         0         0         0         0         0.001152690.0010491 
data[1632      : 1663      ]: 0         0         0         0         0         0         0         0         0.003999370         0         0         0         0         0         0         6.14536e-050         0         0         0         0         0         0         0         0.002723770         0         0         0.001022260         0         
data[1664      : 1695      ]: 0         0         0         0         0         0         0         0         0         0         0         0         0.001562680         0         0.0006830130         0         0         0         0.003584630.008103720         0.004675370.003617860         0         0         0         0.002803790.005562430         
data[1696      : 1727      ]: 0.001123220.006223750         0         0         0         0         0         0         0         0         0         0         0         0         0.002991910.004033990         0.002597730.002009910         0         0         0         5.90711e-050         0         0         0.0007735640         0         0         
data[1728      : 1759      ]: 0.0148088 0.0927628 0.0920683 0.0401823 0.106905  0.109028  0.0585475 0.134368  0.135164  0.0556507 0.119397  0.170881  0.0956375 0.160569  0.204353  0.082558  0.172418  0.201764  0.0747025 0.0788701 0.0960075 0.0709498 0.0956431 0.10628   0.0606331 0.0410557 0.0786061 7.32446   8.72308   7.84998   8.68345   10.1872   
data[1760      : 1791      ]: 9.11524   9.17776   10.6757   9.96972   2.5303    3.10381   3.08136   3.05555   3.65344   3.81005   3.38755   3.88321   4.16855   3.18101   4.02986   4.13474   3.92347   4.76907   5.01087   4.20237   4.99799   5.23176   6.58196   7.83583   7.25323   7.81591   9.2298    8.59454   8.11393   9.48998   8.92447   2.73057   
data[1792      : 1823      ]: 3.17517   2.82523   3.0246    3.48267   2.98635   3.58003   4.25091   3.91573   4.56325   5.10687   4.4485    5.48748   5.93875   5.46201   5.71603   6.29481   5.8992    5.16817   6.47347   5.85254   5.95329   7.18      6.8186    5.91532   7.30113   6.72495   0.126848  0.198024  0.21713   0.161098  0.21238   0.225288  
data[1824      : 1855      ]: 0.143196  0.181185  0.201605  0.0895286 0.152453  0.175977  0.105758  0.196009  0.170406  0.12843   0.227159  0.181598  5.1119    6.64134   6.38691   5.87635   7.89344   7.61052   6.4887    8.40322   8.12436   2.38696   3.02079   3.27536   2.86674   3.59279   3.83642   2.71376   3.58096   3.76812   3.71964   4.62574   
data[1856      : 1887      ]: 4.43483   4.33455   5.32943   5.18306   5.06782   6.10422   6.04095   0.578692  0.932024  1.0209    0.656771  1.02267   1.13326   0.55227   0.975203  1.06713   0.179189  0.22886   0.4388    0.313896  0.382138  0.617268  0.269892  0.311987  0.552449  0.586062  0.665172  0.900143  0.701823  0.828412  1.02632   0.41392   
data[1888      : 1919      ]: 0.450317  0.615578  0.0949177 0.116511  0.134222  0.123139  0.147461  0.14551   0.0550448 0.0477453 0.0468814 2.65715   2.75045   1.86522   2.93773   3.07236   2.06902   3.01727   3.04024   2.07308   0.0778518 0.19085   0.259738  0.108745  0.200993  0.28244   0.0683418 0.116424  0.177008  2.38576   3.10358   3.00863   
data[1920      : 1951      ]: 2.73259   3.48517   3.30087   2.39054   3.13351   3.05501   4.71575   6.03845   6.08007   5.28385   6.57605   6.75479   5.55599   6.75352   6.97058   0.0385819 0.0505279 0.0260004 0.044945  0.0581623 0.0346264 0.0646059 0.0699671 0.0341362 1.82982   1.80999   1.60307   2.14758   2.26117   2.06542   2.29912   2.45624   
data[1952      : 1983      ]: 2.29249   0.004480750.0175375 0.0785494 0.0513694 0.0551006 0.133042  0.0422973 0.0671805 0.111516  3.49388   3.97271   3.88043   3.93473   4.49148   4.44519   4.0471    4.52932   4.43868   12.354    14.7834   13.3722   14.6891   17.2016   15.7595   15.3097   17.7043   16.6897   6.83698   8.64207   8.11277   8.32038   
data[1984      : 2015      ]: 10.2852   9.82106   9.05229   11.0227   10.8293   0.0887098 0.133526  0.164644  0.101336  0.138601  0.159031  0.142809  0.162287  0.181692  2.8235    3.58259   3.18727   3.57944   4.44513   3.79043   4.01949   4.85734   4.20872   0.928497  1.01058   0.707223  1.10057   1.1464    0.856935  1.02216   1.12029   0.773413  
data[2016      : 2047      ]: 0.0454485 0.0565334 0.0193117 0.0509309 0.0738321 0.0179645 0.0423089 0.0107568 -0.056023 0.0755509 0.004418270.067322  0.0577853 0.0007090660.0236459 0.0295054 -0.007553580.0424453 -0.0101732-0.0801953-0.0699419-0.0218994-0.0707748-0.05638510.0638035 0.0109083 0.0431832 3.21058   2.31445   0.135942  0.959813  -0.17362  
data[2048      : 2079      ]: -2.45861  -0.503051 -1.49422  -3.82086  1.01744   0.319375  -0.572965 0.0229234 -0.894594 -1.80068  -0.308582 -1.01435  -1.87766  1.45565   0.99821   -0.232851 0.511184  -0.157218 -1.073    -0.10366  -0.646587 -1.59581  2.6148    1.39441   -0.002838160.418036  -0.97425  -2.72408  -0.478535 -2.00031  -3.69598  1.5615    
data[2080      : 2111      ]: 1.29324   0.762392  0.738608  0.0542    -0.580712 -0.467809 -0.908131 -1.81404  1.54359   1.19208   -0.028036 0.0588077 -0.530029 -1.61963  -0.625284 -0.74483  -2.13804  0.986005  1.23802   -0.475519 -0.543231 -0.507729 -1.90493  -0.488913 -0.37739  -1.93614  0.0458433 0.0124497 -0.019345 0.0292801 0.0273001 0.00988748
data[2112      : 2143      ]: 0.0774487 0.0538082 0.0191843 0.0154817 0.0578827 0.0920542 0.0397322 0.0429698 0.0280573 0.0287177 0.054805  0.0306214 2.50696   2.88312   0.734694  1.21504   0.713611  -0.764924 0.0315907 -0.170986 -2.50814  1.2271    0.592737  0.233241  0.358365  0.0124286 -0.653267 0.396207  -0.310945 -0.77156  2.57      2.01434   
data[2144      : 2175      ]: 1.18731   1.00014   0.82133   -0.330711 -0.326804 -0.698774 -1.69981  0.118061  0.0565036 -0.049917 0.0247792 -0.185557 -0.209932 0.202633  0.0438752 0.086206  0.13341   0.210267  0.272206  0.132242  0.0350558 0.261069  0.134166  0.244345  0.175475  -0.457521 -0.459894 -0.548769 -0.582278 -0.568637 -0.728554 -0.0177139
data[2176      : 2207      ]: 0.0441391 -0.0623291-0.121605 -0.180947 -0.105707 -0.142162 -0.189135 -0.120233 -0.0268317-0.0695381-0.0366289-0.0708785-0.209503 -0.323553 -0.787645 -0.850558 -1.07154  -0.888477 -0.970425 -1.17761  -0.156249 -0.10252  -0.189567 -0.185185 -0.176839 -0.238321 0.0570256 0.0716668 -0.048711 0.284764  0.238687  -0.724283 
data[2208      : 2239      ]: -0.403758 -0.41718  -1.46927  -0.0795848-0.259094 -1.16923  2.337     1.91678   0.177658  0.501379  0.083552  -1.50227  -0.191693 -0.573172 -2.01043  -0.00409770.0136883 0.015385  -0.009774960.008196650.0184009 -0.004498540.007547030.003391480.477308  0.750874  0.237611  -0.00151990.0811571 -0.221608 -0.332031 -0.224827 
data[2240      : 2271      ]: -0.784709 -0.0029047-0.0156625-0.0246545-0.0413371-0.0155468-0.05075710.0182845 0.0352399 0.0389843 1.18392   0.298866  -0.669373 -0.0145912-0.575487 -1.66842  -0.302851 -1.13741  -1.94388  5.12237   3.44916   0.34392   1.29128   -0.538729 -3.60946  -0.832333 -2.25506  -5.5329   3.98155   3.80251   0.940574  1.94367   
data[2272      : 2303      ]: 1.22113   -1.79023  -0.374731 -0.96823  -4.05939  0.0924481 0.0087401 0.0959389 0.123065  0.0391136 0.0691629 0.0840417 0.0111387 0.0598467 1.89792   1.65582   0.741579  0.511753  0.336645  -0.991227 -0.267423 -0.797806 -2.21571  -0.0920441-0.404468 -0.317859 -0.265333 -0.411626 -0.450805 -0.233579 -0.595869 -0.441335 
Time 6739080 ns: producer08000000b finish sending data!
