Time 8055370 ns: ack for producer080000007's req!
Time 8055400 ns: producer080000007 is sending data!
data[0         : 31        ]: -0.622036 -0.417454 -0.544359 -0.414725 -0.279925 -0.651418 -0.645908 -0.519659 -0.858763 -0.495461 -0.692585 -0.882794 -0.574922 -1.08703  -1.02249  -0.471902 -0.783006 -0.902328 -0.484992 -0.165177 -0.658393 -0.420858 -0.52981  -0.613483 -0.809135 -0.249053 -0.770731 0.0136291 -0.161538 0.107103  -0.0272874-0.44169  
data[32        : 63        ]: 0.106075  0.0672631 -0.155568 0.0749245 -0.126212 -0.0840291-0.39911  -0.353026 -0.577015 -0.364944 -0.340428 -0.364275 -0.511511 -0.0393139-0.534965 0.284653  -0.0643426-0.517107 0.0857931 -0.0337901-0.681398 0.0750091 -0.00482296-0.116264 -0.349415 -0.144128 -0.19772  -0.156538 -0.278458 -0.471535 -0.349936 -0.164676 
data[64        : 95        ]: -0.111483 -0.0615449-0.324906 -0.0657931-0.190313 -0.245971 -0.242272 0.00659268-0.177586 -0.888154 -0.630555 -0.453374 -1.16578  -0.874846 -0.288446 -1.03279  -1.2263   -0.0128472-0.960555 -0.0370306-0.00882277-1.48411  -0.36545  -0.0114158-1.25865  -0.226941 -0.375563 -0.323025 -0.839807 -0.658401 -0.663639 -0.87541  
data[96        : 127       ]: -0.797187 -0.484549 -1.06963  -0.115439 -0.343551 -0.152398 -0.335801 -0.549012 -0.259894 -0.298739 -0.470076 -0.301726 -0.405915 -0.206806 -0.382122 -0.506191 -0.205124 -0.364583 -0.287715 -0.226367 -0.343599 -0.807448 -1.5892   -2.25049  -1.10499  -1.83913  -2.3729   -1.21807  -2.10779  -2.81501  -1.06994  -0.236024 
data[128       : 159       ]: -1.14156  -1.1842   -0.305747 -0.999521 -1.361    -0.266154 -1.27014  -0.06709280.036602  -0.0131531-0.0700784-0.004549660.0225392 -0.094369 0.0344065 -0.0213404-0.724558 -0.932856 -0.863565 -0.207396 -0.422206 -0.418442 -0.459749 -0.641078 -0.424891 -1.26504  -1.21676  -1.67113  -0.927477 -1.19755  -1.44439  -1.06781  
data[160       : 191       ]: -0.55628  -1.52178  -1.55237  -1.0423   -1.3394   -1.16046  -1.03041  -1.38505  -1.7015   -0.411235 -1.25912  -0.555067 -0.307941 -0.169723 -0.497589 -0.271895 -0.175732 -0.512693 -0.311136 -0.333076 -0.738774 -0.856802 -1.12562  -0.609567 -0.757566 -0.822827 -0.652553 -0.532018 -1.11341  -0.746443 -0.488966 -0.190617 
data[192       : 223       ]: -0.837259 -0.242994 -0.251849 -0.774864 -0.433036 -0.158624 -0.554336 -0.503525 -0.677833 -0.563846 -0.483172 -0.306767 -0.446667 -0.470942 -0.414387 -0.236854 -0.274838 -0.188019 -0.334969 -0.289906 -0.127738 -0.343223 -0.28239  -0.220793 -1.54804  -1.24789  -1.69344  -1.72791  -1.4782   -1.52991  -1.1358   -1.1076   
data[224       : 255       ]: -1.36028  -1.9418   -1.45986  -1.29927  -1.87323  -0.78673  -1.09168  -1.76232  -1.17508  -1.22187  -1.26583  -1.07132  -1.46221  -1.51199  -0.983666 -1.45997  -1.1839   -1.08347  -0.994257 -0.87067  -0.485798 -1.02179  -0.729202 -1.02738  -0.803893 -0.84434  -0.316614 -0.87556  -0.336988 -0.552299 -0.362987 -0.341752 
data[256       : 287       ]: -0.528699 -0.355996 -0.387984 -0.593847 -0.431295 -3.0339   -3.47026  -3.55723  -2.75802  -2.63741  -3.7199   -2.11918  -2.94873  -3.2247   -0.389479 -1.24734  -1.29102  -0.56247  -1.7071   -1.1892   -0.466291 -1.32616  -0.992604 -0.12153  -0.0615766-0.0221921-0.084835 0.00505744-0.0746657-0.130985 -0.04888  -0.0434776
data[288       : 319       ]: -0.0159201-0.0486529-0.0372284-0.0198663-0.006496730.0481748 -0.0222081-0.00371696-0.0199573-0.00577572-0.0767191-0.0525706-0.0241449-0.102388 -0.04987720.00113847-0.0363353-0.0264214-0.02499260.00912727-0.063022 -0.0811284-0.03631790.0161575 -0.03461470.0325347 -0.045699 -0.00270636-0.00451222-0.0009329770.0171944 -0.0168211
data[320       : 351       ]: -0.001405350.0100792 -0.01807160.0184309 -0.00997795-0.0430463-0.022136 -0.010492 -0.0203269-0.0287623-0.00748263-0.0654917-0.0193563-0.0171449-0.0248373-0.0103237-0.00176031-0.002740910.004215  0.0172836 -0.00198041-0.037222 0.0040774 -0.06095450.00498607-0.01268140.0173181 -0.0219825-0.0459197-0.0242713-0.0133619-0.00971003
data[352       : 383       ]: -0.00753930.001929140.00723656-0.01729260.0145854 0.006731530.002826160.0123443 -0.04118640.00241014-0.09996880.00255533-0.0955835-0.0490787-0.034154 -0.0525524-0.02451320.0108178 -0.095865 -0.07193810.0324493 -0.0345839-0.042565 0.0533142 -0.047915 -0.0962105-0.0252787-0.0650836-0.05352910.00785319-0.05061490.0641712 
data[384       : 415       ]: -0.10067  -0.0382   0.0368853 0.0301549 -0.0649199-0.0788201-0.02233320.0264707 -0.0114122-0.0366691-0.074111 -0.079324 -0.0225301-0.00122645-0.00884622.23501e-050.00337832-0.05899070.0167875 -0.0344066-0.0172992-0.0332473-0.137726 -0.210144 -0.0551697-0.0986754-0.135672 -0.006903 -0.0641206-0.143139 -0.0317754-0.100243 
data[416       : 447       ]: -0.033873 0.0296953 -0.0471019-0.013506 0.0220357 -0.0331219-0.07380140.00314869-0.024473 -3.12747e-050.00726595-0.0308115-0.00945191-0.00283363-0.0327934-0.009548235.16815   5.70435   5.44109   5.83044   6.36585   6.24719   5.14779   6.40659   5.62309   9.13023   10.8607   10.8417   9.45794   10.7946   11.0689   9.09631   
data[448       : 479       ]: 11.3792   11.669    7.8047    7.43214   11.133    7.43634   8.40885   10.4459   7.20096   8.81088   11.7301   1.21507   0.782428  0.777082  1.27168   0.560804  0.705562  1.35819   0.950533  0.963327  5.6419    7.38996   8.01818   6.12167   6.90362   8.13391   6.17628   7.74608   8.27005   1.72668   0.669033  0.352353  
data[480       : 511       ]: 2.06566   0.555801  0.486168  1.78159   0.560331  0.579729  3.57779   3.92802   4.09066   3.36191   3.75397   3.86096   3.21617   3.08177   3.66859   1.1379    0.709206  0.0963787 1.45645   0.543387  0.155016  1.15482   0.53051   0.102514  11.1667   12.8211   13.8236   11.114    13.0266   14.2022   10.6412   13.0928   
data[512       : 543       ]: 12.7814   7.48515   7.63072   7.37482   9.08946   7.6162    7.90643   8.63022   7.19539   8.21527   8.75773   10.9046   13.0871   9.36836   11.0904   14.056    8.8392    11.2485   13.0953   5.66338   6.16327   7.26631   5.2589    7.07802   6.43344   5.97902   6.54589   7.69286   2.93627   2.63639   1.84998   2.98436   
data[544       : 575       ]: 2.62351   1.83707   2.77517   2.87804   2.10438   24.9641   29.9893   30.0682   26.294    30.4191   30.8175   25.137    31.1335   30.3761   7.83726   8.18479   6.67674   8.16357   8.99836   6.44512   8.69801   9.17904   6.77462   0.138493  0.116997  0.13181   0.0651462 0.0815965 0.213356  0.115976  0.0907819 0.213494  
data[576       : 607       ]: -0.192561 -0.448608 -0.218962 -0.104723 -0.36613  -0.290492 -0.175789 -0.527633 -0.260809 -0.52903  -0.505198 -0.400507 -0.383207 -0.506398 -0.545455 -0.540353 -0.328689 -0.575752 -0.394749 -0.31351  -0.777636 -0.402744 -0.208921 -0.767237 -0.653883 -0.11575  -0.885634 -0.494017 -0.0234215-0.150908 -0.583027 0.00964388
data[608       : 639       ]: -0.0547654-0.591524 -0.00572201-0.0344616-0.214554 -0.312331 -0.434034 -0.266261 -0.191898 -0.51236  -0.307447 -0.14264  -0.517782 -0.859161 -0.0259528-0.118544 -0.838563 -0.0376843-0.16826  -0.964318 -0.0205011-0.0754984-0.250853 -0.08195  -0.13617  -0.281484 -0.152625 -0.237039 -0.0712745-0.126379 -0.367703 -0.31592  
data[640       : 671       ]: -0.244184 -0.0867183-0.322989 -0.304379 -0.0418217-0.285897 -0.258017 0.00997657-0.598315 -0.383531 -0.642192 -0.82541  -0.295099 -0.669273 -0.584956 -0.189121 -0.648769 -1.67037  -0.144813 -0.585688 -1.68458  -0.119513 -0.704587 -1.63081  -0.071978 -0.481508 -0.321711 -0.311064 -0.795768 -0.254997 -0.230723 -1.00915  
data[672       : 703       ]: -0.149731 -0.339222 -0.916646 -0.297549 -0.281904 -0.412316 -0.305833 -0.267516 -0.454567 -0.421997 -0.100249 -0.548346 -0.161985 -0.438627 -0.133423 -0.147415 -0.423027 -0.128898 -0.217174 -0.503409 -0.0893492-0.771156 -1.2956   -1.41577  -0.752268 -1.39461  -1.47552  -0.936722 -1.20785  -1.33397  -0.145213 -1.16326  
data[704       : 735       ]: -0.265847 -0.107816 -1.11727  -0.0974068-0.130009 -1.07208  -0.205467 -0.0105168-0.0818607-0.065986 -0.0057759-0.0440836-0.06074010.000429098-0.0550324-0.0268136-2.18275  -2.03088  -2.70981  -2.69937  -2.94913  -3.16543  -2.80381  -2.66808  -2.46603  -4.34828  -4.54625  -4.88958  -4.92402  -4.83853  -5.15294  -5.14565  
data[736       : 767       ]: -5.60661  -5.75313  -4.23828  -3.95889  -4.38103  -4.74758  -4.0819   -5.75844  -4.51812  -5.04018  -5.79252  -0.672648 -0.485258 -0.394094 -0.76129  -0.58245  -0.47385  -0.931048 -0.793797 -0.61199  -3.1255   -2.9716   -3.46203  -3.28555  -2.92941  -3.94671  -3.6682   -3.82802  -4.00468  -1.12795  -0.74363  -0.528483 
data[768       : 799       ]: -1.17589  -0.951373 -0.332735 -1.13673  -0.774105 -0.394676 -1.48531  -1.51851  -1.44647  -1.73887  -1.94183  -2.14619  -1.9217   -1.89592  -1.66665  -0.673969 -0.376897 -0.301597 -0.401703 -0.262123 -0.184594 -0.713051 -0.401755 -0.33449  -5.06337  -5.79288  -5.19511  -5.83786  -6.28192  -6.04634  -5.74075  -6.52369  
data[800       : 831       ]: -6.7653   -3.94631  -3.77902  -3.31144  -5.08357  -4.21555  -3.79857  -4.14466  -4.0836   -4.31559  -4.80534  -4.93092  -5.72777  -5.45475  -6.01193  -6.46694  -5.50966  -5.18186  -6.48936  -2.88471  -2.97131  -3.66358  -2.93677  -2.90668  -3.03389  -3.76399  -2.80055  -3.1739   -1.30108  -1.33194  -1.20636  -0.974894 
data[832       : 863       ]: -1.39943  -1.14968  -1.67797  -1.64266  -1.48653  -10.9127  -12.1127  -11.9054  -12.1508  -13.5765  -13.3964  -12.6466  -13.6373  -14.2363  -3.09756  -3.50119  -3.4835   -3.45887  -3.79471  -3.75147  -3.51371  -3.26319  -3.41697  -0.00575327-0.0559776-0.161636 -0.135162 -0.0790558-0.300425 -0.0145699-0.0899052-0.0531228
data[864       : 895       ]: 0.167304  1.0105    0.679325  1.43949   1.5479    1.73817   1.16356   1.37885   1.0943    2.4239    2.02832   1.83824   3.34502   2.65737   2.74654   3.91816   3.28169   2.56873   1.95298   1.83371   0.486448  3.25136   1.64261   1.31746   3.10008   2.73977   1.07888   0.221899  0.325619  0.581619  -0.04215780.456634  
data[896       : 927       ]: 0.501115  0.0365048 0.532979  0.329666  1.8761    1.39694   0.963258  2.40135   1.04104   1.05026   2.08252   1.60326   1.37645   -0.447256 0.662939  0.577615  -0.515776 0.902059  0.47097   -0.371673 0.823586  0.491566  0.151278  1.03784   0.152674  1.22459   0.776339  0.661093  0.658813  1.18936   0.723189  -0.609632 
data[928       : 959       ]: 0.072687  0.360116  -0.746482 0.0139274 0.403793  -0.733945 0.126428  0.375187  2.92412   1.83257   1.5762    2.81213   3.14642   1.98966   3.7833    2.6512    2.41928   1.96158   1.85527   2.02783   1.66145   2.59423   2.55987   2.06742   2.8791    2.54204   3.2937    2.16301   1.48343   3.96061   3.0179    1.79103   
data[960       : 991       ]: 4.7666    2.70558   2.47754   1.62279   1.20383   0.231986  2.23041   1.61492   1.70737   1.92066   1.18121   0.93675   -0.433702 0.586954  0.333696  -0.07714810.417493  0.838632  -0.445508 0.378522  0.428077  5.01194   3.27217   3.82232   6.17776   4.34099   4.9087    6.43951   5.09939   5.42839   -0.851631 -0.124196 
data[992       : 1023      ]: 1.35557   0.279517  0.513993  2.11854   -0.220453 0.0914699 2.10561   0.0274409 0.074268  -0.121573 0.233787  0.162948  -0.0953826-0.08191630.123219  -0.210795 0.0356276 -0.118842 -0.120723 -0.0495574-0.117379 -0.08865660.0234874 -0.0284988-0.104966 -0.0225041-0.142521 -0.135156 -0.011968 -0.106395 -0.106846 0.0440517 
data[1024      : 1055      ]: -0.116193 -0.231895 0.0215516 0.048835  -0.109031 -0.0338886-0.0802429-0.055032 -0.00754773-0.125105 -0.160461 0.00484876-0.0197328-0.005496140.0134527 -0.00307846-0.01012080.0155394 0.00135923-0.03667490.00146303-0.0358292-0.09247560.0100683 -0.0288342-0.140071 -0.0584521-0.0227116-0.0182438-0.01348110.00818373-0.0167566
data[1056      : 1087      ]: -0.0117006-0.00695088-0.06648280.0136836 -0.017674 -0.03559010.0151088 -0.0429137-0.09077330.0128557 -0.0411555-0.09216450.0194216 0.00487335-0.13582  0.00156745-0.0123204-0.004674850.00100317-0.00763625-0.00833137-0.0203634-0.0145102-0.01616530.0867368 -0.0992821-0.231326 -0.0124305-0.0506989-0.08548770.0577252 -0.0547965
data[1088      : 1119      ]: -0.134577 0.0167933 -0.0511681-0.117306 0.0233157 -0.0898534-0.157378 -0.0071083-0.0929596-0.20421  0.00374178-0.188471 -0.160178 -0.00547486-0.0235963-0.052542 0.0410943 -0.0293971-0.129536 0.0883551 -0.0219187-0.0810688-0.028603 -0.0624172-0.06890450.0296512 0.0360844 -0.049925 -0.00058124-0.0346974-0.0380765-0.0335494
data[1120      : 1151      ]: -0.0897502-0.06430170.0259303 -0.0643688-0.0284552-0.0495239-0.291229 -0.342427 -0.0248094-0.231297 -0.413997 0.0218582 -0.304418 -0.452294 -0.0773982-0.172337 -0.0500507-0.0338533-0.189761 -0.05201090.0649466 -0.192281 -0.0663742-0.00913827-0.0128475-0.000142518-0.00865873-0.0147298-0.00811307-0.00469768-0.0126066-0.00427574
Time 8055770 ns: producer080000007 finish sending data!
