Time 7302180 ns: ack for producer080000006's req!
Time 7302210 ns: producer080000006 is sending data!
data[0         : 31        ]: -1.84359  -2.84196  -2.68017  -3.37998  -3.46029  -3.80809  -2.86325  -3.47704  -3.28954  -4.96842  -5.57068  -5.59074  -6.30544  -6.41992  -6.70495  -6.13903  -6.51152  -6.42845  -5.12519  -5.43624  -4.70812  -6.21527  -6.32939  -5.91482  -6.16658  -6.10375  -5.7743   -1.01104  -0.445831 -0.859916 -1.05642  -0.546344 
data[32        : 63        ]: -0.983839 -0.991103 -0.60446  -0.545953 -3.73652  -3.82666  -4.11926  -3.71144  -4.33273  -3.35447  -3.93367  -4.12305  -4.42584  -1.21095  -0.532799 -0.670522 -1.11335  -0.985529 -1.12179  -1.26779  -0.594134 -0.832499 -1.79646  -2.36619  -1.95897  -2.83721  -1.97544  -2.52951  -2.62957  -2.56984  -2.56264  -0.211413 
data[64        : 95        ]: -0.754663 -0.353462 -0.300112 -0.47816  -0.290424 -0.271592 -0.723865 -0.446497 -7.56843  -6.05556  -7.45888  -8.27042  -7.17356  -7.97501  -8.36826  -7.47904  -8.21641  -6.32816  -4.64228  -5.72137  -6.04509  -4.82984  -6.22398  -6.66376  -5.53668  -6.44935  -6.68532  -6.20484  -6.64741  -7.06978  -6.68482  -6.87747  
data[96        : 127       ]: -8.14462  -7.40029  -7.84329  -3.80642  -3.39872  -3.60663  -4.25551  -4.14875  -4.74985  -4.39329  -3.99764  -4.00607  -0.975204 -1.36676  -1.20475  -1.2103   -1.4134   -1.668    -1.30725  -1.31094  -1.49866  -13.9059  -15.0409  -14.7345  -15.7406  -16.5654  -15.5623  -16.2461  -16.6428  -16.2904  -3.15305  -4.95272  
data[128       : 159       ]: -3.86876  -3.08612  -4.82206  -4.14168  -3.64023  -5.60247  -4.33927  -0.113735 -0.138403 -0.186449 -0.129194 -0.120306 -0.294478 -0.0759335-0.154499 -0.289102 -0.783257 -0.539422 -0.722624 -1.50685  -0.585985 -1.50088  -1.00234  -1.04846  -0.541415 -2.01691  -1.59816  -1.96394  -2.86734  -1.46433  -2.11346  -3.28663  
data[160       : 191       ]: -2.35433  -2.63687  -2.3964   -1.53421  -0.6633   -2.20414  -2.59757  -1.19688  -3.02371  -2.49428  -1.18948  -0.212585 0.336427  -0.502078 0.047034  -0.0137962-0.207567 -0.113978 0.338385  -0.464399 -1.49613  -1.57082  -0.884243 -2.64817  -2.05253  -2.31266  -2.50848  -2.02865  -1.52568  -0.200698 0.208245  -0.511936 
data[192       : 223       ]: -0.607187 0.0140411 -0.967674 -0.133702 0.144987  -0.75368  -0.849226 -0.274162 -0.780009 -0.805684 -0.744387 -0.611653 -0.919692 -0.468876 -1.00942  0.208829  0.0713949 -0.137408 0.0762628 0.0578687 -0.08149910.0656734 0.0504289 -0.208976 -3.11034  -1.5047   -2.40185  -3.69567  -3.21395  -2.98537  -4.07065  -2.80557  
data[224       : 255       ]: -3.53626  -1.98756  -0.739552 -2.69752  -2.67705  -0.463702 -4.06532  -2.84028  -1.29636  -3.74527  -1.7936   -2.61714  -0.294186 -3.19369  -4.10578  -1.71739  -3.53963  -3.83569  -1.40206  -1.22384  -0.23204  -0.917536 -1.7796   -1.8848   -1.18465  -1.77793  -0.464199 -1.59277  0.148055  -0.117773 -0.241536 -0.345724 
data[256       : 287       ]: -0.137953 -0.312193 0.207587  -0.0698461-0.517881 -5.67295  -3.4473   -4.47628  -7.51163  -4.59306  -5.9152   -8.25083  -5.91283  -6.54079  -0.744726 0.0972131 -0.773088 -1.33383  -0.776335 -1.1806   -1.45586  -0.422317 -1.07585  0.0434185 -0.0421611-0.04531610.112987  -0.04609630.113559  0.0867465 -0.110724 -0.0566104
data[288       : 319       ]: -0.02615020.088086  0.058099  0.009484150.0843069 0.0216546 0.176478  -0.0352592-0.04224740.204153  0.335486  0.22226   0.144844  0.159277  -0.07150290.142865  0.0608498 0.0756197 0.179797  0.283114  0.63714   0.204953  0.1084    0.335221  0.169991  0.223867  0.416525  0.0216031 0.0373249 -0.0421135-0.00899140.0252516 
data[320       : 351       ]: 0.0129747 -0.0215444-0.0350363-0.02446760.239792  0.127079  0.282096  -0.01781080.0631883 0.108696  0.0978    0.100496  0.0166368 0.009618990.006615950.00726634-0.102354 -0.07766810.00906019-0.0470079-0.0262494-0.0005285740.008657380.1467    0.0854782 0.0658543 0.0252761 0.086051  0.0601115 0.000658690.0828019 0.0257144 
data[352       : 383       ]: 0.0122992 0.0367596 0.0168397 -0.0318553-0.00701314-0.000508812-0.01583260.0226446 0.241637  0.360271  0.147563  0.110051  0.165752  0.0781042 0.133904  0.345575  -0.03608660.149572  0.289862  0.156679  -0.07188580.0726267 -0.0661917-0.145864 0.178933  0.0653141 0.157094  0.357563  0.57369   0.0179087 0.0612697 0.28092   
data[384       : 415       ]: 0.167878  0.353253  0.357049  0.0691755 0.292915  0.113253  -0.004127060.137715  0.0934989 0.0265508 0.190444  -0.04367360.0877959 0.0390663 0.0337273 0.00107379-0.00684286-0.04082310.111155  0.0360522 -0.002465730.604032  0.796122  0.314306  0.428986  0.375858  0.126211  0.288961  0.396332  0.0885917 0.224609  0.155686  
data[416       : 447       ]: 0.0605248 0.150479  0.107123  0.008145950.102233  0.141898  0.00527811-0.00735729-0.0507183-0.004843570.0230945 0.0447271 0.0375863 -0.0135834-0.04733870.0421857 0.0936109 0.0281361 0.038817  0.0891986 0.0260524 0.0677332 0.106901  0.0681002 0.0501243 0.238294  0.101436  0.152381  0.221591  0.0651118 0.101055  0.235257  
data[448       : 479       ]: 0.0299613 0.250524  0.329874  0.278454  0.303801  0.208703  0.507274  0.0176256 0.280797  0.438826  0.233124  0.0900109 0.0169601 0.104262  0.169534  0.0278493 0.126774  0.0905078 -0.002241890.171703  0.27172   0.0644703 0.0790164 0.184918  0.0489773 0.197104  0.179745  0.222064  -0.09931120.200707  0.028762  0.209647  
data[480       : 511       ]: 0.203183  0.0190589 0.220087  0.160104  0.0109264 0.167832  0.141037  -0.02624750.08683   0.0737845 0.052534  -0.005391220.178691  0.0132042 -0.006449270.0256168 0.0653106 0.0391773 -0.02341120.0305492 0.0824832 0.0489135 0.0976693 0.0606994 0.379356  0.171989  0.211772  0.306934  0.07489   0.164331  0.326487  0.204192  
data[512       : 543       ]: 0.232134  0.488719  0.0780478 0.385355  0.473139  0.002649390.417218  0.609556  0.0283575 0.312899  0.26723   0.385654  0.057199  0.325829  0.356628  0.123669  0.241225  0.340159  0.138244  0.158187  0.217393  0.215107  0.288642  0.115082  -0.0002311770.0796189 0.0608572 0.193774  -0.03903220.0437829 -0.013124 0.0458092 
data[544       : 575       ]: 0.0284146 0.0376499 0.129582  0.0412807 0.009851740.689699  0.163127  0.290282  0.641828  0.127393  0.174475  0.538153  0.266393  0.294947  0.0751434 0.162041  0.102113  0.0128586 0.183419  0.0832242 0.0677032 0.150951  0.170866  0.0150783 0.0882857 -0.000887755-0.01890240.006409220.002614210.004545130.0509289 0.0253587 
data[576       : 607       ]: 11.4658   12.1778   12.1933   13.6256   13.4319   13.8332   12.2635   12.3588   11.6829   23.0482   24.9458   25.5932   24.1157   25.9478   26.4204   24.6357   26.0396   26.4498   20.6429   21.3615   24.4117   22.2875   21.8965   26.2935   22.4643   22.4397   25.5586   2.60922   2.52742   2.83398   2.43865   2.67253   
data[608       : 639       ]: 2.30739   3.13672   2.79557   2.82109   14.9264   16.3291   17.194    16.6295   17.0853   18.8592   16.1569   17.2561   18.2338   2.65501   2.76548   2.16978   3.094     3.276     2.81605   2.88398   2.98461   2.63993   8.27255   8.66171   8.77534   8.55941   8.35035   8.99097   8.53913   8.93519   9.18047   1.72022   
data[640       : 671       ]: 1.53031   1.22603   1.94764   1.25342   1.20172   1.75786   1.5366    1.18162   27.4973   29.343    29.4298   28.2228   31.2886   30.9279   28.5881   30.4826   31.1043   18.3512   20.6653   19.3148   19.6141   20.736    20.6859   19.2848   21.4966   20.3677   24.8328   26.2556   28.5759   26.2699   27.5288   30.5923   
data[672       : 703       ]: 26.9499   27.4462   29.5885   14.4546   14.4889   15.7615   14.1011   15.753    16.3469   14.7707   14.9532   16.4281   5.63435   5.96721   5.20803   5.93728   5.88425   5.14019   6.01389   6.6761    5.71845   59.0458   65.0026   64.5185   62.8857   66.8038   67.1153   62.7117   68.0096   67.297    17.7684   16.7654   
data[704       : 735       ]: 16.7357   17.6268   17.2743   16.887    18.2008   17.3241   16.7452   0.447125  0.532783  0.638409  0.616919  0.449464  1.00604   0.528264  0.434643  0.640623  1.07774   0.893435  0.829971  1.19411   0.65616   1.09292   0.705468  1.23016   1.10265   1.17402   1.34838   1.00484   2.08178   1.75399   2.37533   1.26299   
data[736       : 767       ]: 2.15717   0.918764  1.27139   1.46579   1.39315   1.66759   1.88823   1.27585   1.47711   2.09044   1.28309   0.448878  0.0456926 0.17193   0.32583   0.166002  0.11952   0.460684  0.210389  0.264113  0.605416  1.26517   0.915229  1.26897   1.27547   1.14698   0.891884  1.39181   1.14727   0.471247  0.115906  0.060059  
data[768       : 799       ]: 0.785345  0.105465  0.206046  0.522031  0.0932627 0.124008  0.531567  0.345682  0.630242  0.707715  0.500452  0.879151  0.917139  0.45962   0.504585  0.301301  0.176883  -0.09837160.440378  0.160873  0.0777459 0.386937  0.12223   -0.009506311.83843   1.72568   1.98397   2.17014   1.92673   2.33025   2.51137   2.11103   
data[800       : 831       ]: 2.29708   1.76711   0.631928  1.31426   1.62713   1.36823   1.58016   2.36476   1.27044   1.59946   0.972116  2.00125   2.0407    1.76225   2.34769   2.24696   1.78808   1.97479   1.94243   0.833726  0.819666  0.828163  0.768722  1.33378   1.31006   1.3454    1.13117   1.28292   0.644638  -0.04805160.287532  1.12575   
data[832       : 863       ]: 0.521669  0.222909  0.6377    0.183582  0.361063  3.45992   4.80068   4.30001   4.23598   4.79756   4.61462   4.32788   5.4158    4.94739   1.35399   1.23283   1.03252   1.29191   1.15912   0.91771   1.54062   1.69284   1.35118   0.0416592 -0.0269837-0.01178970.003932130.002820450.0412812 -0.009345960.0012222 0.0570218 
data[864       : 895       ]: -4.84508  -4.07372  -4.11547  -4.2291   -3.56947  -3.28041  -3.78888  -3.38302  -3.8017   -7.3955   -8.03117  -6.47771  -8.44848  -8.0441   -6.62549  -6.71993  -6.99389  -5.29443  -8.13919  -7.9821   -8.31583  -7.82381  -7.36709  -7.8286   -7.10365  -6.91101  -7.1044   -0.431108 -1.53564  -0.70643  -0.633865 -1.25989  
data[896       : 927       ]: -0.778209 -0.908424 -1.76698  -1.09338  -5.15034  -5.4209   -4.70491  -4.67187  -4.87598  -4.88875  -5.23138  -5.42753  -4.80648  0.181443  -1.59526  -0.727194 0.169613  -1.50489  -0.572766 0.217454  -1.59031  -0.77618  -2.52152  -2.63245  -2.60963  -2.13003  -2.7492   -2.27096  -2.40552  -2.2946   -2.09235  -0.0763932
data[928       : 959       ]: -0.315904 -0.479938 -0.165605 -0.54586  -0.638791 -0.037802 -0.358499 -0.393938 -9.45898  -9.6268   -7.68501  -9.69069  -8.58469  -8.10492  -8.2772   -8.75371  -6.58009  -4.07081  -8.44647  -4.38781  -3.99203  -8.25869  -3.91976  -3.81139  -7.65576  -3.98232  -9.84039  -9.13793  -8.92053  -9.67963  -8.3408   -9.42742  
data[960       : 991       ]: -8.60248  -8.48635  -8.30297  -4.35761  -5.41412  -4.11386  -4.67132  -5.21936  -4.98923  -4.41863  -5.19254  -4.29074  -1.63525  -1.29841  -1.75364  -1.75531  -1.48332  -1.57016  -2.10877  -1.33309  -1.95539  -21.1959  -20.0023  -17.1877  -20.0956  -19.6263  -16.4787  -18.819   -18.9964  -15.3754  -5.43024  -4.09787  
data[992       : 1023      ]: -3.74947  -5.04976  -3.70653  -4.3849   -4.54656  -4.03148  -4.49616  -0.328352 -0.17083  -0.44594  -0.392723 -0.198624 -0.38274  -0.347602 -0.135489 -0.552892 -0.116531 0.104495  -0.151887 -0.431614 -0.543122 -0.46209  -0.193519 -0.00174407-0.277416 -0.199656 -0.0519881-0.398148 -0.776997 -0.42863  -0.572743 -0.629559 
data[1024      : 1055      ]: -0.686498 -0.430026 -0.138007 -0.443139 0.709541  -0.465352 -0.736823 0.404276  -0.553692 -0.902085 0.37669   -0.03568390.0212623 -0.04503760.0286119 -0.0359511-0.162488 -0.14167  -0.0251442-0.189362 -0.165754 -0.04461140.071078  -0.470127 -0.189827 -0.459869 -0.709974 -0.521497 -0.169634 0.00826319-0.040189 -0.361881 
data[1056      : 1087      ]: -0.159278 -0.197492 -0.544119 -0.0102874-0.0286199-0.49375  -0.151513 0.0881205 -0.0212291-0.323848 -0.388363 -0.105989 -0.0738633-0.0558202-0.170895 -0.001738790.0169014 -0.00323355-0.02546820.000118965-0.131785 0.0173872 -0.00797481-0.0923275-0.451698 0.106961  0.0488495 -0.626015 -0.545205 -0.761366 -1.07332  -0.406444 
data[1088      : 1119      ]: -0.433202 -0.243517 0.225073  -0.842748 -0.766104 -0.0293824-1.02428  -0.548816 -0.161531 -1.24957  -0.25966  0.0289776 0.59918   -1.19727  -1.44763  -0.288646 -0.771596 -0.891524 0.213572  -0.167538 -0.324324 0.00883958-0.154238 -0.530281 -0.4996   -0.575104 -0.578529 -0.457803 -0.01475430.0561993 -0.040159 -0.134069 
data[1120      : 1151      ]: 0.0348276 -0.0343062-0.07195  0.0344459 -0.188945 -0.516708 0.493418  -0.419057 -1.44993  -0.694532 -0.689012 -1.84245  -0.763912 -1.40043  -0.08506810.409613  -0.00601157-0.219172 -0.0279411-0.453074 -0.265961 -0.089658 -0.441965 -0.00938613-0.04767790.108654  -0.00334465-0.06829420.121458  0.005076660.0717367 -0.00509938
Time 7302580 ns: producer080000006 finish sending data!
