Time 7364930 ns: ack for producer080000008's req!
Time 7364960 ns: producer080000008 is sending data!
data[0         : 31        ]: 1.8593    1.76972   2.1328    2.80733   2.78745   3.00022   2.08956   1.84661   2.16293   3.22742   4.46311   3.97277   4.02897   4.52259   4.21093   3.23098   4.57087   4.64547   2.28366   3.40893   4.15129   2.93225   3.51032   4.5659    3.16528   3.65478   4.74723   0.27529   0.604556  0.371832  0.131652  0.68239   
data[32        : 63        ]: 0.328189  0.243109  0.741181  0.397989  1.70277   2.65577   2.29903   2.52299   2.94125   3.45939   2.27788   2.62243   3.32778   0.0636289 0.672595  0.37197   0.275098  0.969284  0.502105  0.173247  0.637341  0.370016  0.912391  1.22143   1.0629    1.30575   1.58626   1.65053   1.54247   1.70092   1.52071   0.666208  
data[64        : 95        ]: 0.180862  0.313595  0.692684  0.0216739 0.361363  0.700174  0.284442  0.266641  3.43987   4.61279   4.55056   3.76027   5.46458   5.39859   4.31725   5.6046    5.24288   1.92227   3.63387   3.0003    2.23553   4.23549   3.25765   1.8814    4.02891   3.22437   2.86139   4.40203   5.18855   3.9529    5.00094   5.3477    
data[96        : 127       ]: 3.7091    4.51461   6.18829   2.00759   2.89989   2.49558   1.78186   2.89923   2.62158   2.16861   2.95905   2.95373   1.11467   0.722449  0.794798  1.29847   0.801834  1.07043   1.54214   1.38574   1.1467    8.5559    10.7705   10.0428   10.094    11.4385   11.3892   9.76985   11.4475   11.6339   4.18044   2.58822   
data[128       : 159       ]: 3.16516   4.12896   2.40875   2.48914   4.58379   3.07061   3.90909   0.0886813 0.135506  0.18116   0.222052  0.143785  0.29398   0.0779873 0.200336  0.120576  -0.2688   -0.271295 -0.533332 -0.354204 -0.347613 -0.592327 -0.243448 -0.277486 -0.799115 -0.512712 -0.473984 -0.406727 -0.627834 -0.496158 -0.374758 -0.488425 
data[160       : 191       ]: -0.620034 -0.701059 -1.52518  -0.443046 -0.491274 -1.75979  -0.394444 -0.428469 -1.7876   -0.565671 -0.462974 -0.121387 -0.660183 -0.066987 -0.116277 -0.548679 -0.0296249-0.0558444-0.607725 -0.0717509-0.725989 -0.295205 -0.300441 -0.65508  -0.420974 -0.190584 -0.869546 -0.435507 -0.379004 -0.0669109-0.714413 -0.179299 
data[192       : 223       ]: -0.110438 -1.22587  -0.240636 -0.126034 -1.08727  -0.080075 -0.285207 -0.225645 -0.169681 -0.430339 -0.421881 -0.422692 -0.637247 -0.237771 -0.199877 -0.0421514-0.409086 -0.356421 -0.0398772-0.23913  -0.317681 -0.0292222-0.375536 -0.383933 -0.385052 -0.803762 -0.568087 -0.687774 -0.773899 -0.49916  -0.53163  -1.00076  
data[224       : 255       ]: -0.614489 -0.282883 -1.90682  -0.205267 -0.525541 -1.83565  -0.173461 -0.292923 -1.91938  -0.203637 -1.50421  -0.536799 -0.414762 -1.63917  -0.483657 -0.468619 -1.54363  -0.486089 -0.507007 -0.447116 -0.213687 -0.228297 -0.550438 -0.640792 -0.339474 -0.562419 -0.787737 -0.288817 -0.100639 -0.296969 -0.534776 -0.0724491
data[256       : 287       ]: -0.238761 -0.523106 -0.12602  -0.381549 -0.615059 -1.48613  -0.777359 -1.23119  -1.32295  -0.723095 -1.68873  -1.47124  -0.68682  -1.63519  -0.161489 -0.165235 -1.37417  -0.213612 -0.324139 -1.38027  -0.216416 -0.245743 -1.62305  -0.153086 -0.0474297-0.0151093-0.289922 -0.0294885-0.0753406-0.206649 -0.0196081-0.061762 
data[288       : 319       ]: -3.92806  -3.45379  -3.54835  -5.4028   -4.36699  -4.78472  -4.22497  -3.98158  -4.07561  -8.99768  -8.84022  -8.31885  -8.93723  -9.06645  -8.72927  -10.0583  -9.52983  -9.60613  -7.36064  -8.18721  -9.41227  -7.21816  -8.50315  -10.5582  -7.64019  -9.38437  -10.736   -0.820515 -0.742946 -0.950183 -0.70155  -0.625657 
data[320       : 351       ]: -0.662033 -0.756355 -0.819292 -0.995491 -5.95533  -5.6706   -6.60833  -6.04854  -6.45324  -6.38667  -6.78378  -6.64062  -7.23274  -0.547528 -0.499068 -0.547625 -0.885915 -0.878163 -0.78542  -0.543418 -0.500299 -0.572704 -2.57956  -2.93081  -2.63957  -3.28126  -3.00015  -3.15722  -3.22862  -3.41912  -3.44636  -0.506644 
data[352       : 383       ]: -0.134544 -0.182926 -0.311583 -0.0799965-0.176795 -0.439314 -0.207409 -0.249474 -10.0145  -10.4441  -9.94884  -10.3044  -11.065   -9.97141  -11.0543  -12.0383  -10.9121  -6.59132  -5.75864  -5.90693  -6.76012  -6.72392  -6.39479  -7.58369  -6.69715  -7.01765  -8.95765  -9.22168  -10.6685  -9.34156  -10.2424  -11.8718  
data[384       : 415       ]: -9.94273  -10.5026  -12.2126  -5.06833  -5.39878  -5.20837  -5.85592  -5.64451  -5.281    -5.50171  -5.70769  -5.10504  -1.89796  -1.79169  -1.17187  -1.87388  -1.9147   -1.60724  -2.05844  -2.0265   -1.38972  -22.3088  -21.5826  -20.4148  -23.0581  -23.9243  -21.3538  -24.4589  -24.7781  -22.5381  -6.42465  -4.36841  
data[416       : 447       ]: -4.46943  -6.89497  -5.37332  -5.3883   -7.23645  -4.55821  -4.86609  -0.007780150.0751591 -0.384192 -0.0758915-0.056946 -0.599985 0.0289925 0.102785  -0.520131 9.09798   9.0864    9.04784   9.00759   9.94539   9.74035   8.96003   9.07774   9.21542   18.2034   18.3181   18.757    18.1307   18.4219   17.9453   18.2042   
data[448       : 479       ]: 18.1972   19.2316   17.6824   17.0579   18.0935   18.0819   17.6459   18.5107   17.5866   17.0634   18.7189   2.21886   2.08491   2.3272    2.25036   2.54128   2.32288   2.5213    2.29452   2.75279   12.3994   13.0483   13.1295   12.8656   13.1885   13.7591   12.4079   13.5043   13.1643   2.58644   2.53355   2.89161   
data[480       : 511       ]: 2.73971   2.89103   3.20788   2.8381    2.60155   3.02648   6.65446   6.28356   6.38383   6.47946   6.25674   7.06077   6.56779   6.08821   6.33871   1.21164   1.40402   1.20007   1.10844   1.22936   1.33051   1.18272   1.32043   1.31345   21.7789   21.7358   21.9085   22.408    21.7438   22.3845   22.1145   22.3253   
data[512       : 543       ]: 22.1855   14.9523   15.5449   15.5739   15.6872   15.1903   16.212    15.1701   15.6517   15.5432   20.4699   20.732    21.2988   20.6522   20.3771   21.8948   20.3273   20.9802   21.7162   10.9947   10.5098   11.4179   11.6457   12.0826   12.0807   11.403    11.5362   11.9455   4.09115   4.22487   4.02098   3.83009   
data[544       : 575       ]: 4.38493   4.01026   4.36702   4.84248   4.64539   46.1311   47.829    47.1429   46.9096   48.3422   47.7735   46.5535   48.9632   47.6517   11.5137   12.4173   12.2109   11.8498   12.7921   11.9964   12.233    13.0297   12.6632   0.583917  0.540377  0.578364  0.396482  0.536264  0.46801   0.471396  0.555082  0.560372  
data[576       : 607       ]: 9.45344   8.56765   9.35276   9.83376   9.41073   10.2256   9.46243   8.65914   9.5841    18.3057   18.3602   17.6788   18.0333   18.8543   17.8351   18.4267   19.568    18.5823   18.0503   16.3291   17.8257   18.7524   16.107    18.851    18.8316   17.0515   19.2471   1.59771   3.04859   1.75137   1.47479   2.97816   
data[608       : 639       ]: 1.6413    1.5446    2.81306   1.72076   12.5445   11.9787   12.2608   13.2624   12.746    13.3264   12.6946   12.6325   12.8247   1.6234    3.9053    1.70579   1.78659   4.27687   1.85438   1.75902   3.9063    1.76921   6.41507   6.11338   6.13175   6.76637   7.19261   6.3991    6.42476   6.52653   6.54374   1.22617   
data[640       : 671       ]: 1.19574   1.46392   1.19504   1.21837   1.34947   1.28167   1.28911   1.31539   20.1305   21.915    20.0476   20.474    22.8263   20.7594   21.27     22.9203   21.6843   12.7255   17.6171   12.6077   13.7581   18.3086   13.0451   13.3577   18.3768   12.9174   21.1065   19.4069   20.8066   21.9768   20.3652   21.9909   
data[672       : 703       ]: 22.2644   19.8349   22.0133   10.6961   11.5385   10.7519   11.3454   12.0918   11.2371   11.2585   12.3706   11.4752   4.41777   4.12882   4.51403   4.10779   3.78003   4.41079   4.48301   4.5374    4.68151   46.1825   46.2185   44.8821   46.7625   47.8978   46.5518   47.825    48.0596   47.7835   12.5362   10.2583   
data[704       : 735       ]: 13.0822   12.7875   10.7364   13.5308   13.2504   11.3997   13.4609   0.582354  0.250583  0.603375  0.712079  0.305472  0.673916  0.553429  0.24616   0.69236   0.323158  0.165704  0.0663888 0.365564  0.269505  0.0988215 0.424148  0.187803  0.0690044 0.674315  0.354189  0.253399  0.773513  0.355838  0.200118  0.594048  
data[736       : 767       ]: 0.376706  0.313617  0.768655  1.54584   0.436334  0.689658  1.45491   0.477263  0.706623  1.57874   0.606922  0.0830485 0.0600491 0.634828  0.0289855 0.0547977 0.479878  0.0432744 0.0408296 0.508551  0.539645  0.680761  0.23191   0.529731  0.559284  0.228562  0.529389  0.636187  0.211342  0.0488557 0.0724939 0.776094  
data[768       : 799       ]: 0.0119442 0.0221119 0.801882  0.030014  0.0479913 0.957961  0.287849  0.238162  0.29995   0.148053  0.282467  0.255802  0.305271  0.243903  0.273373  0.001924150.002270810.284616  0.003556290.0483991 0.291841  0.003639590.0077084 0.225196  0.841093  0.524601  0.600674  0.909698  0.352495  0.562196  0.977796  0.521136  
data[800       : 831       ]: 0.54607   0.493128  0.194281  1.54695   0.532627  0.210344  1.45609   0.47593   0.152409  1.39818   0.743521  1.43482   0.29642   0.956536  1.36987   0.279673  0.885309  1.32401   0.336285  0.508654  0.539059  0.384701  0.545642  0.443854  0.371437  0.333191  0.4778    0.394022  0.162902  0.0320866 0.158685  0.118315  
data[832       : 863       ]: 0.0181546 0.127902  0.134453  0.054026  0.120368  2.06644   0.819248  0.332646  2.01093   0.70822   0.332361  1.85236   0.828398  0.300919  0.36963   0.100214  0.0818612 0.515423  0.199607  0.125077  0.37381   0.0932543 0.120521  0.0130017 0.177732  0.0928724 -0.008050890.175489  0.0545622 0.004652310.222379  0.0474692 
data[864       : 895       ]: -4.12463  -4.18846  -4.23214  -5.16297  -3.62861  -4.76151  -4.81173  -4.67567  -4.79918  -9.31233  -10.0549  -9.46483  -9.82235  -9.28147  -9.41088  -9.93881  -9.87255  -10.1243  -8.60289  -8.99887  -8.79141  -8.73888  -8.48757  -8.94982  -8.38776  -8.712    -9.04885  -0.914196 -0.60286  -0.816277 -0.679627 -0.764982 
data[896       : 927       ]: -0.668928 -0.624821 -0.411995 -0.561424 -6.244    -6.85873  -6.66084  -6.21963  -6.37704  -6.80894  -6.25859  -6.2539   -6.29152  -0.831408 -0.652544 -0.659495 -0.68601  -0.737159 -0.459396 -0.924953 -0.558925 -0.576488 -3.46185  -3.05403  -3.09354  -2.91057  -3.15409  -2.90039  -3.92431  -3.22762  -3.91008  -0.484484 
data[928       : 959       ]: -0.275038 -0.284228 -0.814745 -0.392872 -0.413562 -0.50415  -0.274351 -0.256978 -11.4628  -11.7915  -10.9991  -10.8541  -11.3441  -10.9169  -11.4922  -12.1922  -11.7218  -6.67802  -8.00973  -7.47596  -7.63328  -7.50594  -7.16174  -7.03794  -7.98935  -7.27232  -10.1192  -10.4883  -10.6059  -9.74612  -9.68764  -10.3379  
data[960       : 991       ]: -10.3778  -10.9844  -11.142   -5.38125  -5.50433  -5.44025  -5.06743  -6.00617  -6.1567   -5.4681   -5.61264  -5.03295  -2.15134  -1.78798  -1.42995  -2.10371  -1.95163  -2.03504  -1.88473  -1.52868  -1.16485  -24.7151  -25.1895  -24.5804  -24.8306  -24.6038  -24.3573  -24.9156  -25.8478  -24.9183  -7.13708  -5.16117  
data[992       : 1023      ]: -5.60878  -7.12807  -4.8895   -5.83254  -7.06011  -5.26664  -5.90828  -0.188564 -0.0922844-0.250344 -0.209595 0.00612763-0.397297 -0.135306 -0.0547202-0.299087 -0.665395 -1.033    -0.79843  -0.413707 -0.811054 -0.704827 -0.470898 -1.18158  -0.771001 -1.21864  -1.43627  -1.64972  -1.83519  -1.26086  -1.54322  -1.58879  
data[1024      : 1055      ]: -1.38729  -1.80375  -1.34464  -1.18493  -1.25568  -1.58662  -1.66475  -1.48871  -1.70446  -1.24659  -1.89738  -0.567101 -0.0814137-0.345946 -0.58524  0.00352218-0.239803 -0.686542 0.00697663-0.206725 -1.22243  -0.809385 -1.4898   -1.00602  -0.992744 -1.24867  -1.35438  -0.729875 -1.05652  -0.927495 -0.0311058-0.472729 
data[1056      : 1087      ]: -1.23626  -0.0721676-0.715675 -1.05541  -0.0716256-0.471816 -0.734643 -0.407663 -0.778757 -0.641656 -0.618184 -0.725224 -0.678679 -0.541263 -0.882225 -0.333647 -0.201161 -0.159668 -0.398929 -0.359961 -0.102458 -0.356172 -0.196293 -0.169667 -1.70762  -1.55771  -1.34276  -2.05884  -1.53353  -2.22695  -2.09299  -1.49886  
data[1088      : 1119      ]: -2.04306  -2.6632   -0.377629 -2.03216  -2.58878  -0.370559 -1.67419  -2.85117  -0.483586 -1.77473  -1.29883  -1.84524  -1.84513  -1.24227  -1.56623  -1.42948  -1.50361  -1.68025  -2.1413   -0.931722 -1.0755   -1.14273  -0.975145 -0.704742 -1.12799  -1.00615  -0.495069 -0.70662  -0.193485 -0.561373 -0.28566  -0.274237 
data[1120      : 1151      ]: -0.679408 -0.240228 -0.294737 -0.616186 -0.254481 -3.56752  -3.52307  -3.70294  -3.59149  -3.58217  -3.76702  -3.86001  -4.3538   -4.46107  -0.612437 -1.57251  -0.968726 -0.572167 -1.70686  -0.829926 -0.422003 -1.47383  -1.19024  -0.0161797-0.079735 0.0198211 0.009127410.0260946 0.0201317 -0.00752956-0.0585225-0.00726836
Time 7365330 ns: producer080000008 finish sending data!
